847 
698 
283 
839 
845 
856 
849 
866 
791 
740 
740 
736 
736 
732 
734 
570 
740 
805 
883 
810 
602 
747 
736 
835 
732 
736 
738 
734 
843 
837 
740 
751 
837 
828 
860 
849 
812 
742 
747 
732 
747 
742 
734 
732 
797 
459 
5.33 
0.00
0.00
170 
864 
837 
782 
805 
747 
795 
761 
749 
732 
732 
753 
738 
734 
747 
485 
7.18 
107 
851 
835 
759 
721 
585 
726 
734 
732 
709 
736 
751 
740 
734 
734 
742 
734 
726 
289 
58.5 
252 
667 
860 
849 
732 
744 
734 
742 
742 
747 
730 
757 
724 
749 
477 
380 
711 
854 
841 
753 
738 
719 
740 
730 
742 
696 
744 
579 
841 
843 
835 
493 
736 
734 
736 
820 
864 
858 
828 
717 
816 
820 
732 
728 
864 
875 
858 
814 
199 
581 
845 
854 
843 
851 
843 
856 
552 
438 
780 
864 
835 
726 
744 
742 
724 
570 
370 
264 
841 
218 
365 
721 
717 
734 
738 
770 
560 
577 
591 
734 
734 
726 
738 
590 
1.51 
0.00
392 
763 
698 
707 
717 
732 
734 
730 
724 
736 
828 
772 
860 
732 
602 
224 
677 
728 
795 
805 
772 
747 
736 
738 
736 
738 
738 
744 
728 
744 
738 
730 
732 
847 
837 
856 
835 
851 
744 
814 
856 
822 
736 
749 
736 
784 
839 
803 
742 
742 
820 
753 
736 
753 
738 
589 
690 
742 
747 
742 
736 
719 
661 
663 
847 
862 
858 
845 
837 
858 
856 
856 
843 
860 
843 
856 
864 
839 
648 
575 
516 
549 
851 
755 
728 
726 
749 
732 
730 
826 
843 
854 
759 
744 
736 
740 
740 
744 
740 
742 
730 
730 
854 
835 
849 
849 
845 
845 
864 
843 
847 
851 
862 
837 
854 
872 
761 
843 
837 
835 
847 
707 
734 
757 
835 
843 
864 
843 
830 
730 
728 
747 
724 
740 
738 
753 
742 
730 
736 
744 
747 
742 
736 
738 
799 
864 
860 
839 
843 
854 
797 
740 
724 
742 
751 
738 
730 
803 
851 
854 
847 
734 
730 
742 
738 
732 
812 
866 
772 
726 
740 
744 
742 
807 
726 
740 
730 
744 
728 
736 
740 
736 
810 
862 
833 
830 
854 
851 
854 
845 
849 
862 
841 
851 
845 
847 
847 
858 
843 
789 
713 
734 
816 
856 
772 
747 
742 
742 
418 
1.51 
340 
751 
862 
843 
858 
835 
849 
843 
789 
39.3 
31.5 
654 
734 
839 
554 
4.40 
292 
822 
822 
833 
719 
730 
765 
835 
843 
885 
299 
197 
102 
0.00
0.00
161 
824 
732 
734 
728 
719 
765 
845 
833 
856 
845 
583 
860 
851 
851 
833 
851 
839 
837 
841 
849 
843 
810 
866 
505 
856 
780 
774 
740 
761 
463 
818 
866 
833 
849 
837 
858 
849 
847 
734 
688 
640 
612 
547 
845 
835 
845 
481 
424 
730 
732 
732 
744 
835 
841 
864 
856 
872 
854 
373 
348 
849 
830 
843 
851 
841 
858 
856 
837 
854 
841 
849 
845 
845 
635 
245 
724 
734 
835 
826 
734 
738 
740 
740 
747 
732 
740 
744 
747 
744 
732 
724 
153 
245 
581 
556 
736 
744 
736 
740 
770 
736 
724 
736 
740 
749 
736 
736 
732 
747 
738 
736 
724 
797 
866 
854 
837 
883 
837 
755 
373 
3.59 
0.00
0.00
380 
724 
726 
730 
747 
734 
744 
744 
734 
826 
849 
854 
849 
847 
849 
100 
31.5 
698 
730 
740 
732 
730 
728 
744 
747 
791 
814 
830 
734 
763 
849 
851 
866 
807 
742 
728 
744 
742 
740 
734 
730 
736 
738 
728 
751 
728 
742 
747 
726 
744 
753 
812 
847 
868 
851 
864 
849 
856 
868 
843 
839 
849 
839 