646 
707 
753 
715 
721 
730 
707 
759 
715 
721 
812 
736 
717 
715 
749 
747 
715 
721 
721 
835 
715 
707 
700 
709 
717 
721 
774 
719 
736 
705 
772 
726 
707 
724 
698 
765 
772 
709 
730 
717 
711 
791 
793 
703 
740 
713 
734 
700 
755 
772 
736 
772 
707 
736 
730 
732 
826 
711 
736 
715 
749 
724 
703 
732 
818 
730 
707 
768 
719 
719 
782 
770 
782 
724 
713 
711 
715 
744 
724 
751 
700 
713 
728 
772 
751 
713 
717 
707 
751 
719 
744 
744 
784 
709 
742 
755 
732 
709 
736 
703 
713 
700 
717 
709 
742 
732 
736 
726 
715 
707 
791 
707 
730 
747 
751 
730 
715 
709 
705 
711 
742 
719 
747 
749 
730 
719 
711 
724 
717 
711 
726 
717 
717 
721 
732 
728 
765 
793 
757 
726 
724 
738 
759 
709 
709 
707 
724 
765 
761 
707 
703 
818 
732 
717 
717 
789 
738 
713 
711 
713 
755 
728 
736 
757 
786 
782 
705 
730 
721 
824 
755 
719 
709 
726 
724 
713 
761 
772 
732 
791 
833 
721 
719 
703 
789 
776 
728 
713 
724 
755 
721 
711 
707 
726 
759 
713 
715 
726 
711 
724 
715 
711 
740 
770 
782 
719 
744 
797 
711 
721 
734 
707 
742 
753 
751 
719 
719 
728 
717 
736 
703 
730 
728 
719 
721 
721 
711 
726 
719 
761 
738 
709 
711 
730 
747 
715 
705 
744 
742 
736 
801 
763 
776 
734 
726 
711 
774 
730 
736 
715 
721 
719 
744 
719 
721 
711 
768 
837 
738 
744 
732 
703 
728 
732 
738 
717 
713 
772 
747 
711 
732 
742 
801 
709 
713 
707 
713 
736 
717 
820 
816 
734 
724 
768 
700 
715 
738 
797 
793 
711 
709 
717 
782 
726 
717 
759 
709 
721 
734 
719 
728 
780 
803 
734 
721 
751 
751 
765 
698 
713 
721 
713 
707 
715 
763 
763 
759 
742 
713 
778 
715 
709 
747 
719 
709 
726 
715 
728 
724 
715 
703 
753 
755 
814 
774 
717 
707 
726 
724 
753 
784 
721 
721 
715 
711 
711 
717 
717 
713 
717 
759 
698 
713 
707 
768 
715 
742 
740 
799 
738 
726 
717 
810 
780 
707 
738 
717 
707 
728 
805 
795 
719 
717 
715 
719 
761 
707 
732 
717 
730 
778 
732 
824 
778 
742 
742 
703 
707 
717 
711 
713 
709 
711 
730 
776 
730 
730 
784 
717 
711 
711 
732 
709 
711 
742 
719 
719 
782 
707 
719 
598 
726 
719 
721 
744 
713 
759 
755 
717 
703 
744 
755 
713 
713 
780 
726 
719 
707 
726 
732 
713 
719 
772 
845 
818 
692 
724 
721 
698 
709 
721 
717 
719 
709 
721 
707 
726 
715 
709 
728 
717 
742 
713 
715 
719 
740 
736 
734 
793 
721 
717 
730 
717 
730 
747 
707 
782 
812 
707 
709 
713 
696 
732 
726 
778 
734 
728 
761 
736 
770 
765 
711 
755 
698 
724 
755 
728 
724 
749 
711 
711 
774 
795 
751 
728 
719 
717 
717 
789 
721 
709 
774 
822 
724 
721 
713 
728 
786 
721 
717 
709 
715 
711 
715 
724 
791 
728 
715 
751 
728 
824 
841 
824 
715 
711 
751 
755 
742 
717 
812 
849 
715 
726 
724 
742 
719 
715 
740 
717 
740 
742 
719 
711 
728 
791 
711 
717 
742 
717 
715 
713 
845 
730 
724 
711 
734 
732 
715 
724 
740 
724 
749 
726 
705 
703 
726 
740 
726 
698 
713 
761 
740 
755 
713 
717 
726 
715 
715 
724 
730 
719 
768 
747 
818 
740 
698 
721 
721 
747 
713 
724 
715 
713 
759 
799 
717 
730 
698 
638 
730 
703 
728 
797 
799 
703 
703 
730 
749 
724 
738 
724 
709 
715 
740 
700 
717 
761 
833 
793 
765 
805 
757 
721 
778 
713 
732 
719 
726 
715 
721 
724 
709 
711 
728 
728 
721 
713 
724 
713 
782 
744 
719 
765 
814 
830 
719 
776 
728 
728 
724 
721 
719 
721 
719 
742 
717 
717 
717 
799 
753 
719 
728 
730 
717 
717 
740 
810 
724 
795 
805 
728 
711 
721 
744 
724 
776 
826 
738 
713 
786 
791 
726 
728 
797 
759 
793 
724 
738 
732 
747 
768 
772 
805 
801 
833 
726 
724 
700 
732 
728 