322.16
272.64
296.83
248.82
320.74
332.91
250.36
288.38
330.60
282.56
310.81
295.89
324.76
325.31
279.79
290.65
286.58
324.46
317.91
274.53
326.96
307.11
314.46
273.86
272.29
291.42
293.88
308.44
308.08
312.83
322.28
293.56
266.57
321.35
329.43
303.86
304.52
311.38
301.13
302.69
263.16
302.83
290.33
311.12
315.27
260.25
299.66
283.25
304.21
310.77
328.95
286.89
324.73
323.11
313.38
294.82
316.41
321.51
319.24
307.46
333.45
317.49
267.56
293.60
321.43
295.12
272.80
261.43
311.44
312.16
316.33
302.31
327.17
305.09
280.54
259.94
268.77
287.69
293.93
320.59
292.38
304.20
317.98
303.99
294.50
264.58
274.65
311.29
271.91
284.17
262.60
284.48
292.66
306.23
292.25
298.64
328.71
296.46
318.78
316.37
292.94
307.86
313.89
302.55
275.09
333.69
310.37
302.73
279.18
310.89
305.65
303.21
334.82
322.30
332.79
260.77
317.92
293.27
266.07
293.14
295.14
318.10
300.71
311.43
312.12
330.75
285.88
292.12
289.56
269.25
303.29
283.24
317.13
267.14
323.81
325.63
301.28
312.70
317.96
325.57
322.83
270.39
314.46
308.69
326.73
297.33
290.96
268.90
301.81
284.66
313.55
281.95
321.04
328.96
304.37
321.53
277.99
311.60
310.07
267.55
276.98
321.85
280.50
318.15
290.04
313.12
294.13
257.35
291.14
299.41
265.97
301.31
276.97
319.29
301.01
329.96
305.30
287.39
329.51
320.45
322.17
320.76
293.12
303.92
299.13
312.96
243.09
328.81
310.82
279.31
330.44
271.08
307.47
266.76
304.96
304.12
252.67
289.16
313.51
263.42
