366.08
310.05
337.37
305.22
360.97
365.15
281.97
315.67
363.22
340.85
348.10
321.27
350.65
364.33
306.13
304.44
309.77
366.35
340.48
321.42
342.60
338.55
354.26
313.88
302.54
309.06
315.72
333.26
324.39
349.54
352.39
334.63
308.63
358.40
359.44
334.23
339.88
330.65
333.85
361.94
308.62
338.02
296.46
344.42
348.06
284.85
329.96
316.17
348.29
344.04
365.51
303.07
356.64
347.98
345.45
335.05
346.82
365.63
366.04
337.12
364.35
309.90
285.81
325.89
356.54
327.31
308.08
279.36
351.02
332.23
360.55
330.52
365.08
334.36
308.15
290.39
269.63
324.35
313.90
353.71
339.25
334.18
365.72
362.33
340.93
294.83
308.18
333.18
308.26
317.56
292.95
323.94
329.74
331.00
304.54
325.22
316.91
347.74
354.01
364.32
332.26
354.84
361.57
337.25
289.09
353.84
350.35
338.04
298.89
342.29
335.02
344.67
365.09
359.39
366.93
302.11
350.97
314.72
277.55
334.55
340.37
360.19
334.85
335.02
357.90
361.14
314.74
317.31
320.04
304.65
344.79
308.48
334.85
300.15
364.69
363.44
344.68
333.53
351.25
354.40
353.23
292.84
347.18
325.15
365.29
323.57
320.71
304.47
334.53
317.04
333.13
312.58
357.49
364.62
363.73
358.74
329.63
349.09
348.23
287.51
330.64
358.49
323.88
336.18
341.62
350.46
341.48
277.16
333.08
324.40
290.78
324.65
306.91
355.41
333.48
358.88
360.59
313.14
361.32
356.54
364.08
357.89
311.35
335.27
336.76
350.03
260.63
362.22
360.21
314.63
361.23
329.89
334.17
300.10
349.02
350.43
287.67
315.41
344.81
297.73
