302.25
281.28
287.63
254.45
297.54
306.67
258.71
259.76
302.28
294.39
300.36
282.00
287.35
300.07
255.51
253.66
272.27
302.23
287.42
280.97
291.76
282.11
293.91
284.11
270.80
265.09
264.36
278.30
267.10
293.72
295.29
290.97
279.22
297.87
298.33
287.14
289.35
281.71
287.88
299.93
275.78
282.79
269.45
285.29
295.15
254.23
283.10
286.15
300.59
295.68
302.22
268.02
291.93
291.21
294.80
288.46
294.17
303.39
303.30
281.91
300.41
290.16
252.87
291.89
293.74
280.99
276.15
246.96
290.95
285.02
296.25
283.76
302.17
287.64
273.71
263.00
250.40
289.55
265.20
296.60
286.53
284.03
298.55
299.58
291.57
264.45
265.01
292.46
259.86
276.74
266.77
279.83
285.19
287.20
258.83
276.47
280.52
287.64
294.78
290.33
293.21
292.19
302.06
283.61
260.39
289.69
294.70
280.88
255.48
277.82
280.40
292.26
303.99
296.89
311.43
280.71
299.37
279.83
255.69
284.15
293.74
298.00
292.98
277.72
299.33
297.75
281.82
283.90
284.09
270.24
277.88
271.36
282.44
263.58
296.63
295.23
292.14
284.32
290.63
288.42
292.44
266.67
292.16
279.28
306.59
282.05
281.36
271.33
273.30
297.37
292.44
269.88
301.42
303.80
286.61
298.57
280.38
286.16
290.47
260.98
275.61
291.27
286.12
276.64
293.24
289.27
280.97
246.91
290.30
274.22
257.10
277.09
267.96
296.48
282.97
296.24
288.45
277.31
301.08
298.41
300.04
298.52
261.63
285.00
282.66
302.13
251.77
300.95
297.77
282.75
302.50
282.96
281.91
267.10
295.28
298.07
253.04
269.19
284.35
268.83
