260.50
252.38
248.79
235.33
255.19
262.67
229.82
226.06
261.26
248.29
256.68
248.52
254.89
258.43
229.01
223.33
241.70
264.26
252.29
237.77
260.01
255.35
256.05
248.89
226.68
226.09
211.65
242.26
234.38
260.21
255.34
246.08
227.26
261.05
254.48
249.20
261.13
240.57
240.83
253.71
247.23
236.30
221.23
259.21
249.38
228.79
264.45
264.76
255.09
259.81
257.37
232.84
255.17
250.30
248.85
257.18
257.83
261.75
258.24
231.72
257.83
262.92
213.62
243.57
247.92
230.48
242.96
217.26
256.01
249.84
257.52
244.12
260.18
249.47
249.16
222.33
214.57
255.25
230.49
254.52
254.45
244.60
259.68
255.23
260.66
230.50
232.14
248.40
230.47
247.92
236.81
251.27
237.34
258.78
223.34
238.68
248.18
255.87
258.33
262.06
250.53
248.79
265.66
248.17
225.35
260.18
250.70
237.04
241.92
243.99
249.38
254.23
254.55
260.72
260.57
240.69
262.31
233.25
211.41
245.60
248.25
256.35
256.04
230.65
252.92
253.11
247.32
240.41
237.04
235.56
244.58
229.58
234.86
262.59
255.89
264.65
261.50
242.78
248.34
250.95
248.70
244.13
248.41
239.30
257.30
238.04
234.74
234.29
245.89
243.30
243.21
231.46
257.63
259.33
261.65
253.94
246.21
249.50
249.15
213.27
238.95
265.02
252.84
255.54
247.47
254.08
248.93
225.94
260.03
236.71
239.29
241.05
225.51
250.94
245.10
255.16
259.79
250.46
260.94
260.52
260.76
259.13
218.30
244.83
261.42
260.41
222.34
260.91
263.16
259.84
254.67
242.51
245.37
233.10
254.10
261.79
219.62
226.42
256.73
245.98
