292.67
277.62
284.74
261.85
292.99
298.80
262.33
275.27
303.73
282.98
289.13
285.05
285.52
298.18
266.47
263.87
292.86
298.86
285.30
276.51
297.88
294.13
292.78
294.42
277.49
276.22
260.51
281.85
262.19
292.23
292.49
301.61
270.00
294.78
293.50
293.44
285.74
288.34
290.60
300.91
259.37
286.50
274.58
297.53
281.63
262.14
286.14
283.23
297.37
291.25
309.67
275.63
298.07
283.83
302.36
293.15
295.49
299.92
294.70
279.64
301.40
281.88
249.02
294.74
295.00
288.50
273.27
244.41
298.36
286.55
292.15
294.21
297.38
289.89
278.96
274.61
256.48
285.32
254.90
297.09
283.14
286.97
295.65
286.44
282.14
264.80
268.43
298.79
267.62
284.09
263.17
282.04
285.28
281.16
249.70
293.76
282.17
290.47
297.84
299.69
282.95
291.07
296.79
296.74
265.97
296.08
300.90
277.95
260.25
279.18
283.07
301.46
297.10
291.27
305.58
277.06
292.56
282.12
249.69
277.24
299.29
293.69
294.65
281.61
299.50
296.75
288.50
280.55
273.04
265.78
282.12
279.85
279.46
264.21
288.75
304.03
288.28
283.02
285.93
290.52
296.94
271.88
292.75
278.64
294.46
275.15
278.64
269.06
259.27
279.06
293.13
269.56
302.30
297.68
288.53
295.07
285.51
298.53
288.09
270.08
282.82
295.24
278.10
275.50
297.71
286.99
280.49
251.73
293.98
273.29
262.82
282.25
258.33
294.84
287.98
298.37
293.19
283.71
297.17
300.60
295.92
300.63
259.89
283.99
286.93
306.47
230.05
287.96
295.17
294.33
299.05
294.68
287.48
258.67
295.14
298.50
274.63
277.65
287.41
279.53
