421.71
418.46
421.54
389.03
421.54
421.54
394.85
399.61
422.14
421.17
421.91
419.84
417.43
421.60
396.53
343.93
421.77
420.46
416.50
389.46
418.66
419.55
417.62
420.80
380.35
414.16
325.39
417.30
415.61
420.60
421.85
421.70
397.99
421.59
418.98
405.43
421.20
415.87
411.11
414.85
412.43
348.41
362.83
421.65
419.53
383.86
416.56
422.42
421.25
421.91
421.26
412.36
420.89
388.38
421.43
421.89
422.00
421.25
421.32
374.05
420.70
421.12
378.62
418.89
411.53
406.45
422.14
368.78
416.07
415.57
418.28
420.32
419.82
409.71
419.63
372.92
389.90
421.54
335.26
419.93
421.60
418.00
419.82
417.25
419.35
388.26
395.50
422.14
403.84
415.77
415.03
415.73
414.35
421.17
381.46
415.25
406.97
418.43
422.26
416.37
420.00
417.98
421.17
418.06
379.71
422.31
421.54
399.93
415.32
411.97
420.29
421.82
420.63
422.06
420.79
421.91
422.16
404.85
386.58
382.02
421.17
419.35
418.18
405.81
420.65
420.10
416.69
417.22
398.83
410.94
398.03
388.65
416.47
421.03
421.08
419.39
421.69
413.49
415.35
416.12
417.71
419.76
421.82
366.74
421.00
419.13
398.56
394.11
387.12
421.74
414.09
408.84
420.97
420.97
421.60
422.26
414.97
416.46
417.02
348.71
381.28
421.43
420.08
419.32
421.69
394.29
408.53
404.30
421.20
406.32
381.91
418.03
402.07
416.39
414.71
422.26
418.80
398.19
422.14
421.69
420.89
416.09
326.54
414.91
422.14
421.54
373.01
421.32
422.38
421.64
422.27
421.59
409.39
402.52
420.17
420.68
357.08
380.70
422.27
392.25
