50.0
30.0
40.0
40.0
50.0
40.0
40.0
40.0
40.0
40.0
40.0
33.3333333333
38.360230009
30.0
40.0
39.9597165181
33.7763012182
25.3343108504
30.0
22.1009244423
9.12028452154
30.0
40.0
40.0
50.0
50.0
30.0
40.0
40.0
40.0
40.0
40.0
30.0
40.0
40.0
40.0
40.0
30.0
40.0
30.0
30.0
40.0
30.0
30.0
40.0
30.0
30.0
30.0
40.0
40.0
40.0
30.0
40.0
39.0838628268
30.0
40.0
40.0
40.0
34.6567694783
27.0280065898
29.1198171618
30.0
29.9685413093
30.0
30.0
39.94280009
30.0
40.0
39.9986314727
40.0
39.710071843
34.2133467693
11.3165228174
39.5196251058
30.0
40.0
30.0
30.0
30.0
40.0
30.0
40.0
29.9969471193
33.1121088966
40.0
38.7530529172
40.0
39.7284323875
40.0
40.0
30.0
39.9935933029
30.0
40.0
30.0
30.0
40.0
30.0
40.0
40.0
33.0107650282
0.0
30.0
30.0
40.0
40.0
40.0
39.5904090788
40.0
29.5100178397
40.0
29.9844044482
40.0
40.0
40.0
40.0
30.0
32.2222620898
4.01666096344
21.2421567816
30.0
39.9466692383
29.9820234105
40.0
40.0
30.0
40.0
30.0
39.6504695662
30.0
40.0
40.0
40.0
50.0
40.0
50.0
40.0
50.0
50.0
50.0
49.0537084399
38.9672447013
36.7580280416
29.0256819023
39.0541175555
40.0
40.0
30.0
40.0
30.0
39.1147104547
40.0
40.0
30.0
40.0
30.0
40.0
40.0
40.0
30.0
40.0
40.0
30.0
40.0
40.0
30.0
40.0
40.0
40.0
29.9627902593
40.0
40.0
40.0
50.0
40.0
40.0
50.0
40.0
30.0
40.0
40.0
40.0
40.0
40.0
40.0
40.0
40.0
50.0
40.0
50.0
40.0
30.0
40.0
40.0
40.0
40.0
40.0
40.0
40.0
40.0
38.6378062347
40.0
40.0
40.0
40.0
40.0
40.0
40.0
40.0
40.0
40.0
40.0
38.4555354806
26.9187350172
40.0
48.7046089385
50.0
50.0
40.0
37.7936604243
30.0
40.0
40.0
40.0
50.0
40.0
40.0
40.0
32.2289397689
30.0
40.0
38.4645918866
39.7254014176
40.0
40.0
39.8169983664
40.0
40.0
40.0
39.2837860349
50.0
48.0161361941
32.1921567003
13.121570427
39.095890411
40.0
40.0
50.0
40.0
50.0
50.0
50.0
40.0
40.0
40.0
50.0
50.0
50.0
47.0406278855
30.0
40.0
40.0
40.0
40.0
40.0
40.0
39.5947906724
40.0
40.0
40.0
39.3626578199
40.0
40.0
40.0
40.0
36.3157862171
40.0
48.7093425606
50.0
50.0
40.0
40.0
40.0
49.0660892704
50.0
50.0
49.4194556351
50.0
50.0
50.0
50.0
50.0
50.0
50.0
50.0
50.0
50.0
50.0
50.0
50.0
