1.0
1.0
1.0
1.0
1.0
1.0
1.0
1.0
1.0
1.0
0.666666666667
0.959005750225
1.0
1.0
0.998992912952
0.844407530454
0.844477028348
1.0
0.736697481412
0.228007113038
1.0
1.0
1.0
1.0
1.0
1.0
1.0
1.0
1.0
1.0
1.0
1.0
1.0
1.0
1.0
1.0
1.0
1.0
1.0
1.0
1.0
1.0
1.0
1.0
1.0
1.0
1.0
1.0
1.0
1.0
1.0
1.0
0.977096570671
1.0
1.0
1.0
1.0
0.866419236957
0.900933552993
0.970660572061
1.0
0.998951376977
1.0
1.0
0.99857000225
1.0
1.0
0.999965786817
1.0
0.992751796075
0.855333669233
0.282913070435
0.987990627645
1.0
1.0
1.0
1.0
1.0
1.0
1.0
1.0
0.999898237311
0.827802722414
1.0
0.968826322931
1.0
0.993210809688
1.0
1.0
1.0
0.999839832574
1.0
1.0
1.0
1.0
1.0
1.0
1.0
1.0
0.825269125706
0.0
1.0
1.0
1.0
1.0
1.0
0.98976022697
1.0
0.983667261325
1.0
0.999480148274
1.0
1.0
1.0
1.0
1.0
0.805556552246
0.100416524086
0.708071892719
1.0
0.998666730957
0.999400780351
1.0
1.0
1.0
1.0
1.0
0.991261739155
1.0
1.0
1.0
1.0
1.0
1.0
1.0
1.0
1.0
1.0
1.0
0.981074168798
0.974181117534
0.91895070104
0.967522730075
0.976352938889
1.0
1.0
1.0
1.0
1.0
0.977867761366
1.0
1.0
1.0
1.0
1.0
1.0
1.0
1.0
1.0
1.0
1.0
1.0
1.0
1.0
1.0
1.0
1.0
1.0
0.99875967531
1.0
1.0
1.0
1.0
1.0
1.0
1.0
1.0
1.0
1.0
1.0
1.0
1.0
1.0
1.0
1.0
1.0
1.0
1.0
1.0
1.0
1.0
1.0
1.0
1.0
1.0
1.0
1.0
1.0
1.0
0.965945155868
1.0
1.0
1.0
1.0
1.0
1.0
1.0
1.0
1.0
1.0
1.0
0.961388387014
0.67296837543
1.0
0.974092178771
1.0
1.0
1.0
0.944841510608
1.0
1.0
1.0
1.0
1.0
1.0
1.0
1.0
0.805723494223
1.0
1.0
0.961614797165
0.993135035439
1.0
1.0
0.99542495916
1.0
1.0
1.0
0.982094650873
1.0
0.960322723882
0.804803917509
0.4373856809
0.977397260274
1.0
1.0
1.0
1.0
1.0
1.0
1.0
1.0
1.0
1.0
1.0
1.0
1.0
0.94081255771
1.0
1.0
1.0
1.0
1.0
1.0
1.0
0.989869766811
1.0
1.0
1.0
0.984066445497
1.0
1.0
1.0
1.0
0.907894655427
1.0
0.974186851211
1.0
1.0
1.0
1.0
1.0
0.981321785407
1.0
1.0
0.988389112701
1.0
1.0
1.0
1.0
1.0
1.0
1.0
1.0
1.0
1.0
1.0
1.0
1.0
0.0
