1.10 
7.93 
13.8 
5.80 
10.3 
10.0 
6.69 
8.21 
2.75 
11.2 
5.29 
11.7 
11.5 
5.39 
11.6 
196
17.6 
9.91 
9.96 
9.39 
801
1.98 
5.07 
7.24 
513
3.24 
3.40 
1131 
116
2.99 
4.19 
426
3.29 
7.15 
3.14 
7.22 
1036 
24.6 
1145 
130
2.41 
8.66 
3.89 
5.46 
7.57 
406
4.35 
1.50 
16.7 
5.31 
514
74.2 
0.716
2.94 
608
1.63 
2.06 
3.00 
130
1.14 
5.28 
11.2 
5.00 
7.27 
8.59 
4.00 
3.93 
4.87 
5.26 
11.0 
8.25 
10.8 
12.7 
97.8 
15.5 
255
4.76 
5.97 
5.33 
8.56 
4.08 
10.6 
25.5 
27.7 
11.6 
4.66 
4.70 
31.3 
4.70 
2.44 
5.78 
2.01 
5.51 
130
22.7 
5.64 
5.33 
8.15 
9.58 
8.40 
7.29 
11.6 
2.14 
12.5 
8.18 
12.4 
8.19 
6.03 
11.6 
8.02 
4.66 
14.9 
9.77 
7.66 
7.85 
36.6 
9.32 
147
5.16 
17.9 
7.11 
8.60 
10.8 
2.82 
13.3 
7.38 
7.93 
11.6 
5.05 
8.35 
9.96 
11.5 
7.57 
272
7.16 
8.99 
14.0 
10.7 
11.9 
9.71 
11.8 
6.46 
10.7 
227
5.01 
9.39 
15.1 
7.77 
11.9 
9.78 
5.61 
230
10.5 
6.36 
7.32 
7.89 
12.0 
9.67 
10.4 
7.53 
32.6 
11.2 
8.33 
6.58 
16.8 
10.3 
7.77 
9.05 
6.06 
12.7 
7.00 
9.32 
10.0 
1695 
688
5.23 
4.55 
5.49 
7.62 
8.77 
10.2 
10.5 
17.1 
288
7.90 
10.3 
5.83 
10.1 
10.0 
10.2 
6.71 
7.93 
10.2 
2.97 
8.97 
10.5 
11.7 
8.85 
10.3 
11.0 
9.60 
9.90 
6.39 
8.55 
8.75 
10.5 
9.38 
10.3 
7.97 
8.88 
8.50 
5.23 
12.1 
6.51 
4.15 
8.89 
6.92 
18.5 
6.92 
5.74 
6.16 
15.7 
11.1 
5.24 
8.39 
6.74 
11.3 
6.19 
73.8 
6.73 
4.96 
12.8 
3.78 
10.1 
5.32 
1063 
39.5 
6.95 
7.70 
7.94 
7.81 
4.73 
7.02 
12.1 
8.65 
7.14 
8.78 
5.75 
4.59 
9.39 
5.32 
4.54 
10.0 
7.09 
5.24 
11.9 
8.01 
11.0 
14.2 
895
4.29 
5.73 
8.05 
6.13 
13.3 
121
9.78 
887
18.4 
5.93 
5.31 
8.22 
12.9 
432
1518 
496
9.26 
7.83 
10.3 
6.77 
7.34 
30.3 
7.25 
4.08 
6.36 
5.44 
7.02 
7.19 
4.85 
9.05 
5.88 
7.59 
8.18 
9.27 
10.9 
5.53 
10.0 
8.97 
12.9 
242
4.20 
9.67 
8.99 
11.2 
9.18 
301
11.3 
6.58 
6.05 
10.0 
5.64 
9.10 
9.31 
21.3 
6.24 
4.57 
11.5 
9.25 
11.5 
15.4 
9.93 
12.4 
25.5 
13.5 
5.18 
5.98 
10.8 
10.6 
11.5 
6.17 
9.17 
13.1 
8.64 
9.98 
8.23 
11.0 
1254 
228
8.02 
11.5 
10.7 
8.93 
7.97 
7.20 
7.22 
476
13.1 
9.01 
9.73 
10.6 
13.2 
9.34 
7.52 
11.6 
10.1 
10.8 
6.78 
12.8 
11.4 
8.92 
8.26 
6.97 
13.4 
8.04 
7.71 
7.42 
6.69 
12.9 
7.18 
7.54 
9.33 
10.3 
8.38 
11.2 
6.79 
9.60 
7.21 
8.15 
5.71 
11.0 
9.10 
9.95 
9.65 
9.17 
4.64 
8.84 
7.73 
4.28 
10.0 
11.6 
11.9 
3.64 
11.4 
11.1 
8.12 
4.23 
7.31 
7.66 
8.11 
8.57 
7.25 
7.38 
7.60 
9.65 
10.3 
11.9 
5.19 
7.76 
0.967
0.742
0.813
6.84 
10.0 
5.77 
10.9 
5.46 
9.42 
10.6 
11.2 
11.7 
11.0 
9.57 
12.7 
4.43 
9.88 
8.42 
8.79 
11.4 
6.08 
9.80 
10.7 
9.21 
11.8 
10.0 
7.67 
8.94 
2.76 
9.75 
9.16 
8.95 
7.23 
10.2 
8.96 
10.7 
7.47 
10.2 
7.55 
11.9 
14.0 
10.8 
11.0 
12.2 
11.5 
8.94 
7.13 
6.30 
6.74 
7.77 
5.73 
6.62 
7.09 
12.0 
10.0 
6.42 
9.37 
11.7 
6.75 
8.90 
14.3 
7.11 
10.1 
11.9 
10.0 
11.6 
10.7 
5.99 
4.99 
10.4 
7.67 
5.69 
5.88 
11.8 
7.66 
6.07 
11.8 
13.5 
10.2 
9.30 
7.21 
10.3 
14.9 
12.2 