0.99
9.73
8.68
6.61
4.14
10.8
9.79
16.4
13.0
8.28
4.14
3.93
4.72
12.9
453 
515 
8.39
206 
233 
815 
2.56
3.59
2.88
3.01
6.25
2576
1544
520 
5.58
3.77
5.99
9.76
4.93
9.41
1.05
365 
5.06
3.33
50.7
541 
2829
1798
774 
2.38
77.3
1.91
326 
69.6
9.01
9.27
12.1
7.07
284 
529 
1121
111 
4.01
1.85
2.84
4.57
7.61
7.63
10.1
6.23
7.30
2260
1251
227 
7.31
3.75
2.11
3.79
6.78
296 
3.98
1.43
4.87
5.51
4.98
4.42
5.52
436 
5.93
3.07
2.37
2.55
634 
16.4
1.54
10.0
6.88
13.9
33.8
6.32
16.2
6.84
567 
5.64
8.44
11.2
18.9
11.0
14.2
7.58
21.3
381 
2.60
888 
3.27
9.06
434 
1.68
3.29
3.88
10.2
1.14
3.70
415 
5.96
8.00
3.70
10.7
12.5
14.2
10.5
718 
6.04
11.1
16.8
7.52
4.52
9.64
9.85
6.77
4.22
6.11
4119
3104
2080
1056
32.7
462 
2.20
3.45
5.21
2.66
630 
3.57
1989
977 
5.19
1.67
3.77
4.71
7.37
6.23
8.71
420 
5.36
4.14
6.19
6.56
4.33
1.93
6.14
9.90
12.2
9.17
10.3
13.0
11.8
7.64
8.77
4.76
8.68
7.98
32.5
7.35
4.88
7.24
10.8
5.07
5.13
10.3
1509
506 
2.30
7.17
4.31
11.0
8.99
9.52
5.94
13.5
12.9
8.95
9.28
31.9
15.0
9.16
11.3
11.1
7.23
12.0
11.7
7.62
8.28
10.6
1.64
52.0
138 
8.23
1.56
4.44
5.90
31.0
550 
31.4
5.65
12.1
10.7
558 
4.69
5.65
3.41
4.02
7.76
8.03
10.8
1785
758 
10.2
6.81
8.96
6.18
6.70
7.75
11.5
1208
202 
3.45
5.69
8.35
167 
9.21
6.65
10.8
21.5
4.16
13.1
8.46
9.68
10.6
9.01
11.0
12.2
29.2
253 
1.94
4.28
4.12
10.1
0.92
7.77
4.94
6.59
8.31
4.05
14.0
12.3
15.3
10.3
8.36
9.79
11.2
6.84
13.2
5.69
3.48
317 
8.32
5.31
13.1
9.51
10.0
12.9
9.77
10.3
11.0
10.5
12.9
13.1
336 
8.83
4.15
4.95
4.67
6.28
6.74
8.76
8.90
8.34
7.33
8.69
11.3
11.1
8.00
544 
4.56
7.50
7.57
4.45
9.59
8.90
49.9
332 
312 
30.5
3.95
4.27
4.45
5.78
8.20
6.70
4.42
8.39
407 
10.7
6.43
10.8
3.59
7.02
10.3
6.67