12.7 
9.48 
15.4 
6.14 
10.2 
9.64 
32.6 
8.94 
4.84 
7.75 
7.71 
11.7 
8.77 
6.08 
22.6 
15.5 
12.6 
12.1 
9.35 
16.8 
11.8 
19.9 
13.8 
8.66 
13.2 
5.36 
8.82 
4.74 
12.8 
10.9 
14.2 
26.8 
8.71 
9.75 
5.27 
12.1 
10.2 
6.29 
8.91 
7.84 
10.5 
8.69 
9.90 
10.3 
9.67 
11.4 
9.10 
8.40 
8.88 
15.9 
10.1 
14.0 
10.5 
8.58 
9.87 
10.8 
9.57 
6.85 
10.6 
12.5 
6.36 
9.65 
12.3 
11.3 
8.48 
9.65 
13.2 
9.66 
9.95 
13.3 
13.5 
18.4 
15.9 
5.29 
6.16 
9.75 
6.23 
13.8 
8.34 
4.29 
10.1 
11.8 
7.77 
10.7 
8.47 
7.72 
5.63 
6.29 
9.38 
8.87 
3.35 
11.9 
86.3 
15.1 
15.6 
13.2 
6.89 
11.6 
9.25 
10.6 
13.5 
6.46 
4.56 
11.1 
10.2 
8.63 
9.08 
10.2 
3.45 
11.4 
5.86 
4.68 
7.06 
10.7 
12.6 
15.2 
13.2 
8.46 
8.51 
9.09 
7.49 
15.0 
17.9 
8.66 
13.6 
5.50 
13.8 
12.4 
6.11 
13.2 
23.1 
13.3 
8.04 
9.65 
7.00 
11.8 
10.0 
12.1 
7.06 
11.7 
9.77 
4.17 
12.2 
10.6 
10.5 
9.91 
12.6 
12.4 
11.7 
11.7 
4.30 
10.4 
10.5 
9.41 
12.8 
8.84 
7.93 
7.22 
7.65 
8.48 
12.5 
11.8 
8.47 
10.2 
6.67 
9.55 
8.33 
11.1 
6.62 
10.3 
9.07 
10.9 
19.2 
7.28 
8.90 
5.51 
15.0 
4.29 
42.3 
8.21 
12.9 
9.40 
11.4 
7.71 
8.51 
12.8 
11.1 
14.9 
7.71 
10.1 
7.53 
11.1 
7.17 
15.9 
11.0 
12.6 
14.0 
7.80 
12.3 
11.4 
10.7 
8.96 
8.51 
12.7 
7.57 
14.0 
13.0 
6.09 
7.58 
11.1 
8.23 
12.5 
12.5 
7.60 
9.87 
15.4 
11.7 
15.8 
10.5 
13.6 
20.6 
17.2 
8.89 
7.94 
9.69 
9.46 
9.02 
13.1 
14.6 
13.1 
14.3 
8.97 
9.51 
8.16 
8.98 
10.7 
5.59 
3.19 
4.50 
13.8 
10.5 
2.51 
9.96 
3.61 
14.7 
7.22 
3.94 
10.5 
9.87 
5.80 
14.1 
8.30 
13.6 
8.88 
10.7 
14.2 
15.2 
11.2 
11.9 
11.3 
11.9 
8.89 
11.4 
13.5 
12.3 
8.08 
16.1 
12.8 
8.96 
10.2 
10.0 
10.7 
8.84 
12.0 
12.3 
11.8 
9.23 
9.34 
7.76 
11.1 
10.0 
9.46 
7.60 
11.9 
4.21 
14.1 
7.31 
13.0 
11.6 
8.47 
5.44 
9.69 
11.2 
15.5 
11.5 
81.1 
7.98 
10.4 
8.69 
9.43 
6.98 
9.96 
10.7 
13.4 
19.0 
14.6 
8.41 
8.97 
7.68 
7.44 
14.8 
10.7 
11.7 
9.79 
11.8 
12.1 
11.8 
13.0 
13.5 
11.8 
6.29 
8.56 
35.2 
9.27 
14.4 
10.4 
9.58 
11.8 
8.70 
10.8 
10.4 
7.66 
6.34 
10.2 
3.02 
15.3 
4.26 
13.1 
15.2 
11.0 
12.6 
10.2 
11.8 
7.26 
11.1 
13.3 
15.1 
7.59 
11.3 
0.574
0.713
0.755
0.721
0.692
0.713
0.663
0.736
0.698
0.657
0.686