5.98 
7.82 
4.66 
5.31 
3.81 
5.09 
3.64 
77.7 
2.54 
3.70 
11.3 
214 
4.55 
4.78 
4.86 
5.87 
5.19 
7.07 
8.24 
5.50 
4.66 
5.94 
4.13 
6.25 
394 
5.01 
5.55 
3.24 
5.16 
67.6 
13.4 
11.0 
3.66 
4.71 
4.03 
11.3 
5.57 
3.88 
7.25 
4.64 
3.63 
3.14 
144 
4.25 
5.01 
3.14 
4.79 
9.84 
10.2 
5.52 
6.73 
7.50 
4.16 
4.78 
5.26 
7.06 
5.25 
5.25 
5.49 
7.93 
5.67 
12.1 
10.1 
6.94 
14.0 
4.21 
5.72 
7.28 
4.66 
5.66 
4.56 
203 
3.80 
5.01 
4.90 
10.9 
4.33 
10.4 
7.01 
5.67 
4.63 
5.53 
38.9 
5.05 
2.24 
5.07 
3.63 
4.20 
5.79 
5.64 
6.52 
6.90 
7.16 
3.45 
472 
4.88 
45.3 
4.02 
5.56 
3.13 
4.13 
4.65 
3.85 
2.65 
4.98 
3.57 
5.52 
5.73 
5.10 
9.31 
712 
3.87 
6.36 
6.20 
3.57 
3.89 
6.31 
4.49 
4.32 
4.61 
6.12 
5.50 
4.88 
26.7 
4.84 
4.93 
5.15 
5.16 
4.25 
5.73 
6.78 
5.51 
5.88 
7.82 
7.54 
4.89 
4.57 
1478 
469 
324 
3.02 
3.74 
251 
3.07 
6.04 
3.87 
3.51 
4.47 
3.86 
5.82 
5.69 
3.98 
4.91 
1.00 
1124 
123 
254 
2.83 
352 
2.14 
2.90 
2.78 
3.53 
5.29 
3.33 
4.96 
4.71 
4.09 
5.02 
4.82 
5.03 
4.50 
4.74 
4.78 
4.43 
9.03 
6.69 
6.36 
3.83 
11.7 
3.41 
4.06 
4.48 
5.25 
5.58 
5.51 
5.79 
3.67 
11.7 
5.55 
113 
3.90 
465 
3.12 
3.38 
10.5 
3.45 
2.70 
7.92 
3.06 
3.44 
7.43 
4.43 
4.23 
7.44 
3.27 
2.91 
6.06 
1.01 
3.03 
3.90 
4.09 
2.63 
4.99 
3.71 
6.65 
5.17 
4.10 
7.45 
7.74 
13.9 
4.06 
5.42 
5.21 
4.99 
3.36 
6.76 
3.65 
3.40 
4.15 
6.32 
3.93 
3.79 
6.67 
3.29 
4.21 
3.97 
6.54 
3.43 
6.07 
12.6 
7.13 
270 
484 
3.65 
137 
163 
3.78 
163 
4.11 
5.77 
3.59 
3.31 
7.49 
5.43 
3.98 
4.67 
9.10 
5.08 
3.96 
6.93 
7.50 
17.0 
13.9 
3.38 
4.45 
4.32 
4.25 
2.68 
23.4 
6.37 
5.63 
7.22 
4.96 
5.25 
5.81 
3.21 
56.2 
4.83 
4.74 
10.3 
6.93 
419 
4.36 
486 
436 
3.21 
5.60 
3.71 
2.35 
4.03 
3.13 
6.32 
6.21 
6.24 
5.04 
7.66 
8.54 
7.31 
5.31 
14.8 
4.64 
7.13 
11.1 
4.66 
4.59 
4.28 
4.73 
10.5 
6.41 
5.43 
4.02 
3.86 
5.95 
5.83 
5.14 
5.58 
4.25 
11.0 
4.21 
4.58 
4.50 
6.62 
5.40 
3.37 
5.79 
532 
4.82 
5.46 
5.48 
9.02 
11.0 
5.24 
6.60 
3.32 
3.76 
4.79 
3.97 
6.89 
3.70 
6.53 
5.61 
2.97 
6.90 
6.49 
20.6 
3.39 
3.36 
16.3 
74.9 
0.740