13.1 
8.81 
8.11 
12.1 
12.0 
12.3 
10.3 
13.8 
9.16 
9.99 
10.9 
8.87 
7.58 
10.7 
16.1 
10.5 
13.0 
11.3 
12.5 
13.9 
11.9 
10.2 
10.5 
17.3 
7.85 
9.73 
9.59 
14.3 
11.2 
9.34 
6.83 
12.4 
8.25 
14.4 
9.64 
6.58 
8.64 
10.9 
9.80 
13.2 
3.68 
8.11 
11.5 
11.4 
9.62 
13.5 
10.7 
10.2 
12.8 
12.2 
11.7 
11.8 
11.2 
9.58 
9.96 
7.94 
11.4 
13.5 
10.8 
11.9 
10.4 
10.0 
8.63 
8.40 
6.25 
14.0 
9.58 
6.11 
13.0 
14.8 
9.78 
10.0 
12.8 
9.26 
11.5 
6.06 
10.5 
10.4 
9.41 
9.64 
14.0 
13.1 
9.81 
10.8 
9.65 
11.9 
3.60 
10.5 
11.8 
9.55 
7.28 
9.37 
10.2 
12.3 
12.9 
6.77 
8.51 
9.63 
8.72 
8.16 
14.6 
10.0 
14.0 
7.90 
10.8 
11.8 
9.89 
6.59 
7.51 
5.98 
9.36 
11.2 
10.9 
8.89 
8.04 
11.2 
10.6 
6.73 
10.3 
9.81 
9.32 
7.78 
12.1 
9.09 
11.8 
9.70 
10.8 
11.9 
7.87 
12.7 
12.6 
8.74 
9.18 
10.2 
10.2 
15.8 
10.0 
7.78 
14.9 
6.09 
10.0 
5.97 
7.89 
7.43 
10.2 
14.2 
8.36 
8.82 
14.0 
15.6 
5.05 
5.37 
10.9 
12.2 
11.5 
11.2 
8.88 
11.0 
9.39 
7.81 
11.9 
7.64 
6.79 
8.41 
3.88 
9.81 
9.75 
6.29 
9.66 
3.27 
11.1 
9.78 
18.1 
11.1 
2.31 
15.1 
9.79 
12.3 
11.4 
9.24 
10.5 
10.8 
9.13 
11.0 
10.5 
11.8 
10.5 
8.35 
15.6 
15.1 
9.93 
5.77 
13.9 
11.9 
11.4 
8.45 
12.1 
10.2 
12.4 
8.50 
8.91 
12.2 
5.97 
12.1 
16.5 
11.0 
10.0 
8.08 
10.4 
12.0 
11.3 
11.8 
11.1 
6.63 
7.63 
9.02 
6.72 
8.94 
8.48 
9.84 
14.1 
11.2 
11.0 
13.7 
6.35 
6.97 
15.6 
10.3 
10.4 
6.28 
8.43 
12.4 
6.09 
6.49 
10.5 
17.8 
8.80 
14.8 
8.35 
8.95 
9.06 
13.2 
8.71 
6.05 
9.85 
5.75 
2.48 
10.7 
12.8 
10.7 
7.37 
10.2 
18.4 
10.5 
11.5 
11.7 
10.6 
7.36 
10.9 
9.39 
4.97 
11.7 
9.02 
13.0 
14.6 
10.6 
12.6 
8.10 
11.3 
10.9 
12.0 
11.4 
13.0 
11.1 
10.3 
8.39 
8.99 
6.55 
10.9 
17.9 
15.8 
12.0 
15.1 
11.1 
8.93 
9.24 
11.4 
11.1 
13.3 
11.0 
7.52 
10.3 
10.5 
11.1 
12.2 
11.3 
7.07 
7.02 
48.6 
12.8 
14.7 
10.7 
8.09 
9.99 
9.15 
12.4 
10.2 
10.4 
6.68 
5.90 
9.66 
10.0 
8.08 
10.8 
1.70 
4.13 
8.03 
6.65 
8.83 
7.85 
10.6 
7.39 
7.42 
7.00 
9.66 
13.2 
8.03 
6.87 
8.28 
12.6 
9.56 
10.4 
4.19 
9.50 
2.95 
13.7 
11.4 
10.9 
10.2 
10.2 
8.66 
7.09 
4.92 
9.05 
8.64 
17.8 
4.22 
15.0 
7.33 
0.608