50.0
30.0
40.0
36.6975653224
50.0
40.0
40.0
40.0
40.0
40.0
40.0
33.3333333333
0.0
30.0
40.0
39.9597165181
33.7763012182
25.3343108504
30.0
22.1009244423
0.0
27.4561971823
40.0
34.2976412584
50.0
50.0
30.0
40.0
37.0169858818
40.0
40.0
40.0
30.0
40.0
40.0
40.0
40.0
28.6453889765
40.0
30.0
30.0
40.0
30.0
30.0
40.0
30.0
30.0
30.0
40.0
40.0
40.0
30.0
40.0
39.0838628268
30.0
39.2387199888
40.0
40.0
34.6567694783
27.0280065898
29.1198171618
30.0
29.9685413093
30.0
29.9263937036
39.94280009
29.8653013226
40.0
39.9986314727
40.0
39.710071843
27.4728887808
11.4344200866
9.51962510579
30.0
40.0
30.0
30.0
30.0
40.0
30.0
40.0
29.9969471193
25.0782797082
25.1486018711
0.0
40.0
39.7284323875
23.8056305284
32.6170101821
30.0
39.9935933029
30.0
40.0
30.0
30.0
40.0
30.0
40.0
40.0
33.0107650282
0.0
26.380837619
30.0
40.0
32.9779967896
40.0
39.5904090788
39.0809738004
29.5100178397
39.6382360624
29.9844044482
40.0
40.0
39.6248039891
39.6225926949
29.532012005
32.2222620898
4.01666096344
21.2421567816
30.0
39.9466692383
29.9820234105
40.0
40.0
29.9880309356
40.0
30.0
39.6504695662
27.6607035183
40.0
40.0
40.0
50.0
40.0
47.0000294688
40.0
50.0
50.0
50.0
49.0537084399
38.9672447013
36.7580280416
29.0256819023
33.0209554559
40.0
24.1890468317
30.0
40.0
30.0
39.1147104547
40.0
32.212798876
24.685909075
40.0
30.0
24.1138433598
40.0
40.0
30.0
24.4115775075
40.0
30.0
40.0
40.0
30.0
40.0
40.0
40.0
24.3024593734
40.0
40.0
27.4281435773
40.8116271827
40.0
40.0
50.0
40.0
30.0
40.0
40.0
40.0
40.0
40.0
40.0
40.0
40.0
44.7429552962
40.0
50.0
40.0
30.0
40.0
40.0
27.5566650502
40.0
40.0
40.0
40.0
40.0
28.971139568
38.5536880251
40.0
38.442867924
38.3940325364
40.0
40.0
40.0
40.0
40.0
40.0
40.0
38.4555354806
8.39242602741
38.8911635995
1.52033650985
50.0
50.0
40.0
37.7936604243
29.282856488
40.0
40.0
40.0
50.0
40.0
40.0
40.0
32.2289397689
30.0
32.4694307529
38.4645918866
39.7254014176
40.0
40.0
39.8169983664
39.459122164
40.0
40.0
39.2837860349
50.0
48.0161361941
23.5375473084
10.097473969
0.0575533693059
40.0
40.0
50.0
40.0
50.0
50.0
50.0
40.0
40.0
40.0
50.0
50.0
50.0
47.0406278855
30.0
40.0
40.0
40.0
40.0
40.0
40.0
39.5947906724
40.0
40.0
40.0
32.1378191201
34.9104762793
36.7054364541
40.0
40.0
7.57709431737
21.9281578182
10.238717748
50.0
50.0
40.0
40.0
17.9614692874
49.0660892704
45.6086633793
50.0
49.4194556351
50.0
50.0
47.7567162835
50.0
50.0
50.0
47.9111971115
50.0
50.0
44.6756160203
44.354718337
50.0
50.0
