1.0
1.0
0.91743913306
1.0
1.0
1.0
1.0
1.0
1.0
1.0
0.666666666667
0.0
1.0
1.0
0.998992912952
0.844407530454
0.844477028348
1.0
0.736697481412
0.0
0.915206572743
1.0
0.857441031459
1.0
1.0
1.0
1.0
0.925424647046
1.0
1.0
1.0
1.0
1.0
1.0
1.0
1.0
0.954846299217
1.0
1.0
1.0
1.0
1.0
1.0
1.0
1.0
1.0
1.0
1.0
1.0
1.0
1.0
1.0
0.977096570671
1.0
0.98096799972
1.0
1.0
0.866419236957
0.900933552993
0.970660572061
1.0
0.998951376977
1.0
0.997546456786
0.99857000225
0.995510044085
1.0
0.999965786817
1.0
0.992751796075
0.686822219519
0.285860502166
0.237990627645
1.0
1.0
1.0
1.0
1.0
1.0
1.0
1.0
0.999898237311
0.626956992705
0.628715046777
0.0
1.0
0.993210809688
0.595140763211
0.815425254553
1.0
0.999839832574
1.0
1.0
1.0
1.0
1.0
1.0
1.0
1.0
0.825269125706
0.0
0.879361253966
1.0
1.0
0.82444991974
1.0
0.98976022697
0.97702434501
0.983667261325
0.990955901561
0.999480148274
1.0
1.0
0.990620099727
0.990564817372
0.984400400167
0.805556552246
0.100416524086
0.708071892719
1.0
0.998666730957
0.999400780351
1.0
1.0
0.999601031186
1.0
1.0
0.991261739155
0.922023450609
1.0
1.0
1.0
1.0
1.0
0.940000589377
1.0
1.0
1.0
1.0
0.981074168798
0.974181117534
0.91895070104
0.967522730075
0.825523886397
1.0
0.604726170792
1.0
1.0
1.0
0.977867761366
1.0
0.8053199719
0.822863635835
1.0
1.0
0.602846083994
1.0
1.0
1.0
0.610289437688
1.0
1.0
1.0
1.0
1.0
1.0
1.0
1.0
0.810081979114
1.0
1.0
0.685703589434
0.816232543655
1.0
1.0
1.0
1.0
1.0
1.0
1.0
1.0
1.0
1.0
1.0
1.0
1.0
0.894859105925
1.0
1.0
1.0
1.0
1.0
1.0
0.688916626254
1.0
1.0
1.0
1.0
1.0
0.724278489201
0.963842200627
1.0
0.9610716981
0.959850813411
1.0
1.0
1.0
1.0
1.0
1.0
1.0
0.961388387014
0.209810650685
0.972279089988
0.0304067301969
1.0
1.0
1.0
0.944841510608
0.976095216266
1.0
1.0
1.0
1.0
1.0
1.0
1.0
0.805723494223
1.0
0.811735768823
0.961614797165
0.993135035439
1.0
1.0
0.99542495916
0.9864780541
1.0
1.0
0.982094650873
1.0
0.960322723882
0.58843868271
0.336582465635
0.00143883423265
1.0
1.0
1.0
1.0
1.0
1.0
1.0
1.0
1.0
1.0
1.0
1.0
1.0
0.94081255771
1.0
1.0
1.0
1.0
1.0
1.0
1.0
0.989869766811
1.0
1.0
1.0
0.803445478004
0.872761906982
0.917635911353
1.0
1.0
0.189427357934
0.548203945454
0.204774354961
1.0
1.0
1.0
1.0
0.449036732186
0.981321785407
0.912173267587
1.0
0.988389112701
1.0
1.0
0.95513432567
1.0
1.0
1.0
0.95822394223
1.0
1.0
0.893512320405
0.88709436674
1.0
1.0
0.0
