11.9
9.15
8.88
11.3
9.97
11.2
12.1
11.4
11.7
10.2
11.9
10.2
10.2
11.8
9.86
12.1
12.7
12.6
12.3
11.6
10.6
10.1
10.8
9.76
11
10.5
7.37
7.39
5.22
6.01
4.29
5.06
4.21
4.9
7.38
6.34
6.11
7.41
8.1
8.22
6.98
10.2
7.4
7.5
9.25
7.81
6.41
6.51
6.54
8.13
8.13
5.76
2.55
4.48
2.61
1.2
1.19
0.715
0.845
1.67
2.09
2.31
2.51
2.81
5.57
6.49
9.35
6.56
7.73
6.27
7.16
7.27
8.05
7.93
11.4
11.1
12
9.04
7.03
9.5
9.32
10.2
10.8
9.54
11.2
9.94
8.82
8.78
9.97
10.4
8.6
7.91
8.71
9.84
10.2
10.3
11.3
12.2
12
11.8
11.5
11.9
11.1
11.3
11.6
12.1
11.7
12.1
11.9
11.8
9.62
13.5
11.4
11.6
9.68
14.3
11.5
11.5
11.4
11.2
11.7
12.5
10.6
9.81
9
9.42
11.5
12.3
11.2
10.5
10.3
11.3
11
9.16
12.4
11.4
10.7
9.66
11.8
11.6
11.5
11.7
12.2
12.5
12.7
13
11.5
10.5
12.5
12.5
12.6
9.47
6.9
10.3
8.28
11
10.7
11.8
7.14
5.88
4.46
6.04
7.86
8.03
10.5
11.9
12.7
12.1
12.1
11.5
12.4
12.1
12.3
10.8
12.3
11.6
12.8
13.1
12.4
12.4
11.2
9.75
11.8
10.4
12
10.8
13
12.3
11.3
10.9
13.1
12.1
12
12.1
12.1
12.7
8.76
9.3
9.97
9.72
11.9
9.15
8.88
11.3
9.97
11.2
12.1
11.4
11.7
10.2
11.9
10.2
10.2
11.8
9.86
12.1
12.7
12.6
12.3
11.6
10.6
10.1
10.8
9.76
11
10.5
7.37
7.39
5.22
6.01
4.29
5.06
4.21
4.9
7.38
6.34
6.11
7.41
8.1
8.22
6.98
10.2
7.4
7.5
9.25
7.81
6.41
6.51
6.54
8.13
8.13
5.76
2.55
4.48
2.61
1.2
1.19
0.715
0.845
1.67
2.09
2.31
2.51
2.81
5.57
6.49
9.35
6.56
7.73
6.27
7.16
7.27
8.05
7.93
11.4
11.1
12
9.04
7.03
9.5
9.32
10.2
10.8
9.54
11.2
9.94
8.82
8.78
9.97
10.4
8.6
7.91
8.71
9.84
10.2
10.3
11.3
12.2
12
11.8
11.5
11.9
11.1
11.3
11.6
12.1
11.7
12.1
11.9
11.8
9.62
13.5
11.4
11.6
9.68
14.3
11.5
11.5
11.4
11.2
11.7
12.5
10.6
9.81
9
9.42
11.5
12.3
11.2
10.5
10.3
11.3
11
9.16
12.4
11.4
10.7
9.66
11.8
11.6
11.5
11.7
12.2
12.5
12.7
13
11.5
10.5
12.5
12.5
12.6
9.47
6.9
10.3
8.28
11
10.7
11.8
7.14
5.88
4.46
6.04
7.86
8.03
10.5
11.9
12.7
12.1
12.1
11.5
12.4
12.1
12.3
10.8
12.3
11.6
12.8
13.1
12.4
12.4
11.2
9.75
11.8
10.4
12
10.8
13
12.3
11.3
10.9
13.1
12.1
12
12.1
12.1
12.7
8.76
9.3
9.97
9.72
11.9
9.15
8.88
11.3
9.97
11.2
12.1
11.4
11.7
10.2
11.9
10.2
10.2
11.8
9.86
12.1
12.7
12.6
12.3
11.6
10.6
10.1
10.8
9.76
11
10.5
7.37
7.39
5.22
6.01
4.29
5.06
4.21
4.9
7.38
6.34
6.11
7.41
8.1
8.22
6.98
10.2
7.4
7.5
9.25
7.81
6.41
6.51
6.54
8.13
8.13
5.76
2.55
4.48
2.61
1.2
1.19
0.715
0.845
1.67
2.09
2.31
2.51
2.81
5.57
6.49
9.35
6.56
7.73
6.27
7.16
7.27
8.05
7.93
11.4
11.1
12
9.04
7.03
9.5
9.32
10.2
10.8
9.54
11.2
9.94
8.82
8.78
9.97
10.4
8.6
7.91
8.71
9.84
10.2
10.3
11.3
12.2
12
11.8
11.5
11.9
11.1
11.3
11.6
12.1
11.7
12.1
11.9
11.8
9.62
13.5
11.4
11.6
9.68
14.3
11.5
11.5
11.4
11.2
11.7
12.5
10.6
9.81
9
9.42
11.5
12.3
11.2
10.5
10.3
11.3
11
9.16
12.4
11.4
10.7
9.66
11.8
11.6
11.5
11.7
12.2
12.5
12.7
13
11.5
10.5
12.5
12.5
12.6
9.47
6.9
10.3
8.28
11
10.7
11.8
7.14
5.88
4.46
6.04
7.86
8.03
10.5
11.9
12.7
12.1
12.1
11.5
12.4
12.1
12.3
10.8
12.3
11.6
12.8
13.1
12.4
12.4
11.2
9.75
11.8
10.4
12
10.8
13
12.3
11.3
10.9
13.1
12.1
12
12.1
12.1
12.7
8.76
9.3
9.97
9.72