6.04
7.89
5.96
6.19
7
4.91
6.17
4.86
7.92
7.65
8.02
8.21
7.5
7.76
10
9.98
11.1
10.7
3.22
11.7
4.67
4.57
3.49
4.64
5.08
4.93
3.9
3.26
3.78
2.89
0.476
0
0
0.293
2.18
2.82
3.25
3.35
5.61
3.03
3
5.87
8.55
9.21
9.18
11.7
11.8
8.63
11.8
11
8.55
5.55
6.21
0.455
3.08
2.84
4.6
5.52
5.71
6.93
7.02
5.37
8.41
9.06
9.98
8.78
7.89
6.53
11.4
11.5
11.2
8.32
7.88
5.99
5.17
10.2
10.3
9.61
8.87
7.59
8.02
9.73
7.47
5.94
6.59
8.05
10.8
11.4
11.3
11.2
12.1
11.9
11.1
11.7
12.3
12
11.5
12.4
11.2
10.7
10.5
11.4
12.5
9.91
5.52
7.69
5.42
6.39
7.11
3.12
6.49
7.39
10.4
9.12
9.23
8.52
9.06
7.79
11
11.7
11.2
11
11.1
12
11.2
12.2
12.5
11.3
4.9
2.42
0.0108
6.25
2.84
2.63
3.7
4.86
4.2
4.78
4.99
4.32
4.71
6.2
5.39
4.82
6.69
7.58
7
7.57
5.18
8.1
6.04
7.89
5.96
6.19
7
4.91
6.17
4.86
7.92
7.65
8.02
8.21
7.5
7.76
10
9.98
11.1
10.7
3.22
11.7
4.67
4.57
3.49
4.64
5.08
4.93
3.9
3.26
3.78
2.89
0.476
0
0
0.293
2.18
2.82
3.25
3.35
5.61
3.03
3
5.87
8.55
9.21
9.18
11.7
11.8
8.63
11.8
11
8.55
5.55
6.21
0.455
3.08
2.84
4.6
5.52
5.71
6.93
7.02
5.37
8.41
9.06
9.98
8.78
7.89
6.53
11.4
11.5
11.2
8.32
7.88
5.99
5.17
10.2
10.3
9.61
8.87
7.59
8.02
9.73
7.47
5.94
6.59
8.05
10.8
11.4
11.3
11.2
12.1
11.9
11.1
11.7
12.3
12
11.5
12.4
11.2
10.7
10.5
11.4
12.5
9.91
5.52
7.69
5.42
6.39
7.11
3.12
6.49
7.39
10.4
9.12
9.23
8.52
9.06
7.79
11
11.7
11.2
11
11.1
12
11.2
12.2
12.5
11.3
4.9
2.42
0.0108
6.25
2.84
2.63
3.7
4.86
4.2
4.78
4.99
4.32
4.71
6.2
5.39
4.82
6.69
7.58
7
7.57
5.18
8.1
6.04
7.89
5.96
6.19
7
4.91
6.17
4.86
7.92
7.65
8.02
8.21
7.5
7.76
10
9.98
11.1
10.7
3.22
11.7
4.67
4.57
3.49
4.64
5.08
4.93
3.9
3.26
3.78
2.89
0.476
0
0
0.293
2.18
2.82
3.25
3.35
5.61
3.03
3
5.87
8.55
9.21
9.18
11.7
11.8
8.63
11.8
11
8.55
5.55
6.21
0.455
3.08
2.84
4.6
5.52
5.71
6.93
7.02
5.37
8.41
9.06
9.98
8.78
7.89
6.53
11.4
11.5
11.2
8.32
7.88
5.99
5.17
10.2
10.3
9.61
8.87
7.59
8.02
9.73
7.47
5.94
6.59
8.05
10.8
11.4
11.3
11.2
12.1
11.9
11.1
11.7
12.3
12
11.5
12.4
11.2
10.7
10.5
11.4
12.5
9.91
5.52
7.69
5.42
6.39
7.11
3.12
6.49
7.39
10.4
9.12
9.23
8.52
9.06
7.79
11
11.7
11.2
11
11.1
12
11.2
12.2
12.5
11.3
4.9
2.42
0.0108
6.25
2.84
2.63
3.7
4.86
4.2
4.78
4.99
4.32
4.71
6.2
5.39
4.82
6.69
7.58
7
7.57
5.18
8.1
6.04
7.89
5.96
6.19
7
4.91
6.17
4.86
7.92
7.65
8.02
8.21
7.5
7.76
10
9.98
11.1
10.7
3.22
11.7
4.67
4.57
3.49
4.64
5.08
4.93
3.9
3.26
3.78
2.89
0.476
0
0
0.293
2.18
2.82
3.25
3.35
5.61
3.03
3
5.87
8.55
9.21
9.18
11.7
11.8
8.63
11.8
11
8.55
5.55
6.21
0.455
3.08
2.84
4.6
5.52
5.71
6.93
7.02
5.37
8.41
9.06
9.98
8.78
7.89
6.53
11.4
11.5
11.2
8.32
7.88
5.99
5.17
10.2
10.3
9.61
8.87
7.59
8.02
9.73
7.47
5.94
6.59
8.05
10.8
11.4
11.3
11.2
12.1
11.9
11.1
11.7
12.3
12
11.5
12.4
11.2
10.7
10.5
11.4
12.5
9.91
5.52
7.69
5.42
6.39
7.11
3.12
6.49
7.39
10.4
9.12
9.23
8.52
9.06
7.79
11
11.7
11.2
11
11.1
12
11.2
12.2
12.5
11.3
4.9
2.42
0.0108
6.25
2.84
2.63
3.7
4.86
4.2
4.78
4.99
4.32
4.71
6.2
5.39
4.82
6.69
7.58
7
7.57
5.18
8.1