7.28
9.41
9.71
10.4
8.16
9.63
12.2
6.82
9.46
9.37
6.42
6.93
6.94
6.65
7.4
6.39
6.57
7.25
7.02
7.8
8.47
8.45
9.32
8.54
9.9
9.19
8.46
7.9
4.87
8.8
8.54
6.89
7.43
6.86
6.56
10.6
8.84
9.15
9.63
8.7
5.39
7.59
7.19
4.94
4.94
5.58
7.93
5.99
8.96
8.67
7.28
9.41
9.71
10.4
8.16
9.63
12.2
6.82
9.46
9.37
6.42
6.93
6.94
6.65
7.4
6.39
6.57
7.25
7.02
7.8
8.47
8.45
9.32
8.54
9.9
9.19
8.46
7.9
4.87
8.8
8.54
6.89
7.43
6.86
6.56
10.6
8.84
9.15
9.63
8.7
5.39
7.59
7.19
4.94
4.94
5.58
7.93
5.99
8.96
8.67
7.28
9.41
9.71
10.4
8.16
9.63
12.2
6.82
9.46
9.37
6.42
6.93
6.94
6.65
7.4
6.39
6.57
7.25
7.02
7.8
8.47
8.45
9.32
8.54
9.9
9.19
8.46
7.9
4.87
8.8
8.54
6.89
7.43
6.86
6.56
10.6
8.84
9.15
9.63
8.7
5.39
7.59
7.19
4.94
4.94
5.58
7.93
5.99
8.96
8.67
7.28
9.41
9.71
10.4
8.16
9.63
12.2
6.82
9.46
9.37
6.42
6.93
6.94
6.65
7.4
6.39
6.57
7.25
7.02
7.8
8.47
8.45
9.32
8.54
9.9
9.19
8.46
7.9
4.87
8.8
8.54
6.89
7.43
6.86
6.56
10.6
8.84
9.15
9.63
8.7
5.39
7.59
7.19
4.94
4.94
5.58
7.93
5.99
8.96
8.67
7.28
9.41
9.71
10.4
8.16
9.63
12.2
6.82
9.46
9.37
6.42
6.93
6.94
6.65
7.4
6.39
6.57
7.25
7.02
7.8
8.47
8.45
9.32
8.54
9.9
9.19
8.46
7.9
4.87
8.8
8.54
6.89
7.43
6.86
6.56
10.6
8.84
9.15
9.63
8.7
5.39
7.59
7.19
4.94
4.94
5.58
7.93
5.99
8.96
8.67
7.28
9.41
9.71
10.4
8.16
9.63
12.2
6.82
9.46
9.37
6.42
6.93
6.94
6.65
7.4
6.39
6.57
7.25
7.02
7.8
8.47
8.45
9.32
8.54
9.9
9.19
8.46
7.9
4.87
8.8
8.54
6.89
7.43
6.86
6.56
10.6
8.84
9.15
9.63
8.7
5.39
7.59
7.19
4.94
4.94
5.58
7.93
5.99
8.96
8.67
7.28
9.41
9.71
10.4
8.16
9.63
12.2
6.82
9.46
9.37
6.42
6.93
6.94
6.65
7.4
6.39
6.57
7.25
7.02
7.8
8.47
8.45
9.32
8.54
9.9
9.19
8.46
7.9
4.87
8.8
8.54
6.89
7.43
6.86
6.56
10.6
8.84
9.15
9.63
8.7
5.39
7.59
7.19
4.94
4.94
5.58
7.93
5.99
8.96
8.67
7.28
9.41
9.71
10.4
8.16
9.63
12.2
6.82
9.46
9.37
6.42
6.93
6.94
6.65
7.4
6.39
6.57
7.25
7.02
7.8
8.47
8.45
9.32
8.54
9.9
9.19
8.46
7.9
4.87
8.8
8.54
6.89
7.43
6.86
6.56
10.6
8.84
9.15
9.63
8.7
5.39
7.59
7.19
4.94
4.94
5.58
7.93
5.99
8.96
8.67
7.28
9.41
9.71
10.4
8.16
9.63
12.2
6.82
9.46
9.37
6.42
6.93
6.94
6.65
7.4
6.39
6.57
7.25
7.02
7.8
8.47
8.45
9.32
8.54
9.9
9.19
8.46
7.9
4.87
8.8
8.54
6.89
7.43
6.86
6.56
10.6
8.84
9.15
9.63
8.7
5.39
7.59
7.19
4.94
4.94
5.58
7.93
5.99
8.96
8.67
7.28
9.41
9.71
10.4
8.16
9.63
12.2
6.82
9.46
9.37
6.42
6.93
6.94
6.65
7.4
6.39
6.57
7.25
7.02
7.8
8.47
8.45
9.32
8.54
9.9
9.19
8.46
7.9
4.87
8.8
8.54
6.89
7.43
6.86
6.56
10.6
8.84
9.15
9.63
8.7
5.39
7.59
7.19
4.94
4.94
5.58
7.93
5.99
8.96
8.67
7.28
9.41
9.71
10.4
8.16
9.63
12.2
6.82
9.46
9.37
6.42
6.93
6.94
6.65
7.4
6.39
6.57
7.25
7.02
7.8
8.47
8.45
9.32
8.54
9.9
9.19
8.46
7.9
4.87
8.8
8.54
6.89
7.43
6.86
6.56
10.6
8.84
9.15
9.63
8.7
5.39
7.59
7.19
4.94
4.94
5.58
7.93
5.99
8.96
8.67