4.2
4.57
5.03
2.59
4.33
3.4
2.69
2.19
2.86
4.12
4.8
5.12
4.4
3.26
2.04
2.24
3.35
3.74
2.08
1.88
1.98
1.87
2.36
3.16
1.56
3.99
3.05
3.88
2.01
2.25
3.18
2.62
2.1
1.69
1.67
2.09
1.72
2.12
4.03
2.99
3.05
3.36
1.32
2.14
1.17
1.13
3.88
5.09
6.14
4.15
3.03
3.79
3.08
3.42
4.01
4.12
4.81
4.02
1.74
4.67
7.46
6.81
4.27
3.02
3.75
3.51
3.59
4.03
2.09
2.86
1.82
2.43
3.27
3.42
3.23
3.68
4.74
2.77
3.53
3.18
2.75
2.73
2.99
2.95
2.65
3.9
4.37
3.56
2.98
3.11
2.32
2.57
2.24
3.2
3.66
3.18
3.03
3.07
2.33
2.47
2.5
3.04
1.88
2.27
0.823
1.17
1.61
1.9
2.64
2.85
2.78
3.59
3.74
3.51
3.26
2.94
2.63
2.14
1.98
1.99
2.75
3.87
4.65
4.35
4.18
4.38
3.62
2.06
2.55
2.39
2.59
2.78
3.64
4.51
4.84
2.85
3.57
2.83
2.94
3.77
3.66
1.78
3.9
3.83
4.29
3.54
4.72
2.98
2.44
3.67
3.53
4.3
3.48
4.53
3.05
2.6
2.47
1.65
3.6
3.61
5.27
3.91
3.95
3.51
4.43
2.85
2.51
2.17
2.32
3.68
3.04
2.85
2.77
2.97
3.55
3.17
2.59
2.53
3.82
2.48
2.69
2.56
1.48
0.487
1.28
1.6
1.32
1.43
2.45
2.65
3.5
4.28
4.16
3.61
4.39
3.22
4.17
3
3.57
2.92
2.14
3.36
3.34
3.38
5.35
3.4
2.92
2.5
2.5
2.77
2.82
1.8
1.84
3.49
5.46
3.05
4.5
4.65
3.44
2.25
2.6
3.49
4.9
4.73
3.47
2.59
2.36
1.88
2.34
1.97
1.75
2.58
2.45
2.43
1.86
1.92
1.57
1.71
2.43
3.18
2.78
3.5
3.25
3.28
3.75
2.66
2.94
3.12
2.38
2.75
3.23
3.62
2.57
3.04
1.79
2.74
3.2
2.38
2.52
2.66
3.82
2.6
3.65
4.38
3.16
1.78
1.62
3.18
3.92
3.14
2.24
2.07
3.82
3.2
3.24
3.13
2.5
2.39
3.27
3.27
2.88
4.43
3.22
1.56
2.35
3.61
3.18
2.43
2.58
2.74
3.33
2.65
3.43
2.9
3.21
3.1
1.86
1.83
1.19
2.87
3.18
3.27
3.34
4.01
3.57
4.64
2.53
2.92
3.01
3.13
4.41
3.94
5.25
3.8
3.08
3.6
4.38
4.4
6.67
4.34
2.61
2.53
1.99
1.69
2.79
3.29
3.08
1.86
2.27
2.1
2.05
1.38
1.84
2.82
2.14
2.6
3.34
2.49
3.83
3.21
2.47
3.07
3.39
3.61
3.46
2.62
2.23
2.53
2.6
2.86
3.21
3.79
3.07
2.7
3.01
3.81
3.91
3.07
3.27
4.55
3.68
3.29
3.51
2.95
1.43
2.36
2.79
3.36
3.23
1.87
2.91
3.29
3.01
4.7
3.66
3.86
3.17
1.02
0.888
1.22
1.18
0.986
1.13
0.899
0.942
1.22
1.04
1.38
1.23
1.38
0.921
1.41
1.36
1.72
2.08
1.56
1.9
2.11
2.58
2.21
1.95
3.06
2.78
2.33
2.97
3.55
3.28
4.35
4.45
3.87
2.88
2.75
2.49
2.12
1.56
1.96
1.92
2.07
2.42
2.6
2.5
2.12
1.68
1.41
1.43
1.94
1.69
2.26
1.64
0.823
1.67
1.36
1.73
1.58
1.33
1.06
1.48
0.823
0.249
0.119
0.173
0.0541
0.358
0.401
0.162
0.336
0.401
0.422
0.422
0.238
0.152
0.0433
0.303
0.217
0.195
0.152
0
0.217
0.13
0.065
0.206
0.249
0.238
0.357
0.119
0
0.314
0.368
0.108
0.0433
0.0867
0
0
0
0.0108
0.0108
0.0325
0.0108
0.141
0.292
0.401
0.455
0.271
0.152
0
0.0108
0.13
0.542
0.422
0.336
0.455
0.0758
0.0108
0.206
0.152
0.13
0.173
0.249
0.217
0.238
0.0108
0
0.0217
0.0217
0.412
0.509
0.444
0.542
0.39
0.249
0.163
0.26
0.195
0.0433
0
0.152
0.0325
0.0216
0
0
0
0
0.0325
0
0
0
0
0
0
0.184
0.13
0.184
0.119
0.0541
0.163
0.0866
0.0217
0.228
0.227
0.141
0.206
0.141
0.0325
0.0217
0.0433
0.119
0.0108
0.0866
0
0.0108
0.0758
0
0
0
0.184
0.347
0.184
0
0
0
0
0
0.466
0.953
1.41
1.83
1.77
2.72
3
2.68
2.62
2.28
2.84
3.61
2.49
1.9
2.66
2.39
2.27
2.33
2.2
2.68
3.49
3.2
2.16
2.76
3.44
3.49
2.25
2.17
1.88
2.19
2.1
2.11
2.87
1.84
2.27
2.42
2.61
2.08
2.34
2.92
2.44
1.81
1.54
1.91
1.88
1.19
0.715
1.95
2.17
2.21
4.31
3.91
4.02
2.66
1.36
2.92
2.94
2.91
3.18
2.66
2.27
2.53
1.71
1.53
1.59
2.23
2.97
1.78
2.53
2.43
1.73
2.47
1.65
1.95
1.74
1.51
1.82
1.73
1.08
2.27
2.32
1.99
1.86
1.41
2.38
3.96
2.45
3.27
2.27
3.05
2.71
3.5
3.02
2.6
1.75
1.58
1.6
1.79
1.77
2.01
2.04
2.49
1.82
1.75
2.15
2.36
1.8
1.91
1.82
2.58
3.96
3.36
5.83
2.63
2.19
1.55
1.97
2.44
3.17
1.8
1.58
1.62
1.99
2.32
1.33
1.4
1.86
1.49
0.867
1.86
2.08
1.85
1.53
2.86
2.87
1.7
2.38
1.93
1.86
1.82
1.99
1.26
2.53
2.69
1.62
1.95
2.5
2.46
3.44
3.53
2.56
2.75
2.55
2.52
3.02
2.72
3.38
1.53
2.51
1.55
2.08
1.64
1.51
1.19
2.25
2.18
2.18
2.32
2.08
1.52
1.69
2.88
2.19
1.87
3.09
3.1
3.36
3.31
3.36
2.62
1.93
3.08
1.77
1.48
1.65
1.81
2.53
1.32
1.94
2.14
2.94
1.64
1.59
1.72
2.47
2.36
2.35
2.65
2.13
1.59
2.53
1.49
1.36
1.09
1.55
1.93
1.81
1.72
1.78
2.19
2.05
1.81
2.04
1.82
1.55
2
1.56
1.61
1.51
1.62
2.39
1.96
1.58
0.91
1.58
1.99
2.6
3.16
3.88
3.08
2.79
3.6
2.88
2.6
1.75
1.03
1.18
1.49
1.64
2.72
2.26
2.14
2.24
2.62
1.62
1.78
2.07
1.81
1.08
1.75
1.86
1.39
1.99
1.62
2.25
1.56
1.75
2.97
2.66
1.75
1.26
1.58
1.34
1.28
1.41
1.56
1.49
1.56
1.95
2.23
2.9
2.14
1.67
2.14
1.04
1.32
1.78
1.71
1.96
1.77
2.01
3.28
3.5
3.51
1.35
2.48
2.69
2.25
3.16
2.96
2.03
1.91
1.93
1.84
1.26
1.47
1.84
2.16
2.46
2.32
1.32
1.84
1.45
1.45
2.34
2.66
2.33
2.71
1.04
1.18
1.6
1.84
2.53
2.73
2.95
3.08
1.42
1.48
1.97
1.95
1.71
2.69
2.2
1.66
1.39
1.58
1.8
2.06
2.92
3.38
2.3
2.81
2.89
2.58
3.25
3.47
2.69
2.12
1.78
1.47
1.54
1.39
1.32
2.17
2.34
1.79
1.72
1.66
2.42
2.21
1.98
1.97
1.66
1.93
2.14
1.36
1.99
2.01
2.45
2.4
2.24
3.42
2.17
2.5
1.65
1.04
1.26
2.3
1.8
2.36
3.08
3.16
2.46
3.89
2.79
3.21
2.21
2.36
1.59
2.09
2.49
3.29
2.04
2.34
2.1
2.9
1.75
1.84
2.82
2.86
2.84
1.56
1.08
1.17
1.39
1.21
2.38
2.97
3.34
2.21
3.18
2.47
3.52
2.31
1.9
1.94
1.88
1.45
1.34
2.14
2.83
3.13
3.23
2.98
1.57
2.71
2.19
3.56
3.25
3.83
4.72
3.52
3.49
2.71
3.69
4.43
3.14
4.4
4.66
3.07
3.41
3.34
1.79
2.07
2.58
2.49
2.83
2.31
2.32
1.82
1.06
0.542
1.6
2.35
0.303
2
2.03
2.18
2.1
2.79
2.32
1.13
2.34
2.79
2.09
2.84
3.2
4.09
2.74
2.85
3.6
2.95
2.92
1.86
1.34
1.43
2.1
2.32
1.15
0
1.11
1.45
1.45
1.49
1.58
1.56
1.36
1.95
2.73
3.74
4.58
2.66
0.195
2.45
2.73
2.04
1.68
1.13
0.661
1.3
2.06
2.34
2.45
1.62
1.65
1.23
1.19
1.35
1.61
1.81
1.87
2.38
2.18
1.79
2.1
1.77
2.19
2.52
3.01
4.14
2.13
2.42
1.52
0.758
2.19
1.67
1.58
1.8
1.34
2.17
1.82
1.67
1.31
3.87
7.69
6.36
4.6
3.56
3.25
2.24
2.64
3.12
1.65
2.45
1.77
1.04
1.51
1.58
2.38
2.33
2.16
1.16
1.96
1.91
2.56
3.49
4.22
4.57
4.13
3.36
2.55
2.69
3.16
3.28
2.94
2.17
2.27
1.95
2.36
2.6
1.86
2.17
3.03
4.64
3.56
3.61
1.13
2.65
2.48
2.79
3.21
3.49
3.03
2.08
1.91
3.26
2
3.15
2.98
3.64
4.32
4.34
2.43
2.65
2.63
3.01
2.57
3.83
2.96
2.3
2.83
3.02
2.35
1.84
1.94
1.78
1.84
2.65
2.57
2.7
4.12
4.84
4.81
3.04
3.09
3.53
4.46
3.47
2.61
2.56
2.33
2.18
1.92
2.27
2.25
1.82
1.38
3.9
5.04
5.78
5.15
3.46
3.92
3.05
2.17
2.43
3.2
2.13
1.93
2.25
2.24
2.44
2.58
2.36
2.78
2.47
1.66
2.43
2.49
1.82
2.43
2.4
1.91
3.3
4.05
3.2
1.97
1.72
2.31
2.35
2.32
3.46
3.14
4.25
6.03
4.56
2.95
3.37
2.38
2.46
1.75
2.17
2.12
2.71
3.57
2.71
2.64
3.27
4.12
4.44
4.87
5.38
4.67
3.68
2.56
2.4
2.56
2.92
3.53
3.05
4.03
4.79
4.25
2.65
3.24
2.76
4.48
4.01
4.43
4.01
3.72
2.78
3.62
1.85
2.42
2.69
2.32
2.79
3.14
2.06
2.53
3.63
3.48
2.82
2.73
2.45
2.88
3.34
2.99
1.47
1.49
3.01
3.03
3.64
3.6
4.61
4.85
4.09
2.85
2.74
3.92
4.03
3.27
3.79
2.56
2.45
2.84
3.96
2.75
2.62
3.27
4.77
4.64
3.86
4.38
4.61
4.31
1.32
1.48
2.89
2.58
3.08
3.25
2.88
3.4
3.27
3.33
3.3
2.53
2.82
4.01
4.04
2.98
4.12
3.1
4.79
2.62
2.04
2.07
1.64
2.86
2.53
2.32
2.27
3
3.59
4.03
4.14
4.45
2.98
3.05
2.53
2.54
2.82
2.71
1.84
2.58
2.73
2.49
3.42
2.53
1.75
1.58
2.38
3.29
3.05
3.02
2.14
4.57
4.13
3.94
4.98
4.25
4.35
5.68
4.22
4.12
3.75
3.77
3.93
4.32
2.45
3.55
3.99
3.55
2.21
3.57
3.38
4.78
4.09
3.89
2.58
2.49
4.27
2.83
2.33
3.12
4.9
3.38
4.32
2.98
3.73
3.46
1.79
1.45
3.75
4.68
4.03
3.31
2.21
2.82
3.72
3.74
2.97
3.29
2.58
3.02
3.11
3.03
2.06
1.88
2.17
1.86
0.997
2.34
3.3
3.63
3.27
2.38
3.03
3.33
4.02
3.86
5.57
4.69
3.3
4.32
4.41
2.66
3.34
3.25
2.82
2.25
2.84
3.12
3.27
3.64
4.5
3.04
2.29
2.13
2.12
1.65
1.6
2.66
2.86
1.41
1.69
1.28
2.17
2.21
2.29
1.66
2.38
2.3
2.25
2.41
2.34
3.29
1.56
2.49
3.46
2.88
2.7
2.95
2.75
3.18
2.73
1.95
2.08
2.75
2.18
2.77
2.25
2.33
2.88
2.36
2.31
3.43
2.58
3.58
4.66
3.34
2.59
3
3.65
1.42
1.07
1.31
1.17
0.866
1.67
1.47
1.3
1.8
1.87
1.94
2.75
3.53
4.81
4.15
3.43
3.4
2.3
1.95
2.47
2.76
2.59
3.05
4.06
4.63
4.33
2.27
1.45
2.55
3.53
3.04
1.62
1.01
1.65
1.95
1.7
1.65
1.69
2.08
3.75
3.78
3.98
3.55
2.51
2.51
2.25
2.64
2.81
1.53
0.693
1.21
2.3
2.75
2.16
2.31
3.11
4.34
3
3.42
4.32
4.68
3.98
4.25
5.82
3.96
3.44
3.95
2.98
2.32
3.36
2.88
2.4
2.1
3.01
2.51
3.21
4.41
4.02
1.97
3.05
2.9
3.01
3.36
3.79
3.02
2.9
2.23
2.72
1.95
2.08
2.08
2.66
2.44
2.55
1.99
2.71
2.27
2.51
2.14
4.25
3.28
2.94
2.45
3.03
2.14
1.9
2.24
2.95
3.12
3.01
2.98
3.16
2.86
2.48
1.95
2.75
2.49
1.47
1.47
1.58
2.47
2.04
2.71
2.25
3
3.33
2.34
2.08
2.06
2.6
2.07
2
2.29
2.07
2.1
3.02
2.36
2.92
3.87
3.68
4
4.97
4.18
3.08
3.12
3.43
3.43
2.79
2.82
3.9
4.25
3.14
2.95
2.91
2.26
2.23
2.01
2.97
2.46
2.83
1.91
2.84
2.63
2.65
3.1
3.92
3.01
2.68
3.26
2.87
3.67
4.66
3.81
1.31
1.98
1.98
2.81
1.9
2.78
1.36
2.32
1.88
3.18
2.75
3.74
3.55
2.01
3.22
3.21
3.34
2.6
2.13
3.28
2.36
2.42
2.66
2.36
1.61
2.32
1.52
1.82
1.88
1.45
1.59
1.97
0.769
2.24
3.25
3.28
2.69
5.46
4.74
4.52
5.67
4.38
4.41
3.85
3.6
2.78
3.72
4.27
4.61
3.49
3.25
1.12
2.36
2.48
2.7
1.96
2.01
1.28
2.59
3.3
2.36
2.92
3.29
3.31
3.86
2.08
2.01
2.51
4.16
4.19
3.02
3.29
3.18
2.49
1.73
1.39
1.69
2.26
2.7
2.16
2.99
2.74
1.73
2.79
2.07
1.77
1.14
1.81
2.52
2.44
2.51
2.55
2.22
2.84
3.64
3.25
1.91
3.01
3.78
2.99
3.17
2.04
1.42
2.31
3.21
2.45
1.93
2.78
1.85
1.58
1.58
1.69
2.94
2.2
2.68
1.94
1.34
1.95
2.66
2.32
2.55
3.15
2.36
2.4
1.88
3.37
2.23
1.72
1.6
3.1
2.23
1.62
2.08
2.17
2.51
3.16
2.82
3.27
3.36
2.92
2.6
2.99
3.1
2.84
2.92
1.45
1.52
1.95
1.9
3.15
2.27
1.84
2.08
1.58
2.69
2.44
1.35
1.65
2.21
3.05
2.34
2.32
2.47
1.54
3.14
4.01
2.47
1.87
1.66
2.14
1.97
2.71
1.99
2.27
2.32
2.47
2.06
1.97
1.88
2.73
3
4.43
4.12
2.99
2.58
2.12
1.91
1.99
2.34
2.97
2.88
3.57
3.25
3.14
3.82
2.91
2.62
1.8
3.18
2.58
1.23
1.74
2.08
2.82
2.09
2.88
2.32
2.78
2.57
2.78
2.87
2.62
3.03
3.12
1.95
2.86
2.47
2.05
2.39
1.34
0.672
1.6
1.84
1.89
2.66
3.92
3.38
3.36
2.92
2.62
3.59
2.78
2.84
2.49
2.09
3.63
3.22
4.47
3.12
3.24
4.42
3.69
2.29
2.91
1.93
3.53
2.92
3.04
2.68
2.91
3.26
2.55
2.78
2.77
3.23
2.95
2.73
2.6
3.94
4.24
5.06
4.04
4.28
5.24
5.98
5.11
5.07
1.26
3.7
2.97
2.81
3.79
4.04
2.73
1.97
2.64
2.38
2.56
3.24
3.27
2.31
2.75
3.25
3.22
2.81
2.08
2.47
2.88
2.53
2.79
2.88
2.45
3.51
4.12
4.64
4.21
2.57
3.55
4.14
4.74
4.69
4.21
3.21
5.78
4.51
4.4
5.72
6.43
4.94
6.09
5.71
4.53
3.89
3.44
3.29
2.19
2.74
4.32
3.87
3.17
3.62
3.63
3.65
3.47
2.85
2.96
3.12
3.35
2.5
1.04
1.75
2.56
2.38
3.34
2.73
3.42
3.75
4.9
3.72
8.55
10.7
9.82
5.61
5.19
3.88
3.08
3.29
2.75
2.59
3.65
3.75
4.58
4.91
2.65
3.7
3.72
3.4
1.02
3.51
3.25
3.08
3.48
2.94
3.66
3.27
1.8
2.86
2.36
2.66
3.1
2.77
2.83
3.41
2.47
2.99
3.29
4.15
4.97
3.99
3.5
1.96
1.49
2.69
2.06
2.1
2.4
3.16
3.23
2.64
3.11
2.11
2.3
2.75
2.23
2.53
0.845
1.43
3.09
3.12
2.61
3.33
2.63
3.05
2.6
2.76
2.09
1.42
2.68
3.05
3.72
3.26
3.14
2.38
2.32
3.25
3.08
2.18
2.74
2.79
3.29
3.66
0.932
3.76
3.81
3.61
3.35
3.28
2.36
1.67
1.78
1.56
2.01
2.19
1.86
1.65
2.3
2.56
2.71
4.06
3.35
4.01
4.82
5.08
4.51
3.37
4.63
3.64
2.99
2.99
3.44
4.4
3.66
4.31
4.29
3.18
2.2
2.53
2.22
1.78
1.97
2.1
1.99
1.62
2.53
3.38
3.91
4.34
4.09
3.42
3.88
3.01
2.34
2.58
2.86
2.14
1.54
1.99
2.08
2.66
2.01
1.36
2.01
1.98
2.16
2.38
2.12
2.27
1.78
2.23
2.4
0.844
0
2.36
2.27
3.02
2.3
1.69
2.49
1.91
2.72
4.11
2.09
2.08
1.97
2.99
3.16
3.44
2.1
1.15
1.31
1.72
1.82
2.44
1.72
1.39
2.1
1.56
2.1
1.25
1.9
2.36
2.82
3.25
2.73
4.32
3.98
2.75
3.03
2.36
2.23
1.75
2.23
1.74
1.48
1.97
1.17
2.4
3.1
2.75
2.3
2.6
2.28
2
2.31
2.51
3.55
4.31
4.33
3.96
2.84
3.72
4.14
3.28
3.47
2.32
3.12
3.01
4.19
4.85
3.35
4.87
4.7
4.77
4.94
2.92
2.19
3.66
2.95
2.91
3.02
1.83
3.48
1.73
2.49
2.38
2.6
3.08
3.38
2.36
1.91
2.04
1.54
1.56
2.04
2.82
2.55
3.12
2.83
2.17
2.12
1.58
1.99
2.79
1.86
1.65
2.69
3.01
1.84
2.15
2.1
1.45
1.87
2.52
2.7
2.96
1.73
2.36
2.45
2.43
2.6
2.63
1.74
1.26
1.8
2.12
2.31
1.51
1.53
2.65
1.75
1.75
1.97
2.4
2.07
3.1
2.86
2.2
2.69
2.34
3.03
1.99
2.56
1.51
1.92
2.32
1.73
2.01
1.73
1.26
2.38
2.83
2.9
2.59
2.97
3.14
4.29
4.91
6
6.69
6.49
3.75
3.02
2.26
3.05
2.53
2.23
2.6
2.5
2.82
2.94
3.2
3.34
2.63
3.4
3.31
3.23
2.48
1.92
1.56
2.31
2.22
2.57
2.58
1.77
2.62
2.96
1.12
1.26
1.65
2.2
1.72
2.11
2
2
1.74
1.8
2.17
1.93
1.73
2.14
3.01
1.88
1.58
2.13
1.55
2.47
3.31
3.31
2.75
2.38
2.79
3.28
5.1
5.04
5.69
2.97
2.84
3.01
2.59
2.33
2.47
2.95
3.73
2.84
3.6
3.43
3.54
3.54
2.56
2.59
2.36
2.92
3.55
2.62
3.38
3.52
4.04
4.03
1.99
2.45
2.73
2.24
2.35
2.13
2.73
1.72
3.01
2.14
2.79
3.34
2.11
2.59
3.42
4
4.3
4.34
4.02
3.92
4.33
3.7
1.67
1.57
1.7
2.77
2.89
2.24
2.2
2.34
1.55
1.87
1.31
1.6
2.34
3.14
2.9
2.27
2.82
3.57
2.92
2.49
2.86
2.45
2.52
2.88
3.09
3.04
2.62
2.32
2.96
3.29
2.94
1.68
2.52
1.85
2.32
2.79
2.74
3.92
2.96
3.31
5.5
5.68
6.09
6.06
4.98
6.13
3.77
2.95
1.6
2.38
2.1
1.95
2.68
2.98
2.57
2.76
4.38
4.22
3.74
3.04
4.01
3.43
3.33
2.82
3.59
3.33
2.88
2.76
4.02
4.05
2.49
3.67
3.62
3.07
2.19
2.64
3.73
4.52
3.13
3.36
3.38
2.9
1.8
2.71
2.12
1.45
2
1.81
2.51
2.64
3.16
2.27
2.21
0.888
2.01
2.5
1.78
1.58
1.51
2.22
2.39
1.82
1.31
1.19
1.06
1.46
1.72
2.29
2.45
1.95
1.52
1.65
2.12
1.8
2.03
2.41
2.05
2.57
2.61
1.91
2.75
2.36
2.3
2.66
2.84
2.84
2.21
1.56
2.71
2.75
4.33
4.73
4.73
3.29
4.33
3.49
2.34
2.37
2.48
2.53
1.65
1.47
1.83
1.93
1.95
2.61
2.4
3.47
3.55
3.25
3.75
2.51
1.54
1.88
1.95
1.41
1.84
1.62
2.06
2.53
2.5
2.26
2.23
1.69
2.46
3.39
3.23
1.78
2.75
2.13
2.25
2.49
1.7
2.23
2.38
2.7
4.85
5.51
3.27
4.95
2.1
3.74
3.41
2.42
2.52
2.31
1.69
2.48
1.81
1.87
2.33
2.58
3.1
3.01
2.14
2.4
2.21
1.53
0.617
0
0
0
0
0
1.04
0.606
0.888
1.03
0.585
0.0867
0.0975
0.0108
0.0542
0.325
0.152
0.0325
0.152
0.13
0.336
0.542
0.542
0.0542
0.119
0.0108
0.217
0.271
0.357
0.108
0.227
0.347
0.26
0.314
0.466
0.162
0
0.206
0.412
0.639
0.368
0
0
0
0
0
0
0
0
0
0
0.249
0.0433
0
0
0
0
0
0.152
0.607
1.62
1.23
1.1
1.14
1.22
1.49
1.42
0.758
0.91
0.401
0.845
1.03
0.574
0.433
1.47
1.69
1.67
1.15
1.27
1.96
1.59
1.52
1.53
1.98
2.08
1.64
2.89
5.25
2.21
2.04
3.43
0.812
0
1.32
2.59
1.92
1.29
2.87
3.18
3.12
3.07
1.96
3.05
3.23
2.53
3.03
2.97
2.82
3.05
3.27
2.73
1.62
2.04
1.45
2.38
2.1
3.16
2.06
1.71
1.83
1.31
2.98
3.09
3.47
2.71
1.65
3.15
3.54
3.9
3.14
3.38
2.18
1.61
1.87
1.66
1.73
1.67
1.19
1.62
1.84
1.56
2.51
3.23
2.34
1.84
1.26
1.28
1.6
2.22
2.17
1.9
1.79
3.18
2.83
1.67
1.45
1.73
2.19
1.86
1.19
2.34
1.1
0.823
0
0
0
0.694
2.98
4.82
3.7
3.27
2.52
2.39
1.6
2.07
1.6
1.83
2.4
2.1
1.98
3.4
2.83
3.17
3.39
0.563
2.36
3.49
3.03
1.91
2.88
3.1
1.84
3.18
2.92
2.48
2.89
3.01
2.85
2.16
3.73
5.61
3.51
4.74
4.85
3.51
2.73
2.32
1.73
2.04
2.34
2.73
2.84
2.92
3.25
4.29
3.25
5.61
7.64
6.98
5.43
5
4.84
3.29
3.67
3.08
2.41
2.08
2.09
2.11
2.75
3.27
2.79
2.16
2.18
1.84
2.03
2.16
2.58
3.51
2.51
3.57
2.35
2.55
3.74
2.78
1.52
2.19
2.06
2.03
1.52
1.36
2.72
3.11
2.65
2.23
3.96
2.84
1.94
1.98
2.5
3.09
2.63
2.65
2.77
2.98
1.81
1.23
2.04
1.69
2.97
2.17
1.99
1.91
3.44
3.36
1.45
1.47
1.71
1.73
2.43
3.78
3.78
2.12
1.4
1.12
1.49
1.93
2.37
2.57
2.9
2.9
1.95
1.64
0.899
2.23
2.48
1.64
2.39
2.04
2.08
1.64
1.71
2.18
2.32
1.83
1.86
2.05
3.09
2.12
2.4
2.43
2.08
2.14
2.79
3.3
2.83
2.04
2.77
2.43
2.14
2.59
2.22
2.73
3.27
3.25
2.84
2.1
1.6
1.54
1.82
1.43
1.95
1.91
1.69
2.68
2.47
1.32
1.48
1.41
2.23
2.9
2.92
1.86
2.16
3.69
2.25
1.97
3.56
3.3
2.33
2.2
2.7
2.57
1.8
2.24
2.49
2.22
1.59
1.66
5.15
3.52
2.71
1.58
1.67
2.49
2.01
2.51
2.25
1.67
1.21
1.06
0.997
1.22
1.14
1.23
1.44
1.06
1.8
2.16
1.97
2.79
3.03
2.51
2.61
1.66
2.57
1.81
2.37
3.07
2.4
1.78
2.14
2.91
3.43
2.43
2.53
2.77
2.27
3.05
1.69
1.82