5.62
5.33
3.36
3.33
4.17
4.61
3.59
3.62
2.9
1.77
3.55
3.1
3.3
0.823
3.79
4.44
5.02
3.85
2.6
2.97
0.812
0.986
1.58
1.85
1.6
1.59
1.05
1.61
1.6
1.83
1.38
1.64
0.422
0.466
2.17
1.42
0.141
2.1
2.39
0.704
1.34
1.26
0.683
1.25
2.23
1.18
2
1.72
0.91
0.758
0.217
0.13
2.1
2.71
3.09
3.82
4.59
4.25
0.682
2.46
2.51
0.0325
0
2.1
1.67
0.119
0
0
0
0
0.379
5.28
3.17
3.89
3.18
3.2
2.98
2.69
1.68
3.09
2.91
4.02
3.91
3.82
3.05
1.03
1.94
2.7
2.61
2.34
2.37
2.35
2.35
1.93
2.59
1.98
3.34
3.53
3.09
1.67
2.16
2.29
4.35
4.65
5.64
6.1
4.41
3.74
4.96
3.29
3.47
4.46
5.52
4.97
5.19
3.56
4.65
3.95
5.36
5.84
5.54
2.99
3.95
4
1.4
3.22
3.02
3.67
3.09
3.04
2.61
1.73
0.173
0.401
2.03
1.86
0.942
1.84
0.942
2.12
2.61
2.18
4.03
3.05
4.41
5.65
5.37
5.84
4.39
3.87
5.62
5.33
3.36
3.33
4.17
4.61
3.59
3.62
2.9
1.77
3.55
3.1
3.3
0.823
3.79
4.44
5.02
3.85
2.6
2.97
0.812
0.986
1.58
1.85
1.6
1.59
1.05
1.61
1.6
1.83
1.38
1.64
0.422
0.466
2.17
1.42
0.141
2.1
2.39
0.704
1.34
1.26
0.683
1.25
2.23
1.18
2
1.72
0.91
0.758
0.217
0.13
2.1
2.71
3.09
3.82
4.59
4.25
0.682
2.46
2.51
0.0325
0
2.1
1.67
0.119
0
0
0
0
0.379
5.28
3.17
3.89
3.18
3.2
2.98
2.69
1.68
3.09
2.91
4.02
3.91
3.82
3.05
1.03
1.94
2.7
2.61
2.34
2.37
2.35
2.35
1.93
2.59
1.98
3.34
3.53
3.09
1.67
2.16
2.29
4.35
4.65
5.64
6.1
4.41
3.74
4.96
3.29
3.47
4.46
5.52
4.97
5.19
3.56
4.65
3.95
5.36
5.84
5.54
2.99
3.95
4
1.4
3.22
3.02
3.67
3.09
3.04
2.61
1.73
0.173
0.401
2.03
1.86
0.942
1.84
0.942
2.12
2.61
2.18
4.03
3.05
4.41
5.65
5.37
5.84
4.39
3.87
5.62
5.33
3.36
3.33
4.17
4.61
3.59
3.62
2.9
1.77
3.55
3.1
3.3
0.823
3.79
4.44
5.02
3.85
2.6
2.97
0.812
0.986
1.58
1.85
1.6
1.59
1.05
1.61
1.6
1.83
1.38
1.64
0.422
0.466
2.17
1.42
0.141
2.1
2.39
0.704
1.34
1.26
0.683
1.25
2.23
1.18
2
1.72
0.91
0.758
0.217
0.13
2.1
2.71
3.09
3.82
4.59
4.25
0.682
2.46
2.51
0.0325
0
2.1
1.67
0.119
0
0
0
0
0.379
5.28
3.17
3.89
3.18
3.2
2.98
2.69
1.68
3.09
2.91
4.02
3.91
3.82
3.05
1.03
1.94
2.7
2.61
2.34
2.37
2.35
2.35
1.93
2.59
1.98
3.34
3.53
3.09
1.67
2.16
2.29
4.35
4.65
5.64
6.1
4.41
3.74
4.96
3.29
3.47
4.46
5.52
4.97
5.19
3.56
4.65
3.95
5.36
5.84
5.54
2.99
3.95
4
1.4
3.22
3.02
3.67
3.09
3.04
2.61
1.73
0.173
0.401
2.03
1.86
0.942
1.84
0.942
2.12
2.61
2.18
4.03
3.05
4.41
5.65
5.37
5.84
4.39
3.87
5.62
5.33
3.36
3.33
4.17
4.61
3.59
3.62
2.9
1.77
3.55
3.1
3.3
0.823
3.79
4.44
5.02
3.85
2.6
2.97
0.812
0.986
1.58
1.85
1.6
1.59
1.05
1.61
1.6
1.83
1.38
1.64
0.422
0.466
2.17
1.42
0.141
2.1
2.39
0.704
1.34
1.26
0.683
1.25
2.23
1.18
2
1.72
0.91
0.758
0.217
0.13
2.1
2.71
3.09
3.82
4.59
4.25
0.682
2.46
2.51
0.0325
0
2.1
1.67
0.119
0
0
0
0
0.379
5.28
3.17
3.89
3.18
3.2
2.98
2.69
1.68
3.09
2.91
4.02
3.91
3.82
3.05
1.03
1.94
2.7
2.61
2.34
2.37
2.35
2.35
1.93
2.59
1.98
3.34
3.53
3.09
1.67
2.16
2.29
4.35
4.65
5.64
6.1
4.41
3.74
4.96
3.29
3.47
4.46
5.52
4.97
5.19
3.56
4.65
3.95
5.36
5.84
5.54
2.99
3.95
4
1.4
3.22
3.02
3.67
3.09
3.04
2.61
1.73
0.173
0.401
2.03
1.86
0.942
1.84
0.942
2.12
2.61
2.18
4.03
3.05
4.41
5.65
5.37
5.84
4.39
3.87