11.4
6.16
10.8
8.6
9.03
9.81
7.63
4.87
4.74
8.18
8.07
4.94
6.82
7.86
8.6
9.38
5.34
5.02
7.98
6.05
6.22
7.86
9.5
9.53
12.7
11.2
13.1
12.2
11
10.1
15
13.4
10.6
12.4
9.75
7.98
6.79
8.08
8.87
8.35
6.91
12.1
9.9
8.28
10.2
9.09
8.54
13.6
12.6
8.64
8.43
9.34
12
13.5
9.36
8.56
10.2
15.3
16.9
17.3
16.4
13.9
13.8
13.7
14.7
10.8
10.7
8.16
7.69
7.55
1.93
3.45
2.78
2.04
3.43
0.791
2.44
1.26
2.2
0.65
0.997
2.21
1.18
1.08
1.14
1.34
0.899
0.0433
0.726
0.0758
0.694
0.13
0.162
0.0325
0.173
0.141
0.173
0.0975
0.336
0.563
1.3
2.09
1.47
2
2.39
3.16
2.55
3.77
3.51
4.19
5.02
7.15
6.61
6.59
10.5
10.3
11.8
8.44
10.3
11.4
8.59
6.93
8.37
4.85
5.61
4.99
4.74
3.6
4.89
6.11
5.6
6.15
4.98
6.9
5.22
4.57
4.22
3.26
3.17
3.09
2.34
3.31
5.15
2.88
2.27
2.92
2.32
2.9
2.11
3.2
5.04
5.99
5.85
6.72
5.23
5.36
6.16
5.63
7.27
5.94
6.43
2.62
4.12
4.66
2.97
3.98
4.39
3.02
3.93
3.12
2.71
3.16
2.19
2.17
2.82
3.31
3.23
5.23
5.51
3.35
5.64
5.98
4.12
6.07
8.44
4.98
3.04
4.74
4.98
3.83
4.79
4.44
4.43
5.23
5.32
5.28
5.46
8.08
6.89
6.52
5.51
8.33
8.17
8.93
6.65
6.78
5.13
2.63
2.07
1.35
1.57
0.0433
0
0
0.0542
0.0433
0.227
0.163
0.0108
0.119
0.162
0.0541
0.0108
0.13
0.184
0.217
0.271
0.628
0.856
0.314
1.48
1.18
1.03
1.78
1.59
0.769
1.25
0.758
0.899
0.888
0.498
0.639
0.747
1.06
1.13
0.964
1.19
0.834
0.964
0.498
0.0108
1.25
0.791
0.693
0.314
0.455
0.433
0.596
0.791
0.867
0.682
1.64
1.69
2.51
2.18
3.23
3.16
3.05
2.69
2.34
2.88
2.36
2.35
2.12
3.05
2.81
1.13
1.7
1.34
1.8
1.77
2.05
2.13
2.13
2.25
2.59
2.29
2.24
2.64
2.9
3.64
3.23
3.08
2.39
2.56
3.38
3.01
3.04
3.62
3.35
3.46
3.18
0.585
0.553
1.88
0.065
2.53
1.66
1.43
1.03
1.6
1.74
1.65
1.46
1.57
2.3
1.99
2.69
2.3
2.58
2.74
3.21
2.58
2.1
2.86
3.09
2.23
2.08
2.76
2.71
2.32
3.22
3.35
3.64
2.07
3.66
3.35
3.29
4.34
4.6
3.63
3.42
2.79
3.6
3.77
2.19
1.99
1.97
2.76
2.53
2.68
1.86
2.3
2.26
2.29
2.71
4.34
3.88
4.35
3.63
4.19
3.85
3.7
4.35
4.18
4
5.12
4.24
4.89
3.82
4.65
4.8
4.66
4.07
3.74
3.5
3.54
4.13
3.91
4.3
4.18
3.03
3.93
3.77
4.99
4.43
5.09
5.36
4.43
4.85
4.22
4.99
5.61
4.22
4.46
4.74
4.57
4.26
4.38
4.28
4.14
4.05
3.41
3.93
3.69
4.08
5.9
4.34
4.18
4.34
5.2
5.51
5.49
5.33
5.36
6.45
4.79
0.314
10.8
3.36
3.64
3.34
2.81
3.63
2.86
3.48
2.51
3.5
2.75
2.09
3.04
4.38
4.27
4.87
3.65
4.41
4.15
4.74
6.34
5.97
5.02
5.29
5.39
4.87
6.05
5.26
4.99
5.11
6.12
6.78
4.22
5.32
5.5
5.07
6.53
6.19
3.8
6.67
8.38
8.39
10.4
8.23
6.02
7.72
6.23
5.04
4.35
4.32
4.51
4.91
4.07
4.07
5.07
6.54
8.29
8.15
8.18
8.32
11.3
11.1
10.7
13.9
8.62
9.94
13.7
10.8
13.1
14.3
14.8
12.8
6.61
11.9
12.8
12.3
8.68
14.3
12.7
10.9
11.8
8.89
9.2
6.02
6.36
7.35
9.26
10.5
11.4
9.72
10.3
14.9
18.9
22.3
21.4
20.3
18.1
18.8
16.1
13.8
4.79
5.91
5.98
6.48
5.64
8.09
2.71
1.08
0.52
0.888
2.77
3.74
3.63
4.73
4.26
5.18
7.06
6.26
7.49
8.41
12
13.8
9.25
9.23
9.49
10.3
8.94
9.34
8.93
7.82
5.74
7.45
5.81
5.37
7.07
4.76
6.44
6.51
5.19
6.62
6.43
7.3
4.38
6.41
7.73
5.7
6.77
6.94
4.09
3.41
6.99
7.73
5.95
5.75
7.12
6.14
3.34
2.9
5.26
5.96
8.08
7.94
7.55
7.32
6.5
7.24
6.24
4.73
5.95
8.28
4.58
6.96
6.83
6.37
6.58
8.12
7.92
5.77
7.76
7.57
6.32
7.15
7.65
9.22
8.11
9.66
8.9
6.5
7.46
8.63
8.98
7.69
9.02
8.38
8
6.14
4.54
5.37
5.42
5.44
5.34
5.18
6.91
5.29
4.68
6.28
4.31
5.94
7.02
6.04
6.9
6.16
6.03
6.12
5.97
4.71
2.26
2.78
1.81
0.693
0.802
3.36
4.78
4.55
4.33
7.25
6.69
6.01
6.6
5.06
4.37
4.53
6.28
5.92
7.63
5.77
8.8
7.13
6.89
9.11
8.71
8.61
9.2
10.9
10
10.2
9.12
9.66
8.95
7.76
8.91
11.3
8.62
8.97
8.88
9.78
10.6
7.28
9.41
9.71
10.4
8.16
9.63
12.2
6.82
9.46
9.37
6.42
6.93
6.94
6.65
7.4
6.39
6.57
7.25
7.02
7.8
8.47
8.45
9.32
8.54
9.9
9.19
8.46
7.9
4.87
8.8
8.54
6.89
7.43
6.86
6.56
10.6
8.84
9.15
9.63
8.7
5.39
7.59
7.19
4.94
4.94
5.58
7.93
5.99
8.96
8.67
5.73
8.91
8.14
8.16
8.13
7.92
9.23
9.47
4.46
5.96
6.92
7.63
7.02
9.11
5.69
0.0867
2.12
1.08
2.21
3.27
4.5
4.47
4.94
5.25
8.46
10.7
6.48
9.78
8.5
11.4
9.29
5.92
8.75
8.4
6.63
4.65
4.59
5.5
5.13
5.89
10.8
12.5
9.13
10.3
8.96
6.79
8.43
9.99
6.88
7.59
6.56
9.08
8.9
6.01
3.77
7.14
7.44
8.29
7.4
6.45
6.72
5.61
6.41
5.11
4.12
8.02
5.96
4.68
3.89
4.47
4.53
5.12
7.1
6.9
6.11
6.81
6.81
6.64
6.72
7.14
6.28
7.78
7.74
8.58
6.2
4.09
5.13
5.7
5.61
6.33
5.61
6.46
4.57
5.59
5.16
5.07
2.22
3.95
3.87
4.82
4.17
4.34
5.24
5.37
4.4
5.22
5.81
6.38
5.23
6.5
7.56
6.53
7.9
6.41
6.39
8.69
8.1
7.03
6.04
5.88
6.48
7.65
9.32
8.85
8.26
9.97
7.04
5.03
6.9
10.9
8.44
7.25
4.52
4.27
4.65
4.73
4.74
4.11
3.74
3.7
4.21
4.42
5.11
4.99
4.39
6.62
4.81
5.7
4.72
5.42
5.09
3.31
3.79
3.64
5.12
6.4
7.23
6.51
5.34
3.3
5.61
5.13
5.65
2.77
2.92
2.88
2.56
4.05
4.79
4.4
5.28
6.35
10.5
10.8
9.39
12.1
10.4
9.71
9.39
8.09
5.46
7.42
7.16
6.53
6.82
4.15
3.33
4.2
4.91
3.24
3.24
3.25
4.51
4.85
4.2
5.37
5.69
6.87
7.73
5.82
5.89
6.64
6.45
4.79
6.34
4.03
5.65
4.69
6.51
6.08
6.1
5.93
1.93
4.04
6.42
5.64
5.91
5.71
5.05
5.9
6.16
5.56
6.32
4.32
6.11
7.3
6.29
6.47
6.62
4.85
5.44
5.2
5.5
4.92
6.41
5.49
5.67
4.5
5.95
6.36
8.18
7.09
3.34
5.25
4.46
6.58
7.9
7.83
6.58
6.19
5.86
4.82
4.19
4.43
3.93
4.22
3.76
2.68
3.03
2.92
2.35
2.14
1.53
2.9
3.25
2.19
2.43
2.99
1.43
1.37
2.27
2.2
3.52
3.42
3.25
5.62
5.33
3.36
3.33
4.17
4.61
3.59
3.62
2.9
1.77
3.55
3.1
3.3
0.823
3.79
4.44
5.02
3.85
2.6
2.97
0.812
0.986
1.58
1.85
1.6
1.59
1.05
1.61
1.6
1.83
1.38
1.64
0.422
0.466
2.17
1.42
0.141
2.1
2.39
0.704
1.34
1.26
0.683
1.25
2.23
1.18
2
1.72
0.91
0.758
0.217
0.13
2.1
2.71
3.09
3.82
4.59
4.25
0.682
2.46
2.51
0.0325
0
2.1
1.67
0.119
0
0
0
0
0.379
5.28
3.17
3.89
3.18
3.2
2.98
2.69
1.68
3.09
2.91
4.02
3.91
3.82
3.05
1.03
1.94
2.7
2.61
2.34
2.37
2.35
2.35
1.93
2.59
1.98
3.34
3.53
3.09
1.67
2.16
2.29
4.35
4.65
5.64
6.1
4.41
3.74
4.96
3.29
3.47
4.46
5.52
4.97
5.19
3.56
4.65
3.95
5.36
5.84
5.54
2.99
3.95
4
1.4
3.22
3.02
3.67
3.09
3.04
2.61
1.73
0.173
0.401
2.03
1.86
0.942
1.84
0.942
2.12
2.61
2.18
4.03
3.05
4.41
5.65
5.37
5.84
4.39
3.87
4.16
4.32
2.58
6.25
6.15
5.94
0.78
4.68
2.88
6.29
9.41
8.97
7.53
7.99
8
8.41
8.15
8.28
8.49
9.04
9.46
9.72
9.51
9.43
10.4
9.81
9.16
7.49
7.68
8.24
9.44
7.73
9.34
6.96
7.55
7.63
9.28
9.27
9.62
8.4
8.1
7.65
8.89
5.71
6.37
5.44
5.59
5.62
6.66
6.87
6.16
6.01
6.42
6.54
4.66
5.51
5.57
6.02
5.82
3.92
4.96
3.6
5.26
6.42
6.46
6.25
6.06
4.78
6.38
5.02
4.35
4.94
5.11
5.16
5.56
4.19
3.96
4.09
4.09
4.54
4.82
3.98
3.94
5.1
4.82
5.09
5.47
7.41
6.37
5.95
5.47
5.9
6.17
7.18
6.08
7.01
7.78
6.9
7.44
6.52
6.11
6.54
6.52
7.41
7.84
7.57
7.66
7.41
7.26
6.86
8.22
7.68
7.09
7.31
7.6
8.96
6.9
4.24
7.67
4.31
6.22
3.78
3.82
4.5
5.64
5.74
6.42
5.84
5.72
5.88
8.59
6.87
7.85
7.53
7.58
6.88
8.6
8.98
8.03
6.86
6.85
5.9
6.77
7.89
8.49
8.26
9.86
8.28
10.6
8.03
7.43
8.35
8.94
9.2
9.09
7.16
9.41
6.42
7.07
7.47
7.66
5.7
6.79
5.87
5.41
8.73
7.35
6.86
6.52
8.95
6.54
8.85
8.87
8.24
6.48
7.68
8.84
9.42
9.02
9.01
8.3
7.83
7.96
7.38
8.97
5.62
10.4
7.28
8.94
7.57
8.52
6.44
6.59
7.59
7.73
7.78
7.93
7.21
6.47
5.24
3.78
4.02
6.77
4.99
6.5
6.46
4.72
5.24
6.86
6.89
5.61
6.13
5.35
5.3
3.87
6.35
3.84
6.06
5.7
6.63
7.64
6.82
8.03
6.59
8.73
7.66
9.9
10.2
10.9
11.9
11.4
11
10.7
11.9
11.3
9.79
9.61
11.2
10.9
5.05
5.66
4.87
3.62
4.55
5.88
5.33
5.87
6.28
5.38
4.54
3.6
6.78
5.77
4.32
5.63
5.3
4.53
3.24
1.43
1.36
0
0
0
7.08
3.82
6.17
4.07
5.33
7.28
6.38
7.32
6.23
7.71
6.39
8.6
9.33
10.5
11.4
13.3
13.6
13.9
13.9
13.8
14
13.8
6.16
19.5
12.8
13.8
17.4
12.5
12.8
13.4
14.3
13.7
14
10.7
15.2
12.4
13.2
13.5
13.2
5.05
13.6
13.6
12.6
13.8
9.44
14.3
9.52
10.9
8.71
11.2
8.24
6.66
10.1
8.76
9.28
11.4
10.3
9.47
9.58
8.3
8.9
8.85
9.45
9.98
9.15
11.7
11.1
8.48
11.2
10.1
12.6
12.3
12.2
6.98
9.4
9.27
4.53
7.81
8.15
3.69
6.32
5.97
5.91
6.98
6.47
6.94
4.96
5.75
5.11
4.16
5.09
5.63
6.68
5.97
6.64
8.02
12
8.37
7.18
9.37
7.86
8.73
9.39
11.4
8.95
6.28
7.95
9.24
5.62
6.43
9.94
9.59
11.6
8.54
12
7.65
9.24
9.23
13.1
13
9.47
11
13.8
12
9.65
9.68
7.47
8.09
7.95
6.5
7.94
7.6
9.74
6.68
13
14
12.9
13.8
12.9
13.6
13.1
12.7
15
13.1
14.1
13.1
13.6
11.8
13.5
14.3
13.7
12.2
6.65
8.04
6.65
8.75
9.35
8.38
7.97
6.19
4.25
2.23
5.52
5.88
5.91
6.88
4.93
8.42
9.27
8.44
5.12
7.33
5.65
3.42
5.5
5.37
5.34
8.02
7.99
7.73
9.74
9.21
8.26
12.9
7.94
8.82
5.57
4.46
6.41
6.54
7.67
5
4.29
3.85
3.8
5.33
5.7
5.76
8.59
8.57
11.7
13.6
12.4
14.3
14
14.9
14.3
15.6
5.22
3.36
17.2
10
11
11.5
12.1
11.2
8.23
7.95
6.2
8.35
8.19
7.53
8.02
6.27
9.2
4.51
3.46
5.11
6.45
7.84
3.67
7.5
8.69
7.99
5.25
6.48
6.88
5.93
7.23
8.21
8.43
6.2
4.27
4.94
5.88
5.33
6.09
4.76
4.51
5.22
5.31
2.79
3.9
4.42
6.33
5.57
7.65
8.64
6.3
6.16
10.1
11.4
11.9
12.8
9.93
12.1
13.1
15.4
12.3
15
11.8
12.4
13.8
11.1
12.1
10.9
11.5
10.1
9.87
11.5
11.3
13.7
12.6
14.1
14.1
13.8
12.4
13.6
12.7
14.2
14.3
13.3
15.1
14.8
14
13.6
4.95
15.1
11.4
13.1
14
14.3
13
13.7
10.2
8.54
16
13.1
12.5
13.2
13.2
13.4
13
13.5
11.1
13.9
11.5
12.5
11.4
13
13.6
13.7
13.8
12.4
12.6
13.6
8.59
17.4
14.8
13.9
13.5
13.6
13.8
13.6
12.5
14.8
12.5
12.4
12.3
11.8
12.9
11.9
9.91
7.31
9.72
9.21
8.74
8.87
10.5
11.2
9.86
12.5
13.5
5.49
10
8.6
9.12
6.53
6.02
5.08
6.2
5.47
6.35
7.16
7.47
7.45
6.35
6.4
4.44
5.63
6.32
9.6
6.15
7.51
8.68
8.82
6.63
6.89
7.97
9.84
8
7.04
9.08
7.38
7.89
9.01
7.6
9.41
7.57
6.82
8.86
8.8
8.6
7.82
6.98
5.37
8.86
7.53
3.75
7.52
4.8
5.48
7.66
8.13
2.56
6.81
5.34
6
4.53
6.47
7.33
6.11
7.89
4.33
7.47
9.28
9.68
9.25
7.78
7.83
6.41
6.3
9.77
8.71
7.52
6.65
7.3
7.78
7.45
7
7.74
9.71
9.59
9.28
8.21
8.33
10.1
6.04
7.89
5.96
6.19
7
4.91
6.17
4.86
7.92
7.65
8.02
8.21
7.5
7.76
10
9.98
11.1
10.7
3.22
11.7
4.67
4.57
3.49
4.64
5.08
4.93
3.9
3.26
3.78
2.89
0.476
0
0
0.293
2.18
2.82
3.25
3.35
5.61
3.03
3
5.87
8.55
9.21
9.18
11.7
11.8
8.63
11.8
11
8.55
5.55
6.21
0.455
3.08
2.84
4.6
5.52
5.71
6.93
7.02
5.37
8.41
9.06
9.98
8.78
7.89
6.53
11.4
11.5
11.2
8.32
7.88
5.99
5.17
10.2
10.3
9.61
8.87
7.59
8.02
9.73
7.47
5.94
6.59
8.05
10.8
11.4
11.3
11.2
12.1
11.9
11.1
11.7
12.3
12
11.5
12.4
11.2
10.7
10.5
11.4
12.5
9.91
5.52
7.69
5.42
6.39
7.11
3.12
6.49
7.39
10.4
9.12
9.23
8.52
9.06
7.79
11
11.7
11.2
11
11.1
12
11.2
12.2
12.5
11.3
4.9
2.42
0.0108
6.25
2.84
2.63
3.7
4.86
4.2
4.78
4.99
4.32
4.71
6.2
5.39
4.82
6.69
7.58
7
7.57
5.18
8.1
7.68
7.89
6.79
7.7
6.91
6.83
7.85
13.6
10.8
12.6
13.2
13.2
17.2
17.9
15.3
16.5
18
18.7
13.8
13.2
13.7
15.3
16.3
14.2
11.1
15
13.3
12.8
13.9
8.33
11.3
10.5
9.45
12.5
14.9
11.9
18.4
15.8
14.9
16.4
15.8
14.4
13.6
16
14.4
14.2
11.9
11.8
10.4
9.25
12.1
14.6
17.2
18.5
16.3
15.3
16.5
18.6
16.7
18.7
15.7
18.5
12.4
12.9
12.3
13.4
14
11.5
11.6
9.86
11.9
11.4
9.8
9.7
11.4
14.5
14
13.4
12.8
14
11.4
8.33
14.2
14.6
12.2
13.2
12.5
13.3
13.5
14.9
12.5
14.6
11
16.6
14.8
15.7
14.5
13.9
10.7
9.97
11.4
13.2
8.41
10.6
5.83
1.56
2.56
2.64
4.59
5.37
5.72
8.07
11.1
14.3
10.6
10.6
12.8
10.1
12.3
11.7
8.75
9.79
9.42
10
11.7
10.2
9.73
8.57
12.3
9.71
11.6
12
11.6
11.3
6.01
7.9
7.21
7.82
10.4
9.14
8.91
9.69
8.94
10.7
9.58
7.95
7.05
10.6
5.73
11.8
11.5
11
10.2
9.33
10.8
12.4
9.34
9.5
6.64
7.44
2.53
3.03
3.46
4.29
5.2
6.62
6.72
9.12
9.75
10.8
12.2
9.87
9.06
5.23
4.16
5.49
7.45
9.73
11.2
8.56
10
8.82
7.82
8.82
8.77
6.75
6.3
7.32
8.69
7.01
5.83
5.29
8.43
8.15
5.91
6.73
7.43
6.62
3.33
5.23
6.16
6.11
8.72
7.96
10
5.98
3.2
4.11
3.54
4.59
4.92
4.8
6.8
7.78
9.23
9.52
8.2
7.86
7.73
9.11
10.8
13.3
6.8
7.55
5.58
7.3
7.31
5.86
6.39
8.75
9.29
6.05
8.61
7.93
8.46
6.42
11.7
12
9.55
12
6.51
8.17
10.1
8.1
9.74
7.93
10.2
7.28
6.98
9.23
6.17
8.61
8.23
6.73
8.36
10.9
8.69
6.67
9.76
9.93
12.7
10.8
9.75
14.3
19.4
17.1
17.1
16.3
19.4
17.7
12.6
10.9
13.7
13.9
1.08
0.91
0.238
0.108
0.812
1.17
2.01
2.56
2.88
3.62
6.61
12.7
16.6
14.2
18
17.1
16.7
15.7
14.5
14.7
15.6
17.8
17.3
16.6
16
16
14.3
17.2
17.4
11.8
15.3
11.3
9.95
15
10.4
14.7
14.5
12.6
11.8
7.44
9.33
11.5
11.1
10
8.21
12.2
10.2
11.9
10.7
11.3
11.5
13.4
12.2
12.5
7.07
7.97
4.69
3.81
4.9
6.59
8.8
6.65
9.27
8.24
9.14
11.6
12.3
11.6
11.5
9.46
13.3
11.5
12.5
14.7
14.8
14.2
15.7
15.3
12.3
3.42
4.91
4.86
4.57
8.19
6.33
7.5
5.29
4.53
4.07
4.59
7.43
4.51
7.25
9.52
9.38
10.4
11.4
11.6
10.4
11.9
10.6
5.83
1.8
0.856
0.888
1.02
0.78
0.737
0.975
1.21
0.823
1.13
0.693
0.866
1.02
1.71
1.54
2.6
3.44
4.17
4.28
4.14
5.73
5.91
3.39
2.71
2.34
4.16
2.97
5.5
4.9
5.39
5.19
5.1
5.81
5.73
5.98
5.31
4.78
5.44
5.11
5.98
4.46
4.5
5.58
6.47
4.45
4.68
4.55
4.4
4.2
4.51
5.69
6.34
5.98
6.79
10.6
9
10.6
11.2
9.66
11.8
2.88
3.29
4.52
5.63
6.5
10.4
11.4
3.96
6.47
7.81
6.07
6.21
4.83
5.71
5.54
7.5
6.69
6.2
7.49
7.56
7.06
6.57
5.94
8.35
7.92
5.38
8.03
9.28
8.71
6.66
6.52
7.02
8.2
6.43
9.77
7.91
7.59
5.85
13.6
12
11.8
10.7
11.4
10
9.32
10.2
11.6
8.84
12.5
12
12.2
9.39
10.2
11.8
13.2
13.1
13.3
13.2
13.8
13.3
13.5
13.6
12.2
14.2
13.4
14.7
12.4
12.3
14.5
14.2
14.6
14.3
12.3
15.6
14.7
14.4
13.6
14.9
14.1
12.8
14
14.7
13.6
13.9
12.2
14
13.8
14.5
12.8
13.8
13.9
13.8
14.4
12.4
14.5
13.9
15.1
14.9
13.1
13.6
13.7
13.8
13.8
12.4
11
12
13.1
12.8
13.6
14.2
13.8
14.5
14.1
13.4
12.7
12.9
11.5
13.3
10.8
9.61
6.81
8
6.66
5.44
3.36
4.79
2.37
3.35
4.41
4.46
5.03
6.66
6.2
8.35
7.69
8.24
7.82
10.3
8.77
6.02
5.44
6.18
5.48
5.09
4.06
4.77
4.16
4.08
3.57
4.7
3.64
5.12
4.29
4.83
4.06
4.53
2.17
2.76
4.06
5.75
4.8
7.38
7.36
7.95
3.7
3.57
5.16
4.13
3.78
4.86
5.45
4.05
7.59
3.5
5.88
7.51
7.39
8.88
9.54
9.8
11.2
10.7
3.73
18.2
1.12
3.51
2.11
7.76
12.8
7.29
0.303
6.26
10.6
4.52
5.11
6.02
5.38
5.76
6.09
5.8
6.35
6.28
6.08
5.87
6.66
9.34
6.1
10.2
8.66
7.42
7.5
8.97
5.31
10.1
5.57
3.99
0
16.9
3.24
4.96
10.8
4.4
7.66
7.2
10.4
7.85
1.72
12.5
5.63
4.65
0.0866
10.1
3.61
1.84
6.24
3.1
3.1
2.57
4
2.9
3.79
1.74
0
4.76
4.87
1.59
1.68
0
1.11
3.06
0
3.72
1.51
1.8
1.08
2.1
1.53
1.64
2.27
1.54
2.18
7.34
8.5
5.44
1.93
4.77
5.29
5.39
5.71
5.55
5.68
5.63
6.4
6.23
6.51
4.62
8.19
5.62
6.34
5.33
6.1
5.15
5.78
3.78
5.62
5.16
4.12
6.59
4.79
5.28
5.34
4.95
5.59
4.73
3.76
4.55
4.44
5.3
5.99
5.65
6.65
6.74
5.98
6.4
5.75
3.62
4.97
5.36
6.61
5.31
4.96
5.68
4.42
2.14
2.46
4.54
4.46
2.4
1.22
2.86
3.04
2.36
2.73
3.49
3.69
4.47
5.19
4.8
6.4
5.76
6.38
6.43
5.64
6.14
6.79
5.46
5.36
5.35
6.22
5.5
6.2
6.62
6.21
6.08
5.95
4.66
3.18
1.9
4.26
4.61
5.09
4.51
5.25
6.84
7.74
7.55
6.36
1.06
8.24
1.83
3.37
3.65
4.26
4.81
6.34
7.05
7.55
6.1
6.65
5.98
3.91
3.71
4.94
4.01
1.75
0
1.66
5.82
5.08
3.7
2.72
3.47
0.173
0.152
0.184
0
3.18
3.76
3.74
4.93
5.39
4.93
4.22
3.89
0
0.0217
0
0
3.42
2.88
1.86
0.0649
3.99
3.21
0.357
2.67
1.25
0.0108
1.58
1.85
0.303
0.0974
0
4.64
3.95
2.41
3.83
5.44
6.57
6.89
5.96
6.86
8.25
10.8
9.37
7.27
13
9.02
8.17
9.23
9.49
8.76
8.77
8.4
9.27
6.78
9.19
9.71
9.76
9.09
10
9.11
8.96
10.9
9.04
10.1
8.68
11.9
10.4
10.8
9.9
7.59
9.14
8.47
8.18
6.26
2.98
8.84
3.44
5.29
5.38
7.18
5.72
3.91
4.7
2.91
2.68
4
4.06
3.13
4
2.2
2.66
3.53
3.6
4.07
4.29
2.63
2.18
1.99
3.2
2.81
2.91
3.46
4.52
5.45
5.17
4.77
5.1
3.33
3.49
4.53
5.34
7.13
6.9
7.1
5.46
1.01
3.27
4.44
5.02
6.8
6.32
4.34
8.14
9.95
10.9
11.4
10.1
9.77
6.27
10.4
12.2
9.56
12.1
9.52
10.4
9.37
4.64
6.26
7.8
9.27
8.5
6.99
8
12.7
11.7
12.7
12.5
6.17
13
12.2
11.5
11.1
11
12.9
9.8
10.3
10.4
11
8.6
12.4
11.3
12.2
11.6
10.2
11
11.1
11.9
10.2
10
11.9
9.38
10.1
5.69
7.17
10.1
10.2
10.4
9.69
10.3
11.2
11.7
12.1
11.4
11.1
11.8
12
11.4
11.2
8.64
11.6
10.1
11.3
9.68
8.43
9.1
10.9
9.84
10.9
9.86
12.4
7.08
7.9
6.08
8.32
9.84
8.89
4.36
3.56
6.9
9.58
10.2
10.5
10.5
9.68
5.77
9.6
11.1
9.1
10.5
8.45
10.8
10.5
10
12.3
12.2
11.1
12.7
11.8
12.2
12.5
9.09
12.6
9.88
10.6
8.31
9.32
8.63
0.747
0.747
1.43
2.13
4.37
4.69
5.46
6
7.15
8.35
10.1
7.08
10.7
12.6
10.1
10.9
12
12
8.85
14.2
11.2
10.4
10.6
10.4
9.04
9.2
9.53
11.6
10.3
8.67
9.3
8.99
8.82
9.07
10.3
7.8
8.96
8.9
4.12
4.79
6.11
7.73
9.34
10.1
10.2
10
9.87
11.2
12.3
10.3
11
12.7
12.6
13.1
11.8
12.1
12.1
12.6
9.61
3.65
4.31
3.72
4.61
7.03
11.4
10.1
5
6.88
7.83
9.4
8.25
8.2
7.92
9.76
4.59
4.03
4.9
7.14
7.93
9.13
8.51
8.04
8.09
5.42
5.63
5.83
4.99
0.758
1.79
5.98
8.5
8.3
4.77
2.11
1.13
2.45
3.08
2.43
1.67
2.08
3.47
3.25
4.61
5.32
4.94
5.18
4.55
2.47
1.9
0.152
4.13
3
3.63
4.63
5.81
4.57
6.33
5.13
6.21
5.6
7.22
6.64
6.6
7.24
8.09
8.41
6.98
4.63
5.22
7.34
8.1
7.08
4.66
4.63
6.4
7.37
8.49
7.25
5.29
6.79
5.72
4.55
4.7
6.9
7.33
7.35
8.81
8.64
8.88
9.39
11.1
10.6
12.6
11.4
12.3
11.8
7.71
5.3
3.17
3.39
3.04
2.32
2.4
2.04
3.17
4
4.16
5.46
5.2
5.09
5.77
7.47
4.45
6.01
7
7.01
7.49
6.21
8.58
9.79
8.83
9.8
13.7
10.8
13.5
12.9
13.7
11.8
12
11.6
11.6
9.23
12.2
8.69
12.1
8.73
10.8
11.7
12.9
14.1
12.6
13.6
14
14.5
13.3
11.5
13.4
14
14.4
14.4
14.1
15.1
15.2
14
14
15.2
15.7
13.7
15.3
14.1
15.7
13.7
13.4
17.3
15
15
15.1
15
15.2
15.4
15.2
15.3
14.1
15.2
15.7
14.4
14.1
13.6
15.2
14
16
14.1
16
14.8
15.2
12.1
17.2
15
13.9
13.4
14.1
15.1
14.4
9.8
17.5
14.4
14.3
14.1
14.2
13.8
15.3
14.3
14.3
13.6
14.3
12.2
14.8
14.5
12.4
13.7
13.3
13.5
15.1
13
14.7
15.6
14.8
14.7
14.3
14.7
15.1
14.4
15.3
14.4
14.3
14.2
13.4
15
13.7
11.1
16.2
13.3
14.5
10.2
14.6
14
14.1
14.2
14.5
14.6
15.1
14
16.1
14.1
15.2
15.1
14.4
9.96
17.2
7.58
17.1
15.6
8.94
18.6
14.3
14.1
15.2
14.3
14.4
13.3
13.3
13.9
10.6
17.3
14.6
14.1
14.3
14.1
14.1
14.4
14.4
14.2
13.4
11.7
15
15.2
14.8
14.4
15.2
13.6
13.7
15
14.1
14.6
14
2.13
14.9
9.12
9.38
11
7.96
5.97
11.2
10.3
10.6
8.12
11.7
11.8
13.6
12.9
14.3
15.6
12.2
13.3
14.3
13.1
11.7
7.24
10.8
11.1
10.7
9.74
12.1
12
10.2
10.8
11.9
11.1
12.6
9.85
12.4
11.6
11.8
11.3
11.5
11.7
12
11.7
9.94
12.2
11.5
11.7
10
11.9
7.98
8.24
11.5
9.92
9.65
7.33
8.73
7.28
7.87
7.69
8.69
8.13
10.1
10.1
10.3
10.1
8.2
9.32
7.28
7.22
9.14
9.64
11.2
10.5
10.6
11
11.7
11.9
10
8.42
10
9.76
7.8
6.62
7.79
9.69
10
10.8
10.5
10.6
11.8
7.98
9.08
11.2
10.3
10.2
9.29
8.58
9.75
9.45
11.1
11.5
9.78
8.99
9.94
7.87
11.1
11
10.8
9.89
9.42
9.29
5.44
11.4
9.32
10.1
2.84
9.07
8.85
8.92
10.1
12.5
12.1
11.7
11.3
12.4
11.8
11.2
11.3
9.48
10.9
10.3
11.4
11
10.2
6.68
6.07
6.98
7.05
10.1
8.18
9.2
6.61
5.46
9.45
10.8
11.7
7.96
16.4
10
11.4
11.5
11.3
10.3
12.7
11.3
10.6
11
11.3
9.46
8.55
8.16
8.19
8.21
8.56
8.88
7.64
9.33
7.03
7.78
8.35
9.34
10.6
9.72
8.36
9.28
9.38
4.96
8.44
4.21
7.92
5.43
5
5.34
4.66
6.11
4.77
7.35
3.39
7.36
4.81
2.63
6.83
4.81
5.41
5.23
5.82
6.81
6.74
5.95
6.91
4.69
5.3
3.23
5.11
5.26
4.79
6.69
5.19
6
6.81
6.3
6.28
5.12
6.49
5.54
5.83
4.71
4.25
5.52
6.17
6.18
5.49
5.58
6.08
6.56
6.81
6.27
6.87
6.91
6.44
7.6
6.09
4.26
6.22
4.76
6.67
5.99
4.69
3.59
4.5
4.19
5.83
3.74
4.27
1.53
2.81
2.42
2.22
1.85
2.11
1.85
1.27
0.13
0.748
4.18
3.14
2.43
2.77
1.65
0.163
0.0433
0
0
0.152
0
0
0
0
0
0.217
0.509
1.94
3.31
3.83
3.91
4.09
4.29
2.77
4.08
4.81
5.57
4.76
6.23
5.75
4.51
3.59
4.55
5.02
5.43
5.6
6.41
6.4
4.93
3.41
6.09
5.54
4.77
4.94
5.39
5.32
2.21
0.802
7.47
3.93
3.9
4.72
4.45
4.18
3.35
5.11
4.17
4.21
4.78
4.64
5.42
5.1
4.54
2.87
3.43
4.92
4.42
4.42
4.47
5.32
4.44
4.92
5.43
5.21
0.119
7.76
3.16
3.56
3.96
2.96
5.29
4.76
5.35
4.58
5.5
2.48
0.238
7.67
6.53
5.69
1.52
5.78
3.64
4.08
3.1
3.26
1.93
2.5
3
2.63
3.24
2.42
4.25
7.08
6.09
4.41
6.51
6.02
0.444
0
5.19
1.53
0
2.24
2.48
1.98
1.42
3.28
2.11
1.67
0.227
1.12
0.184
0
0.444
0.401
0.282
0.0108
1.66
3.21
1.35
0
0
0.0108
0.152
0
0
0.0217
0.498
0
0
0
0
0
0
0
0
0
0
0
0
0
0
0
0
0
0
0
0
0
0
0
0
0
0
0
0
0
0
0
0
0
0
0
0
0
0
0
0
0
0
0
0
0
0
0
0
0
0
0
0
0
0
0
0
0
0
0
0
0
0
0
0
0
0
0
0
0
0
0
0
0
0
0
0
0
0
0
0
0
0
0
0
0
0
0
0
0
0
0
0
0
0
0
0
0
0
0
0.499
3.03
3.03
4.2
4.94
7.24
10.8
9.75
11.2
13
9.45
11.2
7.03
8.45
9.99
6.39
9.08
9.9
5.99
5.63
5.59
5.69
6.74
5.42
7.06
8.36
6.91
6.4
7.14
6.95
6.99
8.4
9.22
5.8
8.45
6.74
8.69
9.53
8.46
7.61
8.92
11
11.8
6.36
6.54
5.77
8.54
8.3
7.86
8.97
6.93
7.67
5.48
7.12
5.71
8.4
6.89
3.94
7.85
6.36
7.66
6.34
7.38
7.16
5.86
7.91
8.33
6.15
4.03
4.64
5.55
5.19
5.58
7.65
6.85
4.61
4.92
5.19
6.14
3.64
4.86
3.78
5.1
5.9
4.69
5.13
3.66
2.99
3.76
4.25
4.25
4.84
5.3
5.39
4.01
5.16
4.53
5.26
4.81
5.13
3.49
3.31
3.25
4.72
5.31
5.39
6.47
5.29
6.21
4.57
5.88
6.54
7.9
8.52
11.2
9
7.71
9.78
11.7
12.1
13.9
14.3
14.2
14.9
14
14.5
14.2
8.65
13.3
19.3
15.1
15.2
15.2
14
14.5
14.4
7.57
23.9
0
7.26
1.27
1.02
1.05
1.01
1.33
2.13
4.13
5.12
5.46
6.46
6.51
5.96
5.51
0.888
0.628
0
1.81
1.2
3.08
6.69
7.99
5.37
6.21
6.25
5.48
6.05
6.91
8.43
6.06
6.01
6.33
8.03
8.32
6.53
6.73
10.1
9.13
8.3
11.3
9.2
11
11.3
11.2
12
9.79
9.4
9
10.2
8.45
7.92
10.1
9.51
10.6
11
8.81
10.7
9.01
9.65
5.08
10.5
5.43
1.05
1.69
2.24
3.59
2.97
3.94
5.13
4.05
5.39
6.63
5.22
4.16
4.37
4.39
3.62
3.55
3.99
6.88
7.31
7.12
7.44
3.78
9.36
8.18
11.9
8.49
9.73
10.4
8.08
9.95
10.6
6.57
7.01
5.87
8.03
9.58
10.9
9.65
11.1
12.2
9.91
12.4
11.2
9.79
10.1
10.1
8.74
9.93
11
10.9
8.08
8.17
2.82
1.41
1.36
1.32
1.8
2.49
2.2
2.14
2.29
2.77
3.21
2.86
3.96
3.75
5.09
5.59
7.02
8.5
9.85
8.46
11.5
10
10.5
11.5
10.4
11.3
11.4
10.9
10.7
11.8
11.5
8.59
13.7
12.8
12.8
11.4
11.8
11.5
11.4
12.2
12.6
12
11.6
11
12.6
12.7
12.7
12.2
13.1
11.8
12.3
5.47
2.21
1.56
2.6
3.44
3.81
4.92
6.8
7.06
8.26
12.2
12.8
10.4
11.5
11
9.32
11.3
10.4
12.2
11.4
11.2
10.8
11.3
10.8
9.97
10.2
10.8
8.59
4.31
7.31
11.7
11.2
11.5
11.2
10.5
9.3
9.51
11.7
8.43
9.3
8.41
9.39
10.3
11.6
10.6
9.29
11.2
10.7
9.35
9.81
11.8
10.8
10.1
8.55
10.9
11.2
11.2
10.1
10.7
10.3
10.9
11.6
12.8
10.4
11.7
11.9
8.98
10
5.57
9.95
10.9
11
12.1
9.89
11.7
10.9
11.2
9.88
10.1
9.23
11.9
11.3
11.4
11.1
10.6
11.5
11.9
11.5
12.6
12
10.7
9.47
9.58
11.5
11.2
10.9
11.6
11.6
11.9
12.2
11.3
11.7
11
12.1
11.9
9.15
8.88
11.3
9.97
11.2
12.1
11.4
11.7
10.2
11.9
10.2
10.2
11.8
9.86
12.1
12.7
12.6
12.3
11.6
10.6
10.1
10.8
9.76
11
10.5
7.37
7.39
5.22
6.01
4.29
5.06
4.21
4.9
7.38
6.34
6.11
7.41
8.1
8.22
6.98
10.2
7.4
7.5
9.25
7.81
6.41
6.51
6.54
8.13
8.13
5.76
2.55
4.48
2.61
1.2
1.19
0.715
0.845
1.67
2.09
2.31
2.51
2.81
5.57
6.49
9.35
6.56
7.73
6.27
7.16
7.27
8.05
7.93
11.4
11.1
12
9.04
7.03
9.5
9.32
10.2
10.8
9.54
11.2
9.94
8.82
8.78
9.97
10.4
8.6
7.91
8.71
9.84
10.2
10.3
11.3
12.2
12
11.8
11.5
11.9
11.1
11.3
11.6
12.1
11.7
12.1
11.9
11.8
9.62
13.5
11.4
11.6
9.68
14.3
11.5
11.5
11.4
11.2
11.7
12.5
10.6
9.81
9
9.42
11.5
12.3
11.2
10.5
10.3
11.3
11
9.16
12.4
11.4
10.7
9.66
11.8
11.6
11.5
11.7
12.2
12.5
12.7
13
11.5
10.5
12.5
12.5
12.6
9.47
6.9
10.3
8.28
11
10.7
11.8
7.14
5.88
4.46
6.04
7.86
8.03
10.5
11.9
12.7
12.1
12.1
11.5
12.4
12.1
12.3
10.8
12.3
11.6
12.8
13.1
12.4
12.4
11.2
9.75
11.8
10.4
12
10.8
13
12.3
11.3
10.9
13.1
12.1
12
12.1
12.1
12.7
8.76
9.3
9.97
9.72
10.8
8.07
0.78
9.92
4.17
6.43
6.6
7.84
7.31
9.98
8.36
10.4
9.14
10.7
9.94
13.9
8.34
9.44
3.68
4.89
5.25
6.68
4.06
8.33
10.4
9.52
10.4
10.9
11.6
12.6
12
11.7
12.4
11.1
11
11
11.4
11.3
12.1
11.3
11.5
11.1
11.6
10.7
10.8
14.2
11.8
12
11
6.38
8.45
8.18
10.8
9.71
10.1
12.9
11.8
12
12.1
11.7
12
13
12.3
11
13.2
11.3
11.6
11.8
11.5
13.1
11
11.2
10.4
9.66
12.6
10.4
12.9
11.6
11.3
6.95
6.42
2.51
8.94
9.54
8.47
8.05
7.38
8.08
8.36
7.43
8.22
8.37
7.51
6.57
6.98
6.36
3.5
6.26
6.05
6.95
6.48
3.51
1.2
6.33
5.05
6.2
7.96
6.31
8.53
6.38
5.55
6.65
6.76
7.04
8.05
7.38
6.01
5.94
6.76
8.51
8.33
7.45
7.92
10.6
8.43
6.87
8.35
7.73
7.53
9.46
7.47
8
6.99
5.22
3.74
5.37
4.43
5.76
5.49
5.31
5.84
4.85
3.94
5.37
5.65
5.34
5
5.95
4.71
6.14
5.03
6.59
4.76
7.63
5.17
4.99
4.86
6.14
6.26
6.62
7.02
6.54
6.75
4.54
7.82
5.33
7.64
7.44
6.15
4.79
5.88
5.35
6.67
5.84
3.57
4.12
1.34
1.58
3.37
4.35
3.6
4.22
4.44
4.8
5.1
4.95
4.35
3.53
5.46
3.99
5.59
5.35
4.48
3.99
4.4
5.11
5.19
5.46
5.56
3.74
3.03
2.5
4.09
5.03
3.34
4.38
4.81
4.46
4.84
5.49
5.64
4.42
4
3.9
2.37
4.01
4.07
3.39
3.3
3.39
2.62
3.73
1.6
0.433
0.661
1.17
1.69
2.17
2.83
3.42
3.68
4.03
3.99
3.75
5.24
4.34
4.76
4.31
4.48
4.81
3.9
3.5
4.94
3.75
3.23
4.78
3.27
3.61
0.888
5.02
3.33
3.38
4.02
3.23
3.49
3.46
3.26
2.73
3.56
3.89
1.4
1.95
0.726
1.08
1.61
1.88
2.5
2.82
2.91
2.84
3.18
2.82
3.72
3.3
3.38
3.31
4.11
3.05
4.28
5.02
3.81
4.97
5.49
5.76
3.89
5.29
4.43
4.56
3.87
3.48
4.35
3.46
4.61
4.56
4.5
4.24
3.12
4.57
4.33
4.04
3.63
3.41
4.87
5.7
5.03
5.33
5.28
4.56
4.06
4.5
3.16
3.08
3.68
3.26
3.37
3.43
3.64
3.51
3.77
4
4.8
5.05
4.56
3.64
3.54
3.95
4.2
4.91
5.17
4.87
4.21
4.53
4.05
2.8
6.13
4.43
3.83
4.11
5
4.31
4.84
4.53
4.54
4.18
4.76
4.76
4.41
5.96
6.58
5.93
6.78
6.47
4.92
4.48
3.76
4.25
4.84
4.94
6.12
6.75
5.78
5.98
6.46
6.94
4.19
6.57
6.11
4.17
5.31
5.36
6.55
6.99
7.31
5.44
6.43
4.56
6.88
6.26
7.43
6.72
6.28
6.04
7.2
6.94
5.9
8.05
6.46
7.49
7.47
7.03
8.36
8.46
7.74
8.68
7.59
8.02
7.59
7.13
6.47
6.07
7.34
7.96
7.63
5.44
9.04
7.17
8.04
7.13
6.43
6.99
7.58
7.32
4.29
7.82
4.06
2.71
3.59
3.47
3.75
4.11
3.63
3.96
3.92
4.09
3.56
4
4.91
5.2
4.67
3.51
3.18
3.63
3.16
3.79
4.2
3.22
5.17
6.42
6.81
4.79
8.66
5.67
5.45
5.99
5.06
4.73
5.87
5.76
5.86
6.77
7.64
6.79
6.1
6.49
6.96
4.94
6.36
6.85
6.3
6.25
5.05
4.76
4.22
3.46
3.68
2.06
1.69
0.747
0.455
0.0325
1.39
0.357
0.347
0.585
0.715
0.953
1.25
1.58
1.47
1.23
1.1
1.29
1.52
1.98
2.05
1.79
1.84
2.1
2.33
2.19
2.31
1.57
1.48
1.67
1.75
1.65
1.75
1.28
1.77
1.35
1.01
1.17
0.531
0.401
0.325
0.812
0.78
0.693
0.152
0.423
0.509
0.412
0.585
0.368
1.02
1.38
1.32
0.758
1.26
0.617
0.964
0.78
0.347
0.683
0.997
0.997
0.401
0.412
1.01
0.964
0.639
0.737
1.09
1.22
1.08
1.34
1.68
1.95
0.704
1.22
0.997
0.52
0.791
1.1
1.26
1.34
1.26
1.22
1.09
0.758
0.812
0.758
1.03
0.726
0.542
0.758
1.04
1.28
1.31
1.49
1.33
1.15
1.16
0.661
1.35
1.3
1.07
1.15
1.73
1.55
1.71
1.84
2.17
1.97
1.4
1.84
1.36
0.953
1.14
0.173
0.325
0.173
0.574
0.325
0.0433
0
0.368
0.401
1.68
2.72
3.4
5.08
5.9
8.08
7.51
8.98
7.09
7.41
6.8
7.66
7.44
7.59
8.59
8.81
7.4
4.34
0.0433
10.4
3.83
4.8
5.72
5.23
4.79
7.17
7.86
9.09
9.79
10.2
9.22
10.8
11.2
10.6
9.61
9.74
10
10.2
10.9
9.79
8.49
8.46
7.18
9.13
9.12
9.34
10.6
9.98
9.2
10.1
8.99
9.36
8.81
7.07
7.51
6.91
7.3
8.87
8.38
8.85
8.68
7.58
8.68
7.72
6.9
8.08
4.28
8.34
8.6
8.42
9.65
8.45
8.9
10.3
9.46
9.43
7.99
7.63
7.77
8.29
7.39
8.18
9.23
8.64
8.29
8
8.14
8.82
7.91
8.56
8.91
8.31
5.46
6.13
6.69
7.27
7.9
8.1
9.47
9.2
8.65
7.33
7.96
5.89
7.45
7.82
7
6.07
8.08
8.51
9.04
9.04
9.47
9.1
10.3
8.28
10.5
11
10.5
10.8
10.6
9.76
9.48
8.78
8.35
9.14
9.16
10.4
11.4
11.1
10
9.75
10.8
11.3
10.4
10.5
9.61
10.5
9.27
9.42
11
10.9
10
10.7
11.4
9.4
11.2
10.5
8.94
9.38
6.88
4.77
6.69
6.29
6.87
8.83
5.75
5.18
7.41
8.75
11.2
9.38
12.2
10.7
10.9
10
11.7
9.05
6.4
12
9.44
11.5
10.3
10.4
10.7
10.8
10.5
10.3
10.8
7.98
14.2
12.1
9.25
14.6
10.9
12.3
10
11
11.3
9.43
10.3
11.3
11.2
9.93
11.4
9.63
10.1
10.5
11.6
9.56
7.23
11
14
14.6
14.5
15.3
14.6
13.5
15.1
13.1
13.6
14.4
13.7
14.2
14.3
13.5
14.3
13.7
15.4
13.9
14.2
15.3
15.8
16.3
15.6
15.7
7.41
22.5
14.7
15.4
15.3
16.1
15.7
15.9
15.9
15.7
2.98
15.3
4.89
6.18
8.57
6.82
5.86
8.57
8.71
7.55
8.36
8.69
10.9
7.69
7.72
9.55
12.6
11.4
14.4
15.3
15.6
14.7
14.5
14.8
10.4
16.5
13.7
13.2
14.5
14.6
15
14.6
12.8
14.4
15.8
15.2
15.3
16.4
10.7
18.9
15.3
14.4
15.4
15.7
14.8
14.9
15.7
14.2
10.6
13.6
14.5
14.7
15.3
12.8
14.1
14.6
14.6
13
14.8
14
15.3
15.2
14.4
15.2
14.1
7.35
14.1
18.2
15.2
16.1
16
15.1
16.7
13.3
16.8
15.9
14.3
14.5
16.1
15.6
16
13.1
13.3
15
13.1
14.6
14.6
14.2
12.5
13.9
14.7
15
14.8
14.1
13.4
14.3
13.6
12.3
13.3
15.1
15
14.8
14.3
12.1
13.1
14.9
14
15.4
15.4
14.8
14.7
11.3
12.5
15.3
14.1
14.1
14.9
12.3
12.8
14.4
13.2
11.8
13.6
14.9
11
10.9
13
13.5
10
2.25
10.3
8.47
10.4
9.59
10.3
9.07
12.9
12.3
13
15.1
11.6
15.4
14.1
12.8
15.4
13.8
13
15.8
15.1
14.4
13.1
15.6
13.7
15.3
14.4
14.5
13.8
14.9
14.6
15
15
14.9
14.8
14.6
15
15.2
14.9
15.7
13.6
15.5
15.2
13.2
15.7
16.9
14.6
15.1
15
15.2
14.3
14.2
13.8
15.8
7.48
16.2
15.5
15.4
16
15.9
15.8
14
15.6
14.8
13.7
15.2
15
14.7
13.9
11
13.1
11.4
12.8
12.6
11.7
14.6
15
14.5
15.8
14.7
15
15.2
14.7
14.9
14.6
13.3
8.03
18.3
14.6
15.5
15.5
15.9
16
15.9
15.9
13.4
15.7
15.3
14.7
14.7
14.1
14.1
14.8
14.6
15.1
13.7
14.1
14.8
14.2
15.4
13.4
16
14.9
15.2
14.7
14.8
14.9
15
16.4
15.9
15.4
16.6
15.7
15.6
15.9
6.47
20.7
14.9
14
15.6
9.77
16.6
13
15.7
14.7
15
14.8
14
9.29
19.2
14.1
14.5
14.8
14.2
3.27
13
4.72
4.46
5.75
5.33
7.07
8.22
7.67
9.06
8.34
8.01
6.66
6.74
7.27
8.05
7.84
8.24
12.5
10.9
14.3
14.5
13.4
14.4
16.1
13.7
15.1
12
9.1
17.3
5.47
11.1
5.87
5.89
7.9
7.44
7.05
10.7
6.46
10.3
9.22
11.2
9.9
9.93
9.98
8.6
11
9.91
9.38
11.3
9.93
10.6
11.3
7.33
10.8
13.2
10.1
13
8.36
6.04
3.82
0.812
2.55
3.07
3.37
5.28
5.02
4.78
5.7
7.44
9.28
11.3
10.2
8.1
8.63
9.85
10.7
11.8
12
9.03
10
14.3
14.6
15.5
8.26
12.5
9.53
12
15.2
15.9
15.5
14.7
14.3
11.4
12.6
14
13.3
11.8
12.9
11.7
13.7
14.7
9.88
8.87
12.6
11
11.7
14.7
12.2
11.9
14.1
15.2
14.7
14.6
14.8
14.9
9.29
18.8
17
15.5
15.8
15.7
15.6
14.8
15.2
14.9
14.3
15
15.5
14.8
14.4
12.8
14.7
13.5
11.6
14.3
9.41
10.9
8.6
7.55
4.88
3.66
1.12
3.59
3.22
2.16
6.59
8.08
4.5
6.07
8.12
10.5
7.89
10.3
10.9
12.8
13.8
13.8
16.4
14.6
14.7
14.3
14.6
15.5
15
14.1
14.8
14.6
15
11.5
17.5
14.5
14.3
11
14.2
13.1
9.89
10.3
10
10.2
11.3
10.1
10.7
11
10.9
11
9.99
9.54
9.71
12
13.3
13.2
13
14.8
12.7
6.71
8.51
11.7
10.5
13.3
11.4
13.1
14
15.1
12.6
11.3
9.55
10.6
9.25
9.02
10.9
10.2
9.79
11
12.3
14.2
14.3
13.4
13
11.9
12.4
11.7
10.6
9.69
8.81
11.2
11.1
6.93
9.59
7.83
6.67
10.8
9.93
11.7
10.9
5.78
5.56
5.09
5.92
5.11
5.54
1.96
1.47
3.29
3.99
4.39
5.25
5.63
4.56
4.98
5.98
5.78
6.39
6.49
6.39
6.52
4.34
7.24
5.29
3.6
7.47
10.5
9.23
11.9
10.6
11.7
12.7
11.3
7.91
9.64
7.01
9.03
12.2
10.5
11.1
10.8
10.9
10.1
9.39
8.31
11.1
11.2
13.2
12.9
10.7
10.3
13.7
11.5
14.3
7.2
11.4
10.1
9.94
9.83
5.83
8.88
5.33
8.5
7.85
6.74
7.7
4.79
6.23
8.49
14.8
12
14
13.7
7.32
6.3
11.1
15.7
13.6
12.4
9.58
6.21
12.1
10.3
7.37
13.1
13.5
11.7
13.4
7.37
15.9
10.8
14.2
13.4
15.7
14.2
5.44
8.92
9.86
18.5
13.4
11.7
14.2
10.6
11.1
11.4
10.9
9.59
10.9
12.2
12.4
9.36
7.65
9.56
7.51
13.2
13.5
7.15
10.2
8.83
9.35
9.31
9.08
10.4
11.3
11.8
9.88
9.6
9.35
6.77
8.75
8.07
9.85
8.99
9.74
5.88
5
4.38
6.1
6.66
7.68
9.02
5.2
8.74
6.27
12.5
8.7
7.11
6.24
7.9
6.79
11
8.36
9.12
8.55
4.42
7.38
9.11
9.01
8.55
7.7
10.6
5.24
7.54
8.01
3.43
6.26
7.38
10.4
10.9