 801 
 935 
 923 
 921 
 895 
 906 
 925 
 914 
 900 
 912 
 904 
 927 
 923 
 927 
 940 
 478 
 510 
 921 
 910 
 923 
 921 
 925 
 908 
 769 
 197 
 826 
 914 
 933 
 935 
 942 
 923 
 935 
 921 
 910 
 944 
 921 
 931 
 916 
 923 
 908 
 919 
 942 
 904 
 931 
 908 
 929 
 931 
 921 
 715 
 149 
23.1 
 778 
 908 
 916 
 927 
 925 
 916 
 935 
 919 
 885 
 497 
 786 
 675 
 528 
 665 
 931 
 931 
 927 
 940 
 937 
 925 
 935 
 324 
 503 
 906 
 921 
 923 
 910 
 916 
 908 
 931 
 916 
 916 
 931 
 925 
 929 
 432 
 887 
 931 
 919 
 908 
 925 
 929 
 912 
 919 
 933 
 912 
 931 
 921 
 921 
 925 
 933 
 919 
 912 
 919 
 927 
 916 
 927 
 929 
 921 
 916 
 931 
 904 
 931 
 910 
 931 
 931 
 908 
 929 
 910 
 344 
 820 
 893 
 726 
 589 
 661 
 677 
 843 
 923 
 898 
 789 
 933 
 908 
 927 
 931 
 914 
 925 
 925 
 919 
 914 
 923 
 933 
 916 
 426 
 187 
 929 
 919 
 921 
 921 
 371 
 925 
 921 
 923 
 912 
 927 
 883 
 925 
 925 
 927 
 919 
 908 
 875 
 904 
 912 
 927 
 914 
 297 
 927 
 375 
 807 
 575 
 707 
 889 
 921 
 904 
 912 
 904 
 908 
 906 
 891 
 925 
 910 
 923 
 902 
 914 
 935 
 912 
 933 
 931 
 321 
 145 
 478 
 872 
 461 
 327 
 881 
 887 
 902 
 441 
 524 
 837 
 868 
 862 
 870 
 875 
 885 
 887 
 893 
 898 
 900 
 910 
 900 
 698 
 388 
 914 
 837 
 805 
 879 
 830 
 879 
 757 
 425 
1.62 
46.1 
 801 
 885 
 866 
 875 
 898 
 895 
 912 
 904 
 923 
 914 
 906 
 904 
 919 
 921 
 912 
 914 
 908 
 927 
 927 
 919 
 919 
 916 
 929 
 547 
 315 
 891 
 893 
 906 
 898 
 879 
 908 
 910 
 919 
 902 
 923 
 914 
 908 
 910 
 919 
 925 
 914 
 910 
 914 
 921 
 904 
 908 
 900 
 908 
 912 
 935 
 931 
 700 
8.43 
0.00 
0.00 
 317 
 369 
95.4 
 593 
 740 
 789 
 803 
 430 
 617 
 797 
 795 
 830 
 851 
 868 
 868 
 864 
 866 
 900 
 891 
 879 
 902 
 889 
 908 
 908 
 887 
 908 
 296 
 826 
 887 
 872 
 889 
 243 
0.00 
50.3 
 583 
26.1 
 466 
 661 
 717 
 299 
 371 
 667 
 726 
 541 
 627 
 803 
 835 
 856 
 860 
 872 
 883 
 856 
 898 
 895 
 887 
 893 
 895 
 904 
 904 
 910 
 912 
 912 
 912 
 916 
 891 
 921 
 929 
 800 
 189 
 908 
 929 
 929 
 708 
 440 
 925 
 908 
 931 
 868 
 923 
 925 
 454 
 342 
 916 
 908 
 925 
 921 
 902 
 921 
 914 
 919 
 929 
 912 
 879 
 914 
 912 
 898 
 925 
 923 
 927 
 929 
 910 
 933 
 929 
 126 
 875 
 895 
 818 
 468 
 189 
 719 
 765 
 822 
 443 
 207 
 753 
 774 
 820 
 814 
 845 
 872 
 868 
 877 
 883 
 891 
 898 
 887 
 881 
 902 
 900 
 898 
 914 
 866 
82.6 
 554 
 755 
 799 
 845 
 875 
 820 
 188 
 833 
 845 
 849 
 856 
 877 
 895 
 303 
 489 
 837 
 833 
 849 
 564 
 866 
 881 
 877 
 887 
 908 
 900 
 906 
 906 
 900 
 921 
 912 
 468 
 648 
 914 
 914 
 919 
 925 
 927 
 921 
 925 
 267 
 587 
 868 
 889 
 885 
 893 
 191 
 396 
 730 
 774 
 807 
 833 
 854 
 868 
 881 
 858 
 889 
 820 
 910 
 887 
 906 
 910 
 893 
 900 
 919 
 914 
 916 
 912 
 895 
 904 
 925 
 799 
 908 
 923 
 604 
 129 
91.6 
7.21 
69.2 
 797 
 805 
 497 
 648 
 372 
 566 
 822 
 833 
 656 
 667 
 864 
 877 
 895 
 881 
 902 
 868 
 891 
 908 
 902 
 904 
 906 
 906 
 898 
 904 
 921 
 912 
 919 
 895 
 916 
 910 
 921 
 902 
 925 
 910 
 906 
 375 
 763 
 870 
 480 
 883 
 916 
 478 
 923 
 929 
 875 
 724 
 744 
 931 
 921 
 931 
 820 
 422 
 923 
 933 
 937 
 910 
 914 
 919 
 916 
 908 
 900 
 927 
 923 
 925 
 923 
 929 
 577 
 765 
 916 
 942 
 925 
 914 
 845 
 310 
 921 
 579 
2.43 
 126 
 854 
 596 
 311 
23.2 
4.87 
58.7 
 560 
 765 
 786 
 822 
 814 
 849 
 862 
 860 
 856 
 895 
 864 
 900 
 902 
 914 
 906 
 898 
 908 
 929 
 910 
 690 
 793 
 782 
 623 
 768 
 935 
 921 
 919 
 931 
 864 
 405 
 864 
 927 
 937 
 931 
 824 
 346 
 487 
 401 
 608 
 942 
 925 
 916 
 914 
 933 
 912 
 921 
 929 
 929 
 925 
 929 
 916 
 929 
 919 
 931 
 935 
 929 
 927 
 912 
 925 
 902 
 925 
 927 
 912 
 927 
 923 
 906 
 929 
 925 
 910 
 929 
 902 
 940 
 910 
 931 
 919 
 927 
 940 
 923 
 923 
 761 
29.7 
0.00 
 665 
 554 
 438 
 608 
 650 
 919 
 919 
 919 
 170 
 263 
 277 
 854 
 885 
 879 
 887 
 879 
 887 
 891 
 895 
 908 
 889 
 914 
 900 
 906 
 931 
 910 
 919 
 908 
 923 
 906 
 929 
 908 
 906 
 919 
 919 
 916 
 614 
86.3 
 491 
 726 
 780 
 782 
72.7 
63.4 