866.14
541.84
748.26
869.83
848.87
758.41
390.07
0.00
688.47
743.60
0.00
0.00
0.00
0.01
0.00
130.73
719.77
147.05
405.57
498.95
843.45
745.80
795.35
632.73
788.22
785.68
0.00
370.57
746.70
796.17
711.75
729.67
710.33
660.35
31.06
900.00
744.79
752.91
425.22
807.97
769.09
740.61
786.64
759.55
790.19
668.94
704.32
719.89
728.20
732.00
643.14
337.73
569.13
0.00
0.00
651.37
162.79
179.33
0.00
0.00
148.66
0.01
0.03
0.00
0.00
595.21
106.33
650.50
300.55
492.29
606.29
844.83
815.25
837.91
724.58
861.76
859.36
783.79
745.22
118.35
828.21
720.92
746.11
675.98
823.68
0.00
0.00
0.00
0.00
338.73
600.49
535.68
765.74
0.01
629.60
695.20
0.00
581.21
727.87
753.79
777.75
721.65
42.68
533.88
439.86
505.82
463.87
683.67
0.00
0.00
795.23
276.83
854.03
68.81
0.00
0.00
0.00
479.18
635.74
0.00
458.80
718.55
744.22
764.50
695.24
674.91
105.29
604.30
410.57
44.55
17.46
417.39
865.67
817.46
740.05
716.96
761.27
842.84
839.04
415.57
40.17
457.31
703.54
465.41
815.66
845.47
855.96
863.64
843.12
842.97
816.96
698.60
793.78
759.36
721.78
404.05
601.95
617.35
0.00
0.00
562.96
747.22
112.78
822.21
757.76
775.96
724.88
762.19
765.97
702.19
737.25
775.60
64.95
18.13
65.29
616.72
149.21
108.91
324.96
765.20
711.99
745.76
728.29
785.26
794.36
782.96
851.21
847.52
554.99
699.91
689.28
785.32
703.26
690.29
700.32
775.87
737.63
729.97
807.46
739.92
621.87
817.18
710.40
743.17
696.83
831.52
703.96
866.82
700.14
778.61
747.17
704.04
683.97
704.48
713.93
703.52
668.09
805.97
714.35
704.11
756.08
739.27
253.50
714.17
500.04
528.80
771.77
789.34
716.04
689.94
700.20
692.11
677.26
671.58
703.72
714.78
701.08
310.83
717.35
713.05
716.47
748.15
702.13
705.84
713.53
825.84
678.83
688.13
0.00
0.00
373.42
673.08
124.41
467.11
851.72
840.30
872.90
723.83
764.02
736.26
781.85
730.92
731.52
775.54
717.95
741.31
739.72
736.27
773.46
689.20
752.53
721.15
728.01
759.80
775.89
723.93
697.36
694.55
745.77
700.81
858.62
785.28
702.52
744.85
837.70
719.74
0.00
59.36
581.27
855.99
814.51
848.31
851.33
821.88
0.00
783.03
79.24
114.11
564.80
753.77
0.00
7.63
413.27
736.70
780.70
765.49
656.95
128.75
126.01
125.07
651.46
695.47
859.01
837.24
882.71
760.40
526.82
737.02
786.97
705.88
826.09
832.29
836.35
817.13
839.32
631.28
714.47
713.17
717.58
772.53
711.57
845.85
733.52
726.62
173.15
26.84
178.26
369.69
770.13
730.10
691.71
625.57
847.38
733.31
787.09
697.95
746.05
698.57
746.33
777.82
698.31
725.22
729.82
739.19
682.98
701.27
717.62
727.12
717.57
761.94
752.92
756.02
739.88
734.27
723.92
752.02
704.22
736.00
752.95
734.61
700.94
718.58
774.84
736.26
729.92
734.43
777.89
738.92
766.32
753.31
794.76
714.84
727.01
734.75
741.09
712.09
766.45
727.09
726.44
728.40
739.10
724.22
752.50
750.99
769.61
813.19
712.67
777.16
738.98
731.75
709.52
727.26
790.33
764.77
739.11
736.47
761.95
750.77
730.77
719.24
739.99
756.90
686.13
727.65
719.60
736.75
745.42
759.22
725.24
752.26
716.73
651.90
726.23
827.35
858.01
867.23
687.89
846.52
717.77
796.52
714.27
664.57
713.29
659.33
834.87
770.32
722.89
715.03
768.94
760.24
730.22
749.57
797.44
825.24
735.32
766.83
729.92
750.39
686.24
733.92
93.85
582.72
378.06
710.29
650.01
823.28
883.88
817.21
830.42
798.62
535.06
701.60
528.67
837.62
735.68
855.87
748.91
714.54
725.43
772.88
747.36
751.14
676.20
469.07
477.43
478.39
734.33
788.03
896.56
817.32
763.64
678.82
312.84
575.62
668.99
690.10
886.44
433.48
629.45
872.82
662.79
794.02
679.46
708.75
682.56
725.93
799.68
887.66
705.24
700.88
688.19
869.29
557.32
788.32
769.28
704.06
782.86
126.89
579.22
738.43
749.22
747.34
544.06
697.50
696.50
714.99
735.12
696.59
695.09
726.47
879.24
685.31
703.50
706.95
874.81
401.21
655.09
706.87
696.91
748.55
730.37
695.42
727.04
708.29
699.71
773.52
132.85
0.00
0.01
0.00
26.03
615.29
0.00
0.01
0.01
120.31
59.74
0.00
62.58
64.24
0.00
0.00
0.00
0.00
795.93
739.36
756.71
134.32
65.74
0.00
86.36
154.19
209.37
0.00
40.57
644.83
759.90
706.13
180.87
71.08
18.67
125.00
33.39
469.51
54.16
36.72
7.73
547.62
779.95
752.24
13.66
197.89
492.34
480.61
839.47
748.21
698.55
706.45
693.78
687.09
697.92
751.73
822.07
721.09
712.65
729.65
871.64
697.17
696.52
681.09
