0.00 714.96
0.50 719.59
1.00 834.15
1.50 248.70
2.00 364.96
2.50 782.96
3.00 729.64
3.50 817.19
4.00 348.18
4.50 233.09
5.00 760.39
5.50 758.76
6.00 827.65
6.50 826.56
7.00 822.39
7.50 733.68
8.00 706.51
8.50 738.64
9.00 772.59
9.50 767.09
10.00 719.84
10.50 728.24
11.00 759.95
11.50 765.40
12.00 714.51
12.50 718.93
13.00 769.98
13.50 769.24
14.00 709.01
14.50 739.69
15.00 717.25
15.50 715.21
16.00 743.74
16.50 696.95
17.00 752.56
17.50 713.65
18.00 756.16
18.50 727.55
19.00 708.90
19.50 724.42
20.00 705.75
20.50 715.22
21.00 727.30
21.50 851.12
22.00 827.26
22.50 672.01
23.00 714.56
23.50 713.31
24.00 703.38
24.50 126.13
25.00 709.89
25.50 664.73
26.00 713.11
26.50 774.91
27.00 833.50
27.50 804.60
28.00 869.14
28.50 824.90
29.00 870.16
29.50 832.03
30.00 810.41
30.50 838.44
31.00 794.71
31.50 872.45
32.00 847.41
32.50 835.91
33.00 847.12
33.50 794.23
34.00 785.18
34.50 709.32
35.00 788.71
35.50 763.28
36.00 771.85
36.50 669.50
37.00 699.65
37.50 862.30
38.00 778.33
38.50 880.79
39.00 721.02
39.50 730.92
40.00 694.69
40.50 710.86
41.00 711.66
41.50 725.34
42.00 779.20
42.50 774.03
43.00 732.32
43.50 770.07
44.00 763.03
44.50 757.47
45.00 778.98
45.50 762.59
46.00 746.90
46.50 713.16
47.00 718.51
47.50 807.92
48.00 675.76
48.50 762.06
49.00 723.56
49.50 754.92
50.00 700.17
50.50 695.54
51.00 830.29
51.50 712.98
52.00 762.20
52.50 736.12
53.00 722.61
53.50 756.77
54.00 725.24
54.50 727.65
55.00 727.05
55.50 707.05
56.00 666.33
56.50 366.92
57.00 773.88
57.50 727.83
58.00 748.24
58.50 757.09
59.00 716.27
59.50 742.67
60.00 760.25
60.50 690.69
61.00 684.59
61.50 747.17
62.00 690.70
62.50 708.19
63.00 685.19
63.50 795.10
64.00 757.11
64.50 696.16
65.00 656.49
65.50 802.35
66.00 711.41
66.50 697.00
67.00 758.38
67.50 713.96
68.00 686.03
68.50 840.34
69.00 744.12
69.50 671.06
70.00 690.82
70.50 705.13
71.00 689.90
71.50 758.01
72.00 713.08
72.50 781.40
73.00 710.96
73.50 736.10
74.00 701.80
74.50 658.41
75.00 682.90
75.50 718.37
76.00 782.11
76.50 725.90
77.00 752.92
77.50 706.43
78.00 688.67
78.50 683.88
79.00 788.97
79.50 823.42
80.00 800.78
80.50 687.45
81.00 756.35
81.50 837.33
82.00 900.00
82.50 703.03
83.00 675.37
83.50 712.69
84.00 775.51
84.50 706.23
85.00 704.57
85.50 711.29
86.00 696.34
86.50 691.67
87.00 823.86
87.50 711.03
88.00 633.55
88.50 798.74
89.00 713.41
89.50 710.53
90.00 741.97
90.50 753.92
91.00 732.65
91.50 726.03
92.00 762.45
92.50 750.77
93.00 710.70
93.50 741.97
94.00 734.63
94.50 724.27
95.00 558.85
95.50 0.09
96.00 542.36
96.50 730.34
97.00 738.17
97.50 732.90
98.00 729.66
98.50 729.10
99.00 683.70
99.50 456.31
100.00 13.15
100.50 10.73
101.00 6.02
101.50 25.90
102.00 13.22
102.50 8.64
103.00 16.96
103.50 283.71
104.00 804.52
104.50 684.19
105.00 362.21
105.50 423.73
106.00 727.22
106.50 725.42
107.00 670.24
107.50 741.42
108.00 817.65
108.50 846.02
109.00 818.33
109.50 832.62
110.00 848.02
110.50 832.66
111.00 852.70
111.50 764.56
112.00 746.39
112.50 862.87
113.00 609.62
113.50 761.36
114.00 841.14
114.50 816.75
115.00 887.60
115.50 719.51
116.00 756.41
116.50 747.21
117.00 685.39
117.50 748.02
118.00 105.04
118.50 315.03
119.00 269.62
119.50 4.55
120.00 153.85
120.50 150.27
121.00 12.03
121.50 15.10
122.00 0.00
122.50 329.71
123.00 301.57
123.50 725.06
124.00 0.00
124.50 22.35
125.00 2.63
125.50 133.64
126.00 780.17
126.50 714.17
127.00 779.76
127.50 425.22
128.00 669.31
128.50 780.85
129.00 181.71
129.50 728.94
130.00 735.45
130.50 742.43
131.00 742.62
131.50 732.83
132.00 764.06
132.50 701.99
133.00 747.33
133.50 737.98
134.00 703.06
134.50 721.17
135.00 719.07
135.50 765.21
136.00 768.29
136.50 728.42
137.00 704.71
137.50 763.03
138.00 724.65
138.50 712.49
139.00 754.16
139.50 759.96
140.00 749.88
140.50 759.01
141.00 720.98
141.50 751.86
142.00 859.13
142.50 827.44
143.00 836.40
143.50 855.30
144.00 737.21
144.50 715.79
145.00 722.39
145.50 728.64
146.00 830.17
146.50 747.53
147.00 725.20
147.50 776.92
148.00 769.56
148.50 761.00
149.00 753.32
149.50 687.58
150.00 696.65
150.50 753.92
151.00 791.75
151.50 841.87
152.00 765.41
152.50 781.55
153.00 771.26
153.50 662.51
154.00 736.60
154.50 738.02
155.00 702.60
155.50 731.17
156.00 751.52
156.50 681.66
157.00 737.36
157.50 814.84
158.00 768.16
158.50 726.02
159.00 711.84
159.50 747.01
160.00 707.14
160.50 701.66
161.00 721.36
161.50 696.03
162.00 691.61
162.50 716.46
163.00 335.26
163.50 741.86
164.00 760.18
164.50 710.99
165.00 733.56
165.50 750.91
166.00 684.82
166.50 735.75
167.00 715.60
167.50 716.02
168.00 752.40
168.50 741.79
169.00 755.61
169.50 763.23
170.00 753.96
170.50 743.17
171.00 769.83
171.50 636.99
172.00 716.55
172.50 688.50
173.00 766.32
173.50 686.13
174.00 752.97
174.50 754.21
175.00 763.29
175.50 769.73
176.00 758.73
176.50 678.66
177.00 764.09
177.50 801.25
178.00 769.01
178.50 722.12
179.00 742.57
179.50 802.67
180.00 748.16
180.50 756.67
181.00 683.68
181.50 699.09
182.00 750.51
182.50 701.11
183.00 722.52
183.50 704.03
184.00 665.12
184.50 684.78
185.00 734.59
185.50 723.08
186.00 10.83
186.50 498.89
187.00 698.38
187.50 705.79
188.00 718.08
188.50 704.50
189.00 735.08
189.50 712.42
190.00 788.48
190.50 714.81
191.00 777.70
191.50 191.41
192.00 768.21
192.50 699.92
193.00 848.34
193.50 844.74
194.00 735.84
194.50 680.72
195.00 732.37
195.50 684.98
196.00 734.28
196.50 736.89
197.00 708.46
197.50 770.96
198.00 804.16
198.50 722.29
199.00 703.30
199.50 738.45
200.00 753.91
200.50 784.90
201.00 659.29
201.50 691.67
202.00 749.03
202.50 778.67
203.00 716.32
203.50 693.76
204.00 753.83
204.50 715.11
205.00 686.10
205.50 744.39
206.00 695.13
206.50 736.33
207.00 719.66
207.50 704.97
208.00 746.96
208.50 730.06
209.00 730.23
209.50 726.80
210.00 723.86
210.50 704.83
211.00 728.25
211.50 733.68
212.00 718.74
212.50 750.66
213.00 704.55
213.50 763.79
214.00 704.35
214.50 764.56
215.00 849.34
215.50 692.27
216.00 689.93
216.50 713.60
217.00 705.26
217.50 725.75
218.00 680.54
218.50 789.22
219.00 797.12
219.50 705.46
220.00 851.38
220.50 795.95
221.00 551.48
221.50 505.59
222.00 697.43
222.50 668.60
223.00 876.63
223.50 782.47
224.00 704.98
224.50 436.25
225.00 4.18
225.50 231.60
226.00 5.77
226.50 0.00
227.00 255.82
227.50 718.96
228.00 822.39
228.50 745.77
229.00 698.55
229.50 711.71
230.00 728.47
230.50 737.39
231.00 782.30
231.50 711.69
232.00 719.11
232.50 745.13
233.00 720.64
233.50 720.92
234.00 722.77
234.50 772.40
235.00 721.47
235.50 554.93
236.00 618.12
236.50 702.19
237.00 718.24
237.50 832.58
238.00 803.55
238.50 900.00
239.00 837.69
239.50 830.51
240.00 891.65
240.50 767.88
241.00 676.15
241.50 700.94
242.00 858.40
242.50 698.01
243.00 0.00
243.50 384.01
244.00 227.87
244.50 771.03
245.00 696.46
245.50 710.82
246.00 724.00
246.50 689.93
247.00 679.80
247.50 757.75
248.00 718.00
248.50 837.03
249.00 716.29
249.50 779.24
250.00 339.74
250.50 722.09
251.00 693.01
251.50 701.87
252.00 734.24
252.50 432.42
253.00 721.43
253.50 348.76
254.00 716.58
254.50 725.19
255.00 729.36
255.50 740.01
256.00 717.16
256.50 736.31
257.00 681.44
257.50 846.56
258.00 700.66
258.50 307.69
259.00 697.95
259.50 849.80
260.00 857.37
260.50 841.21
261.00 844.18
261.50 845.76
262.00 840.77
262.50 869.59
263.00 831.68
263.50 845.98
264.00 747.97
264.50 826.52
265.00 843.00
265.50 827.94
266.00 856.02
266.50 818.86
267.00 846.54
267.50 842.59
268.00 749.82
268.50 748.63
269.00 733.72
269.50 786.72
270.00 842.60
270.50 843.58
271.00 841.16
271.50 840.02
272.00 853.93
272.50 738.97
273.00 736.79
273.50 417.79
274.00 4.15
274.50 320.61
275.00 763.30
275.50 648.67
276.00 715.98
276.50 755.47
277.00 557.85
277.50 764.61
278.00 778.35
278.50 95.14
279.00 721.55
279.50 718.72
280.00 717.24
280.50 758.73
281.00 726.82
281.50 377.46
282.00 434.40
282.50 380.15
283.00 0.00
283.50 900.00
284.00 727.04
284.50 724.93
285.00 680.28
285.50 737.14
286.00 808.30
286.50 900.00
287.00 801.04
287.50 816.48
288.00 744.95
288.50 746.74
289.00 672.47
289.50 808.96
290.00 751.76
290.50 694.99
291.00 717.61
291.50 761.98
292.00 722.19
292.50 728.51
293.00 807.17
293.50 704.52
294.00 686.47
294.50 746.25
295.00 713.21
295.50 809.56
296.00 676.81
296.50 736.63
297.00 747.86
297.50 712.50
298.00 688.03
298.50 708.44
299.00 692.30
299.50 731.95
