0.00 729.46
0.50 691.44
1.00 744.47
1.50 717.01
2.00 716.01
2.50 745.85
3.00 707.74
3.50 763.41
4.00 728.14
4.50 715.50
5.00 715.56
5.50 696.77
6.00 756.87
6.50 750.04
7.00 772.15
7.50 713.00
8.00 730.68
8.50 774.73
9.00 721.39
9.50 747.86
10.00 762.90
10.50 760.06
11.00 759.29
11.50 776.19
12.00 707.83
12.50 728.11
13.00 736.88
13.50 755.76
14.00 695.36
14.50 702.82
15.00 714.34
15.50 763.83
16.00 756.02
16.50 725.25
17.00 655.69
17.50 705.31
18.00 798.48
18.50 704.60
19.00 241.86
19.50 697.19
20.00 712.51
20.50 738.50
21.00 406.15
21.50 566.39
22.00 820.99
22.50 853.25
23.00 817.76
23.50 859.97
24.00 842.59
24.50 844.98
25.00 769.06
25.50 862.68
26.00 770.77
26.50 697.46
27.00 732.80
27.50 900.00
28.00 709.17
28.50 714.39
29.00 682.03
29.50 768.19
30.00 729.97
30.50 843.88
31.00 734.16
31.50 706.67
32.00 740.47
32.50 751.50
33.00 768.66
33.50 0.00
34.00 728.22
34.50 773.89
35.00 720.11
35.50 747.66
36.00 758.48
36.50 797.80
37.00 718.07
37.50 724.50
38.00 690.85
38.50 792.42
39.00 713.99
39.50 751.48
40.00 769.29
40.50 709.74
41.00 802.97
41.50 744.02
42.00 733.15
42.50 717.83
43.00 721.11
43.50 694.74
44.00 730.87
44.50 687.20
45.00 827.81
45.50 864.99
46.00 686.40
46.50 709.49
47.00 724.34
47.50 749.79
48.00 766.41
48.50 728.16
49.00 710.43
49.50 674.31
50.00 758.16
50.50 721.54
51.00 730.01
51.50 723.39
52.00 448.12
52.50 420.40
53.00 896.06
53.50 731.00
54.00 735.09
54.50 686.68
55.00 716.24
55.50 866.60
56.00 787.70
56.50 867.21
57.00 882.35
57.50 721.84
58.00 675.67
58.50 708.99
59.00 766.16
59.50 722.46
60.00 710.32
60.50 728.16
61.00 706.17
61.50 678.04
62.00 842.19
62.50 847.33
63.00 836.12
63.50 870.68
64.00 822.95
64.50 819.49
65.00 837.07
65.50 815.52
66.00 877.69
66.50 704.44
67.00 719.26
67.50 735.92
68.00 725.16
68.50 750.21
69.00 715.92
69.50 712.73
70.00 707.36
70.50 730.76
71.00 708.40
71.50 720.66
72.00 678.62
72.50 792.93
73.00 749.45
73.50 726.40
74.00 741.89
74.50 734.31
75.00 750.46
75.50 747.73
76.00 776.69
76.50 756.42
77.00 697.42
77.50 727.14
78.00 729.96
78.50 747.19
79.00 772.05
79.50 720.70
80.00 766.49
80.50 658.56
81.00 777.68
81.50 745.54
82.00 766.19
82.50 796.45
83.00 686.48
83.50 723.18
84.00 295.49
84.50 804.90
85.00 205.41
85.50 676.77
86.00 480.94
86.50 733.05
87.00 678.66
87.50 700.92
88.00 695.62
88.50 854.14
89.00 829.56
89.50 869.48
90.00 768.69
90.50 713.31
91.00 668.81
91.50 745.23
92.00 716.88
92.50 717.67
93.00 800.68
93.50 644.70
94.00 681.98
94.50 881.30
95.00 717.84
95.50 724.66
96.00 744.46
96.50 703.25
97.00 769.30
97.50 773.45
98.00 730.52
98.50 692.84
99.00 438.36
99.50 553.94
100.00 728.63
100.50 719.36
101.00 739.03
101.50 668.36
102.00 702.44
102.50 446.06
103.00 765.29
103.50 721.89
104.00 710.38
104.50 711.78
105.00 758.75
105.50 749.74
106.00 717.58
106.50 735.82
107.00 753.56
107.50 707.29
108.00 709.22
108.50 764.92
109.00 757.89
109.50 672.67
110.00 695.97
110.50 867.07
111.00 801.97
111.50 742.30
112.00 302.39
112.50 756.25
113.00 731.69
113.50 831.33
114.00 671.39
114.50 710.55
115.00 817.16
115.50 774.43
116.00 715.56
116.50 709.40
117.00 751.35
117.50 846.81
118.00 760.68
118.50 705.52
119.00 751.93
119.50 716.94
120.00 673.43
120.50 22.10
121.00 29.17
121.50 494.74
122.00 767.56
122.50 867.31
123.00 844.64
123.50 755.42
124.00 842.12
124.50 824.44
125.00 873.52
125.50 427.59
126.00 172.04
126.50 242.12
127.00 0.00
127.50 0.00
128.00 0.00
128.50 0.00
129.00 429.43
129.50 720.13
130.00 760.10
130.50 680.91
131.00 782.24
131.50 682.49
132.00 867.73
132.50 528.28
133.00 669.02
133.50 377.05
134.00 604.48
134.50 524.27
135.00 747.34
135.50 721.92
136.00 834.66
136.50 869.19
137.00 833.47
137.50 832.56
138.00 826.20
138.50 755.94
139.00 696.10
139.50 813.85
140.00 708.32
140.50 804.04
141.00 471.86
141.50 443.21
142.00 0.00
142.50 685.78
143.00 762.69
143.50 724.34
144.00 744.32
144.50 787.06
145.00 696.79
145.50 714.97
146.00 692.43
146.50 253.89
147.00 554.85
147.50 5.14
148.00 10.72
148.50 364.61
149.00 677.88
149.50 319.02
150.00 744.64
150.50 760.23
151.00 749.21
151.50 684.18
152.00 715.98
152.50 731.49
153.00 835.21
153.50 708.01
154.00 643.39
154.50 820.12
155.00 830.54
155.50 869.43
156.00 835.49
156.50 659.76
157.00 733.33
157.50 701.22
158.00 687.09
158.50 860.60
159.00 816.09
159.50 841.38
160.00 861.04
160.50 848.06
161.00 851.06
161.50 824.86
162.00 732.45
162.50 869.83
163.00 839.63
163.50 871.84
164.00 691.03
164.50 686.97
165.00 797.33
165.50 467.32
166.00 697.35
166.50 805.43
167.00 824.98
167.50 852.16
168.00 831.14
168.50 697.62
169.00 837.35
169.50 850.80
170.00 758.32
170.50 860.66
171.00 885.44
171.50 679.65
172.00 866.72
172.50 857.98
173.00 843.80
173.50 839.66
174.00 811.59
174.50 833.57
175.00 687.78
175.50 787.49
176.00 766.24
176.50 838.36
177.00 727.92
177.50 757.74
178.00 711.46
178.50 816.13
179.00 831.58
179.50 846.43
180.00 876.49
180.50 784.86
181.00 715.42
181.50 850.71
182.00 418.79
182.50 664.15
183.00 705.99
183.50 701.60
184.00 307.64
184.50 86.88
185.00 715.97
185.50 714.45
186.00 714.03
186.50 726.71
187.00 730.91
187.50 852.37
188.00 878.98
188.50 692.06
189.00 717.48
189.50 539.33
190.00 682.63
190.50 719.81
191.00 780.73
191.50 770.07
192.00 768.88
192.50 889.64
193.00 707.54
193.50 686.54
194.00 762.29
194.50 673.10
195.00 203.91
195.50 423.18
196.00 759.83
196.50 749.21
197.00 746.04
197.50 691.52
198.00 754.10
198.50 680.40
199.00 767.68
199.50 780.10
200.00 742.69
200.50 648.76
201.00 469.94
201.50 743.76
202.00 687.28
202.50 693.98
203.00 0.00
203.50 0.00
204.00 448.13
204.50 240.71
205.00 764.11
205.50 765.48
206.00 737.40
206.50 689.18
207.00 728.40
207.50 829.64
208.00 837.06
208.50 817.98
209.00 861.44
209.50 832.36
210.00 845.07
210.50 822.90
211.00 821.54
211.50 728.56
212.00 695.40
212.50 727.83
213.00 845.45
213.50 647.96
214.00 0.00
214.50 282.70
215.00 736.17
215.50 729.50
216.00 692.16
216.50 818.63
217.00 41.76
217.50 746.93
218.00 687.32
218.50 761.23
219.00 734.33
219.50 715.78
220.00 731.88
220.50 781.29
221.00 760.38
221.50 685.58
222.00 692.21
222.50 723.66
223.00 757.41
223.50 712.80
224.00 768.52
224.50 432.65
225.00 539.37
225.50 754.84
226.00 786.78
226.50 800.18
227.00 820.40
227.50 835.75
228.00 867.20
228.50 822.99
229.00 861.63
229.50 828.84
230.00 842.89
230.50 802.98
231.00 823.71
231.50 183.07
232.00 612.02
232.50 0.00
233.00 746.65
233.50 739.05
234.00 759.46
234.50 696.93
235.00 793.14
235.50 694.02
236.00 726.78
236.50 721.18
237.00 786.72
237.50 708.69
238.00 772.74
238.50 782.15
239.00 725.62
239.50 824.75
240.00 722.91
240.50 749.44
241.00 697.03
241.50 886.58
242.00 705.68
242.50 711.50
243.00 706.57
243.50 891.86
244.00 762.73
244.50 795.18
245.00 711.94
245.50 685.81
246.00 784.50
246.50 753.31
247.00 671.37
247.50 721.08
248.00 677.90
248.50 899.43
249.00 733.41
249.50 770.41
250.00 730.19
250.50 766.68
251.00 720.52
251.50 718.41
252.00 708.80
252.50 751.45
253.00 745.30
253.50 740.81
254.00 763.74
254.50 758.12
255.00 740.02
255.50 720.65
256.00 763.69
256.50 702.03
257.00 730.59
257.50 708.34
258.00 720.66
258.50 777.42
259.00 702.39
259.50 699.76
260.00 786.77
260.50 820.76
261.00 697.97
261.50 788.12
262.00 763.78
262.50 695.29
263.00 852.33
263.50 881.57
264.00 800.67
264.50 603.87
265.00 900.00
265.50 823.32
266.00 857.62
266.50 687.79
267.00 893.34
267.50 768.94
268.00 824.97
268.50 769.39
269.00 786.58
269.50 762.05
270.00 696.63
270.50 710.85
271.00 720.28
271.50 780.20
272.00 862.68
272.50 715.40
273.00 697.00
273.50 719.09
274.00 484.30
274.50 693.37
275.00 694.41
275.50 900.00
276.00 755.32
276.50 572.42
277.00 803.96
277.50 737.58
278.00 706.28
278.50 662.09
279.00 719.04
279.50 698.23
280.00 778.26
280.50 762.10
281.00 698.63
281.50 759.75
282.00 721.98
282.50 847.53
283.00 716.04
283.50 770.88
284.00 745.69
284.50 703.22
285.00 686.29
285.50 715.75
286.00 777.92
286.50 113.55
287.00 417.18
287.50 283.31
288.00 573.61
288.50 735.28
289.00 420.39
289.50 721.40
290.00 825.35
290.50 840.37
291.00 824.21
291.50 842.66
292.00 840.53
292.50 850.61
293.00 833.64
293.50 850.30
294.00 688.65
294.50 812.66
295.00 100.12
295.50 5.71
296.00 54.39
296.50 700.50
297.00 117.60
297.50 223.87
298.00 156.13
298.50 508.54
299.00 567.39
299.50 625.62
