0.00 792.58
0.50 779.36
1.00 713.16
1.50 730.94
2.00 868.79
2.50 825.67
3.00 845.28
3.50 814.80
4.00 723.45
4.50 557.00
5.00 364.09
5.50 675.93
6.00 842.82
6.50 836.87
7.00 812.27
7.50 859.85
8.00 819.43
8.50 839.33
9.00 860.37
9.50 795.15
10.00 781.70
10.50 718.10
11.00 791.21
11.50 804.01
12.00 145.56
12.50 0.73
13.00 706.99
13.50 320.38
14.00 716.24
14.50 701.25
15.00 388.72
15.50 678.24
16.00 846.07
16.50 842.50
17.00 705.84
17.50 826.80
18.00 674.48
18.50 428.65
19.00 690.59
19.50 824.24
20.00 725.88
20.50 564.10
21.00 715.95
21.50 495.61
22.00 686.00
22.50 832.58
23.00 850.18
23.50 740.73
24.00 900.00
24.50 812.05
25.00 896.64
25.50 766.61
26.00 730.52
26.50 738.24
27.00 784.47
27.50 688.38
28.00 792.72
28.50 777.76
29.00 751.46
29.50 495.34
30.00 727.05
30.50 782.65
31.00 740.52
31.50 708.09
32.00 695.86
32.50 726.08
33.00 698.88
33.50 738.40
34.00 806.62
34.50 768.43
35.00 755.20
35.50 720.00
36.00 768.39
36.50 658.69
37.00 769.18
37.50 706.81
38.00 745.74
38.50 740.47
39.00 699.36
39.50 714.59
40.00 698.39
40.50 704.00
41.00 727.91
41.50 792.75
42.00 753.72
42.50 745.67
43.00 746.05
43.50 754.98
44.00 761.84
44.50 755.30
45.00 698.36
45.50 720.54
46.00 755.59
46.50 744.23
47.00 761.13
47.50 753.63
48.00 702.91
48.50 736.50
49.00 730.39
49.50 748.16
50.00 840.36
50.50 841.98
51.00 706.50
51.50 801.71
52.00 850.70
52.50 854.17
53.00 840.52
53.50 820.63
54.00 862.04
54.50 870.80
55.00 812.17
55.50 740.35
56.00 689.07
56.50 743.22
57.00 739.44
57.50 736.06
58.00 690.63
58.50 722.57
59.00 700.47
59.50 724.28
60.00 742.15
60.50 708.21
61.00 776.93
61.50 705.48
62.00 791.60
62.50 744.74
63.00 767.89
63.50 796.31
64.00 714.63
64.50 713.50
65.00 784.30
65.50 746.50
66.00 688.69
66.50 769.59
67.00 686.43
67.50 751.21
68.00 676.29
68.50 729.51
69.00 736.06
69.50 734.91
70.00 739.27
70.50 727.78
71.00 774.91
71.50 739.21
72.00 775.19
72.50 792.87
73.00 742.37
73.50 713.96
74.00 672.01
74.50 703.02
75.00 713.08
75.50 707.13
76.00 728.93
76.50 713.56
77.00 843.87
77.50 840.95
78.00 782.44
78.50 814.56
79.00 835.57
79.50 826.43
80.00 723.89
80.50 723.52
81.00 697.51
81.50 737.98
82.00 733.92
82.50 692.16
83.00 720.71
83.50 760.39
84.00 710.09
84.50 736.24
85.00 757.60
85.50 657.75
86.00 734.51
86.50 706.96
87.00 714.52
87.50 767.13
88.00 702.11
88.50 439.42
89.00 8.28
89.50 325.60
90.00 752.63
90.50 674.44
91.00 711.00
91.50 680.89
92.00 747.81
92.50 719.60
93.00 787.67
93.50 731.39
94.00 693.94
94.50 844.36
95.00 749.92
95.50 714.01
96.00 894.40
96.50 706.54
97.00 683.34
97.50 722.14
98.00 704.23
98.50 741.63
99.00 135.14
99.50 713.65
100.00 692.44
100.50 714.18
101.00 671.20
101.50 704.21
102.00 696.61
102.50 712.85
103.00 738.04
103.50 681.53
104.00 620.07
104.50 0.00
105.00 17.40
105.50 401.84
106.00 196.22
106.50 13.67
107.00 0.00
107.50 528.05
108.00 511.13
108.50 699.24
109.00 694.71
109.50 859.78
110.00 869.61
110.50 860.90
111.00 845.96
111.50 720.98
112.00 829.81
112.50 856.27
113.00 747.63
113.50 785.16
114.00 743.16
114.50 750.94
115.00 712.58
115.50 700.06
116.00 728.78
116.50 702.46
117.00 755.68
117.50 695.37
118.00 741.23
118.50 686.13
119.00 865.50
119.50 813.54
120.00 738.51
120.50 845.09
121.00 683.14
121.50 638.74
122.00 514.26
122.50 716.84
123.00 746.78
123.50 748.47
124.00 741.27
124.50 685.58
125.00 705.07
125.50 869.10
126.00 729.46
126.50 758.14
127.00 779.92
127.50 801.51
128.00 789.97
128.50 751.92
129.00 325.82
129.50 688.56
130.00 767.95
130.50 764.17
131.00 687.49
131.50 870.06
132.00 844.97
132.50 755.11
133.00 148.90
133.50 14.28
134.00 1.07
134.50 0.00
135.00 0.00
135.50 12.21
136.00 0.00
136.50 0.00
137.00 7.70
137.50 4.46
138.00 0.00
138.50 171.38
139.00 298.82
139.50 390.04
140.00 727.44
140.50 775.28
141.00 708.58
141.50 725.12
142.00 709.88
142.50 421.04
143.00 688.98
143.50 735.01
144.00 717.27
144.50 679.73
145.00 704.54
145.50 28.77
146.00 260.32
146.50 71.43
147.00 10.13
147.50 46.11
148.00 0.00
148.50 335.11
149.00 684.38
149.50 849.56
150.00 826.48
150.50 273.47
151.00 145.14
151.50 17.99
152.00 4.98
152.50 0.00
153.00 0.00
153.50 418.94
154.00 719.39
154.50 737.59
155.00 738.54
155.50 726.32
156.00 697.12
156.50 857.18
157.00 498.71
157.50 0.00
158.00 10.55
158.50 0.00
159.00 4.77
159.50 117.19
160.00 13.46
160.50 6.24
161.00 505.22
161.50 282.93
162.00 722.60
162.50 707.43
163.00 747.42
163.50 763.76
164.00 730.41
164.50 769.50
165.00 731.83
165.50 728.65
166.00 791.54
166.50 681.58
167.00 719.63
167.50 707.13
168.00 728.03
168.50 715.10
169.00 400.49
169.50 697.16
170.00 745.77
170.50 771.93
171.00 825.80
171.50 863.55
172.00 822.04
172.50 680.02
173.00 730.21
173.50 779.02
174.00 696.35
174.50 127.20
175.00 191.61
175.50 747.55
176.00 727.76
176.50 706.15
177.00 72.85
177.50 1.10
178.00 12.64
178.50 0.12
179.00 9.99
179.50 206.70
180.00 433.35
180.50 231.89
181.00 741.86
181.50 714.85
182.00 741.63
182.50 827.83
183.00 854.82
183.50 831.59
184.00 727.16
184.50 9.62
185.00 7.04
185.50 7.20
186.00 0.00
186.50 4.95
187.00 0.00
187.50 652.23
188.00 433.23
188.50 722.54
189.00 740.24
189.50 834.64
190.00 864.84
190.50 698.74
191.00 793.00
191.50 737.59
192.00 728.81
192.50 703.85
193.00 715.81
193.50 736.91
194.00 702.99
194.50 699.96
195.00 705.95
195.50 774.88
196.00 715.98
196.50 733.39
197.00 718.53
197.50 745.70
198.00 749.19
198.50 687.87
199.00 673.12
199.50 770.68
200.00 728.21
200.50 722.35
201.00 762.16
201.50 731.59
202.00 694.60
202.50 790.88
203.00 707.78
203.50 750.09
204.00 704.80
204.50 764.98
205.00 756.91
205.50 697.37
206.00 717.18
206.50 757.80
207.00 737.72
207.50 693.05
208.00 746.17
208.50 730.45
209.00 725.06
209.50 5.02
210.00 4.05
210.50 6.09
211.00 361.13
211.50 795.13
212.00 514.36
212.50 518.04
213.00 693.90
213.50 699.25
214.00 860.03
214.50 814.01
215.00 852.59
215.50 833.13
216.00 851.26
216.50 840.44
217.00 874.58
217.50 847.56
218.00 813.73
218.50 868.38
219.00 837.18
219.50 721.84
220.00 485.18
220.50 692.54
221.00 731.55
221.50 732.59
222.00 718.45
222.50 898.39
223.00 726.21
223.50 718.21
224.00 704.91
224.50 703.97
225.00 721.85
225.50 805.55
226.00 764.00
226.50 696.89
227.00 703.87
227.50 767.23
228.00 706.02
228.50 784.41
229.00 738.42
229.50 743.79
230.00 791.17
230.50 767.06
231.00 701.27
231.50 735.99
232.00 728.06
232.50 751.72
233.00 758.96
233.50 740.15
234.00 657.52
234.50 735.66
235.00 714.60
235.50 731.76
236.00 710.03
236.50 761.26
237.00 728.76
237.50 685.94
238.00 706.16
238.50 695.57
239.00 780.21
239.50 836.06
240.00 868.21
240.50 676.39
241.00 752.25
241.50 703.43
242.00 693.12
242.50 670.20
243.00 820.06
243.50 814.32
244.00 844.76
244.50 676.17
245.00 778.67
245.50 709.49
246.00 725.56
246.50 729.04
247.00 689.13
247.50 763.16
248.00 735.04
248.50 727.91
249.00 793.98
249.50 686.66
250.00 832.90
250.50 731.82
251.00 745.22
251.50 712.71
252.00 702.52
252.50 677.55
253.00 762.58
253.50 737.45
254.00 699.45
254.50 777.85
255.00 713.37
255.50 779.67
256.00 786.27
256.50 718.30
257.00 758.82
257.50 749.51
258.00 740.81
258.50 665.96
259.00 654.16
259.50 732.71
260.00 883.55
260.50 782.30
261.00 722.75
261.50 892.84
262.00 857.17
262.50 674.89
263.00 771.46
263.50 727.79
264.00 747.91
264.50 692.07
265.00 721.12
265.50 752.07
266.00 718.23
266.50 537.53
267.00 718.81
267.50 777.52
268.00 840.48
268.50 752.68
269.00 707.23
269.50 810.23
270.00 709.06
270.50 781.87
271.00 704.50
271.50 215.51
272.00 512.58
272.50 689.46
273.00 823.03
273.50 770.70
274.00 769.43
274.50 698.05
275.00 728.86
275.50 712.70
276.00 727.13
276.50 747.35
277.00 750.78
277.50 721.90
278.00 291.98
278.50 767.14
279.00 651.54
279.50 700.63
280.00 683.46
280.50 722.50
281.00 747.67
281.50 724.64
282.00 830.87
282.50 709.68
283.00 819.84
283.50 805.57
284.00 782.26
284.50 685.04
285.00 720.72
285.50 674.86
286.00 539.56
286.50 711.70
287.00 737.31
287.50 752.44
288.00 700.47
288.50 725.13
289.00 115.21
289.50 748.76
290.00 601.98
290.50 333.90
291.00 725.48
291.50 725.86
292.00 709.25
292.50 692.60
293.00 696.90
293.50 717.89
294.00 767.66
294.50 674.10
295.00 700.17
295.50 734.09
296.00 788.30
296.50 757.11
297.00 705.81
297.50 720.69
298.00 679.23
298.50 722.38
299.00 691.84
299.50 714.50
