0.00 710.56
0.50 694.03
1.00 713.04
1.50 775.15
2.00 738.59
2.50 758.91
3.00 745.70
3.50 734.71
4.00 789.49
4.50 696.49
5.00 727.36
5.50 763.99
6.00 762.31
6.50 423.87
7.00 719.98
7.50 716.63
8.00 844.76
8.50 785.56
9.00 702.23
9.50 744.85
10.00 796.64
10.50 731.61
11.00 839.93
11.50 799.87
12.00 741.10
12.50 444.08
13.00 748.24
13.50 723.99
14.00 729.43
14.50 728.89
15.00 768.52
15.50 722.44
16.00 676.71
16.50 745.37
17.00 735.35
17.50 719.91
18.00 768.92
18.50 727.04
19.00 745.37
19.50 778.82
20.00 685.67
20.50 767.03
21.00 763.60
21.50 751.26
22.00 721.32
22.50 691.60
23.00 737.56
23.50 712.76
24.00 731.58
24.50 719.46
25.00 797.53
25.50 785.60
26.00 758.43
26.50 752.88
27.00 693.09
27.50 633.94
28.00 780.70
28.50 724.69
29.00 762.61
29.50 733.52
30.00 700.86
30.50 776.28
31.00 758.86
31.50 676.21
32.00 710.85
32.50 752.17
33.00 242.56
33.50 555.78
34.00 809.26
34.50 695.98
35.00 710.54
35.50 690.15
36.00 813.12
36.50 810.96
37.00 725.37
37.50 837.61
38.00 756.64
38.50 726.84
39.00 551.89
39.50 153.82
40.00 715.33
40.50 777.51
41.00 728.37
41.50 900.00
42.00 750.04
42.50 687.59
43.00 862.29
43.50 703.38
44.00 697.28
44.50 699.50
45.00 243.33
45.50 393.11
46.00 588.95
46.50 710.74
47.00 802.32
47.50 799.37
48.00 769.68
48.50 720.79
49.00 696.47
49.50 670.63
50.00 791.92
50.50 347.97
51.00 775.76
51.50 731.82
52.00 718.19
52.50 720.26
53.00 0.00
53.50 67.49
54.00 762.89
54.50 764.59
55.00 720.48
55.50 800.42
56.00 715.21
56.50 682.81
57.00 733.21
57.50 736.04
58.00 749.64
58.50 740.75
59.00 727.16
59.50 767.55
60.00 745.97
60.50 712.80
61.00 738.74
61.50 777.71
62.00 751.92
62.50 700.01
63.00 777.92
63.50 781.83
64.00 732.07
64.50 776.81
65.00 503.49
65.50 304.07
66.00 502.34
66.50 778.49
67.00 724.46
67.50 672.11
68.00 681.52
68.50 824.59
69.00 821.77
69.50 843.06
70.00 826.20
70.50 798.88
71.00 762.00
71.50 706.24
72.00 0.00
72.50 271.29
73.00 711.32
73.50 868.89
74.00 856.37
74.50 772.42
75.00 843.11
75.50 741.16
76.00 769.14
76.50 721.14
77.00 752.84
77.50 739.27
78.00 781.07
78.50 774.33
79.00 745.32
79.50 732.17
80.00 819.94
80.50 774.54
81.00 735.99
81.50 738.76
82.00 736.77
82.50 224.37
83.00 611.53
83.50 329.18
84.00 16.57
84.50 192.02
85.00 0.00
85.50 7.43
86.00 6.47
86.50 16.10
87.00 25.19
87.50 17.55
88.00 0.00
88.50 0.00
89.00 7.36
89.50 60.50
90.00 670.41
90.50 726.60
91.00 681.29
91.50 682.70
92.00 665.23
92.50 692.88
93.00 787.95
93.50 796.00
94.00 846.88
94.50 351.13
95.00 709.29
95.50 765.08
96.00 860.48
96.50 831.08
97.00 874.69
97.50 871.69
98.00 841.00
98.50 842.21
99.00 688.58
99.50 787.04
100.00 759.07
100.50 689.90
101.00 713.44
101.50 852.43
102.00 513.04
102.50 506.54
103.00 752.21
103.50 439.51
104.00 625.46
104.50 834.32
105.00 217.37
105.50 707.40
106.00 516.85
106.50 333.56
107.00 369.45
107.50 728.85
108.00 145.36
108.50 273.81
109.00 771.31
109.50 809.24
110.00 698.95
110.50 711.16
111.00 694.04
111.50 681.31
112.00 713.46
112.50 705.26
113.00 721.45
113.50 780.35
114.00 830.60
114.50 735.51
115.00 676.27
115.50 824.04
116.00 783.09
116.50 812.00
117.00 820.87
117.50 802.75
118.00 827.77
118.50 687.08
119.00 707.50
119.50 691.68
120.00 714.64
120.50 704.27
121.00 744.90
121.50 704.61
122.00 713.70
122.50 705.44
123.00 681.79
123.50 734.54
124.00 769.86
124.50 764.00
125.00 773.16
125.50 725.55
126.00 668.80
126.50 719.33
127.00 775.04
127.50 697.26
128.00 668.23
128.50 472.22
129.00 273.95
129.50 773.82
130.00 757.32
130.50 726.76
131.00 278.82
131.50 729.93
132.00 773.66
132.50 809.01
133.00 775.55
133.50 717.25
134.00 713.80
134.50 789.70
135.00 706.37
135.50 775.07
136.00 805.05
136.50 223.78
137.00 760.92
137.50 688.55
138.00 821.46
138.50 820.31
139.00 780.10
139.50 705.75
140.00 865.06
140.50 846.43
141.00 818.15
141.50 837.74
142.00 737.47
142.50 785.00
143.00 735.82
143.50 421.92
144.00 307.17
144.50 770.18
145.00 691.64
145.50 689.78
146.00 709.53
146.50 681.91
147.00 867.17
147.50 773.75
148.00 758.67
148.50 837.54
149.00 711.23
149.50 693.16
150.00 826.44
150.50 708.49
151.00 714.43
151.50 692.53
152.00 696.90
152.50 826.43
153.00 900.00
153.50 836.93
154.00 791.65
154.50 895.65
155.00 849.24
155.50 685.65
156.00 715.18
156.50 768.90
157.00 693.40
157.50 778.77
158.00 689.00
158.50 848.00
159.00 703.93
159.50 707.75
160.00 753.05
160.50 734.65
161.00 700.63
161.50 703.38
162.00 718.92
162.50 708.16
163.00 550.74
163.50 721.51
164.00 654.65
164.50 869.03
165.00 713.12
165.50 865.82
166.00 740.32
166.50 829.45
167.00 680.20
167.50 704.68
168.00 723.06
168.50 719.26
169.00 779.14
169.50 844.26
170.00 900.00
170.50 693.63
171.00 638.14
171.50 254.36
172.00 760.80
172.50 691.08
173.00 807.18
173.50 730.38
174.00 723.70
174.50 658.23
175.00 792.38
175.50 784.54
176.00 768.51
176.50 622.91
177.00 583.69
177.50 788.19
178.00 768.78
178.50 750.31
179.00 809.91
179.50 842.92
180.00 732.52
180.50 719.80
181.00 713.02
181.50 717.93
182.00 900.00
182.50 346.06
183.00 401.26
183.50 728.36
184.00 862.69
184.50 726.78
185.00 712.56
185.50 700.00
186.00 462.33
186.50 707.45
187.00 814.16
187.50 715.46
188.00 503.83
188.50 852.81
189.00 727.72
189.50 489.17
190.00 900.00
190.50 842.66
191.00 771.95
191.50 889.21
192.00 697.73
192.50 699.90
193.00 850.43
193.50 770.32
194.00 775.24
194.50 747.41
195.00 710.73
195.50 797.38
196.00 706.39
196.50 701.04
197.00 692.32
197.50 771.19
198.00 768.53
198.50 735.43
199.00 719.83
199.50 734.34
200.00 786.55
200.50 832.26
201.00 837.12
201.50 822.10
202.00 824.50
202.50 805.19
203.00 846.50
203.50 850.04
204.00 833.02
204.50 819.97
205.00 795.31
205.50 710.58
206.00 744.13
206.50 744.69
207.00 684.63
207.50 741.67
208.00 771.60
208.50 713.25
209.00 783.68
209.50 700.28
210.00 771.41
210.50 724.33
211.00 729.03
211.50 708.57
212.00 726.19
212.50 703.96
213.00 695.08
213.50 814.62
214.00 735.76
214.50 761.57
215.00 834.44
215.50 706.04
216.00 686.38
216.50 865.00
217.00 550.82
217.50 694.35
218.00 855.65
218.50 799.51
219.00 713.71
219.50 686.88
220.00 726.59
220.50 738.18
221.00 550.30
221.50 746.07
222.00 820.04
222.50 733.80
223.00 720.25
223.50 742.50
224.00 719.56
224.50 835.62
225.00 848.55
225.50 761.27
226.00 695.56
226.50 682.20
227.00 459.56
227.50 419.02
228.00 673.27
228.50 10.97
229.00 1.50
229.50 7.11
230.00 7.89
230.50 6.64
231.00 0.00
231.50 16.94
232.00 7.78
232.50 0.00
233.00 6.76
233.50 763.41
234.00 673.07
234.50 749.48
235.00 742.24
235.50 722.40
236.00 793.55
236.50 776.19
237.00 719.41
237.50 685.38
238.00 746.35
238.50 794.17
239.00 725.22
239.50 826.14
240.00 704.43
240.50 697.34
241.00 769.35
241.50 833.94
242.00 661.10
242.50 701.69
243.00 724.12
243.50 834.89
244.00 712.39
244.50 738.51
245.00 799.91
245.50 671.00
246.00 726.90
246.50 751.63
247.00 885.32
247.50 837.72
248.00 836.08
248.50 835.97
249.00 737.30
249.50 720.46
250.00 725.94
250.50 353.78
251.00 841.95
251.50 828.89
252.00 785.09
252.50 839.26
253.00 811.63
253.50 692.97
254.00 419.36
254.50 0.00
255.00 0.00
255.50 65.70
256.00 0.00
256.50 185.01
257.00 709.13
257.50 859.62
258.00 861.68
258.50 848.28
259.00 863.50
259.50 355.12
260.00 658.75
260.50 428.27
261.00 12.21
261.50 1.41
262.00 263.50
262.50 590.56
263.00 237.68
263.50 824.14
264.00 876.10
264.50 712.12
265.00 715.87
265.50 385.38
266.00 702.39
266.50 667.52
267.00 699.05
267.50 646.71
268.00 15.67
268.50 0.00
269.00 120.31
269.50 13.42
270.00 9.21
270.50 12.27
271.00 151.53
271.50 688.95
272.00 770.92
272.50 709.72
273.00 654.75
273.50 788.35
274.00 727.88
274.50 674.45
275.00 727.87
275.50 846.94
276.00 842.44
276.50 854.44
277.00 845.60
277.50 841.79
278.00 862.43
278.50 781.36
279.00 777.87
279.50 704.39
280.00 725.86
280.50 736.01
281.00 777.63
281.50 246.90
282.00 162.81
282.50 20.97
283.00 3.83
283.50 16.49
284.00 252.98
284.50 247.04
285.00 386.94
285.50 731.38
286.00 850.42
286.50 831.69
287.00 812.36
287.50 814.15
288.00 853.39
288.50 751.98
289.00 712.49
289.50 732.54
290.00 758.71
290.50 324.08
291.00 187.63
291.50 708.65
292.00 842.26
292.50 745.48
293.00 728.54
293.50 730.06
294.00 684.13
294.50 695.57
295.00 812.37
295.50 757.50
296.00 683.54
296.50 778.34
297.00 752.29
297.50 776.65
298.00 465.88
298.50 681.45
299.00 709.25
299.50 690.83
