0.00 717.41
0.50 749.22
1.00 702.83
1.50 802.17
2.00 837.62
2.50 708.63
3.00 845.39
3.50 727.01
4.00 728.70
4.50 774.55
5.00 733.20
5.50 688.81
6.00 712.52
6.50 801.90
7.00 712.92
7.50 734.02
8.00 736.07
8.50 736.12
9.00 729.67
9.50 717.92
10.00 769.42
10.50 770.20
11.00 766.88
11.50 715.89
12.00 735.40
12.50 854.52
13.00 707.48
13.50 763.56
14.00 751.16
14.50 765.49
15.00 678.75
15.50 756.35
16.00 694.75
16.50 720.10
17.00 690.19
17.50 728.05
18.00 865.54
18.50 733.33
19.00 798.42
19.50 775.82
20.00 798.17
20.50 678.51
21.00 743.13
21.50 749.37
22.00 900.00
22.50 831.24
23.00 806.39
23.50 721.96
24.00 457.70
24.50 830.97
25.00 737.57
25.50 711.06
26.00 424.96
26.50 701.81
27.00 728.88
27.50 865.52
28.00 819.65
28.50 741.56
29.00 513.84
29.50 0.00
30.00 3.01
30.50 9.86
31.00 557.92
31.50 571.84
32.00 433.99
32.50 446.61
33.00 8.92
33.50 15.63
34.00 24.66
34.50 19.98
35.00 5.32
35.50 323.65
36.00 0.50
36.50 0.00
37.00 307.89
37.50 0.00
38.00 3.90
38.50 16.34
39.00 258.42
39.50 1.16
40.00 491.21
40.50 310.32
41.00 10.25
41.50 604.91
42.00 0.00
42.50 0.00
43.00 217.88
43.50 771.10
44.00 727.06
44.50 821.16
45.00 680.86
45.50 757.71
46.00 817.27
46.50 720.71
47.00 815.99
47.50 720.77
48.00 842.90
48.50 895.63
49.00 721.53
49.50 812.02
50.00 690.59
50.50 834.65
51.00 686.12
51.50 750.73
52.00 700.00
52.50 762.37
53.00 701.53
53.50 679.24
54.00 195.03
54.50 655.47
55.00 249.18
55.50 37.92
56.00 12.05
56.50 207.15
57.00 700.04
57.50 798.17
58.00 706.91
58.50 832.17
59.00 845.41
59.50 831.14
60.00 850.88
60.50 809.73
61.00 232.86
61.50 311.81
62.00 627.12
62.50 108.43
63.00 399.79
63.50 668.15
64.00 742.08
64.50 693.72
65.00 110.56
65.50 368.91
66.00 252.05
66.50 0.58
67.00 13.60
67.50 716.61
68.00 731.35
68.50 721.07
69.00 746.54
69.50 671.68
70.00 788.97
70.50 770.53
71.00 727.58
71.50 694.89
72.00 693.19
72.50 779.28
73.00 771.07
73.50 718.69
74.00 691.96
74.50 753.13
75.00 725.00
75.50 695.21
76.00 741.21
76.50 715.56
77.00 753.06
77.50 741.30
78.00 736.57
78.50 745.76
79.00 759.44
79.50 673.85
80.00 721.34
80.50 672.04
81.00 739.70
81.50 765.58
82.00 728.01
82.50 747.17
83.00 763.36
83.50 750.34
84.00 611.39
84.50 724.45
85.00 731.14
85.50 698.05
86.00 782.98
86.50 748.70
87.00 749.76
87.50 761.20
88.00 765.63
88.50 794.87
89.00 683.94
89.50 687.82
90.00 685.43
90.50 781.50
91.00 758.29
91.50 700.67
92.00 677.96
92.50 711.40
93.00 669.13
93.50 749.56
94.00 708.84
94.50 717.66
95.00 668.66
95.50 700.76
96.00 727.29
96.50 681.98
97.00 392.80
97.50 16.71
98.00 14.63
98.50 29.25
99.00 6.95
99.50 318.65
100.00 118.81
100.50 0.00
101.00 32.13
101.50 5.22
102.00 8.29
102.50 859.79
103.00 740.69
103.50 102.84
104.00 229.49
104.50 8.16
105.00 181.76
105.50 15.85
106.00 9.04
106.50 405.70
107.00 238.76
107.50 319.57
108.00 0.00
108.50 748.66
109.00 696.98
109.50 698.40
110.00 800.73
110.50 798.80
111.00 735.24
111.50 734.40
112.00 805.45
112.50 731.78
113.00 735.47
113.50 807.31
114.00 688.07
114.50 709.57
115.00 760.81
115.50 727.66
116.00 750.89
116.50 787.45
117.00 701.24
117.50 769.61
118.00 752.35
118.50 737.32
119.00 2.88
119.50 456.73
120.00 682.81
120.50 701.27
121.00 779.27
121.50 0.00
122.00 9.66
122.50 0.00
123.00 0.00
123.50 12.06
124.00 0.00
124.50 33.59
125.00 1.70
125.50 238.10
126.00 694.96
126.50 713.90
127.00 767.12
127.50 771.18
128.00 729.09
128.50 694.91
129.00 691.62
129.50 696.71
130.00 765.25
130.50 746.97
131.00 765.11
131.50 748.91
132.00 834.81
132.50 796.94
133.00 856.31
133.50 733.33
134.00 646.15
134.50 833.48
135.00 733.56
135.50 771.19
136.00 692.20
136.50 713.11
137.00 775.13
137.50 267.48
138.00 722.62
138.50 881.02
139.00 343.98
139.50 515.95
140.00 651.53
140.50 707.09
141.00 883.45
141.50 751.14
142.00 714.71
142.50 727.08
143.00 731.65
143.50 666.08
144.00 707.10
144.50 687.98
145.00 717.51
145.50 717.13
146.00 697.80
146.50 693.33
147.00 747.55
147.50 673.81
148.00 709.76
148.50 724.74
149.00 762.71
149.50 707.05
150.00 731.61
150.50 758.67
151.00 756.71
151.50 762.43
152.00 736.21
152.50 752.10
153.00 714.29
153.50 773.97
154.00 839.33
154.50 713.63
155.00 725.48
155.50 710.33
156.00 811.09
156.50 848.09
157.00 856.98
157.50 848.56
158.00 668.06
158.50 721.75
159.00 791.11
159.50 807.30
160.00 858.50
160.50 673.29
161.00 788.65
161.50 762.59
162.00 799.78
162.50 750.19
163.00 709.10
163.50 719.12
164.00 697.81
164.50 658.13
165.00 727.76
165.50 291.87
166.00 702.21
166.50 724.23
167.00 877.96
167.50 761.60
168.00 741.75
168.50 667.49
169.00 677.71
169.50 721.68
170.00 497.89
170.50 0.00
171.00 536.14
171.50 774.01
172.00 715.13
172.50 834.74
173.00 821.87
173.50 102.24
174.00 752.90
174.50 533.82
175.00 715.10
175.50 744.87
176.00 697.76
176.50 729.86
177.00 699.87
177.50 725.77
178.00 738.32
178.50 803.84
179.00 721.62
179.50 722.33
180.00 837.45
180.50 274.90
181.00 698.53
181.50 734.57
182.00 641.90
182.50 472.59
183.00 693.25
183.50 733.15
184.00 762.83
184.50 710.56
185.00 738.11
185.50 692.04
186.00 817.60
186.50 720.81
187.00 732.34
187.50 490.67
188.00 747.26
188.50 728.45
189.00 714.90
189.50 712.66
190.00 691.82
190.50 724.70
191.00 727.50
191.50 681.60
192.00 768.72
192.50 764.51
193.00 734.30
193.50 709.69
194.00 703.82
194.50 729.74
195.00 696.69
195.50 710.28
196.00 690.36
196.50 868.43
197.00 702.95
197.50 703.05
198.00 796.73
198.50 689.90
199.00 710.17
199.50 682.35
200.00 496.33
200.50 714.91
201.00 684.61
201.50 723.15
202.00 724.16
202.50 739.82
203.00 730.68
203.50 728.15
204.00 665.30
204.50 716.68
205.00 741.05
205.50 746.16
206.00 740.85
206.50 677.05
207.00 745.55
207.50 673.54
208.00 742.19
208.50 707.35
209.00 692.50
209.50 741.37
210.00 751.44
210.50 738.90
211.00 683.90
211.50 774.74
212.00 857.41
212.50 802.75
213.00 843.03
213.50 773.98
214.00 689.43
214.50 691.40
215.00 794.77
215.50 707.28
216.00 752.15
216.50 695.01
217.00 10.17
217.50 21.24
218.00 673.34
218.50 849.14
219.00 579.32
219.50 8.80
220.00 720.30
220.50 741.66
221.00 738.20
221.50 747.26
222.00 792.12
222.50 752.04
223.00 751.59
223.50 808.53
224.00 732.06
224.50 777.17
225.00 713.21
225.50 726.77
226.00 708.21
226.50 766.58
227.00 697.81
227.50 690.46
228.00 329.17
228.50 689.25
229.00 725.85
229.50 712.51
230.00 675.39
230.50 725.71
231.00 691.44
231.50 793.15
232.00 583.90
232.50 3.28
233.00 7.16
233.50 0.00
234.00 498.83
234.50 443.60
235.00 714.68
235.50 752.53
236.00 702.96
236.50 717.66
237.00 697.75
237.50 711.57
238.00 710.02
238.50 804.44
239.00 855.71
239.50 682.55
240.00 672.93
240.50 740.16
241.00 106.78
241.50 624.63
242.00 462.74
242.50 665.26
243.00 310.04
243.50 311.43
244.00 18.49
244.50 579.96
245.00 422.70
245.50 771.61
246.00 831.62
246.50 827.07
247.00 840.09
247.50 855.79
248.00 859.15
248.50 752.73
249.00 780.99
249.50 841.02
250.00 830.42
250.50 834.28
251.00 700.11
251.50 715.70
252.00 687.11
252.50 781.02
253.00 800.27
253.50 750.66
254.00 797.71
254.50 775.48
255.00 793.53
255.50 758.86
256.00 796.68
256.50 708.30
257.00 821.26
257.50 749.60
258.00 711.04
258.50 786.82
259.00 705.75
259.50 717.16
260.00 805.55
260.50 671.09
261.00 872.78
261.50 810.69
262.00 783.37
262.50 691.39
263.00 747.58
263.50 677.33
264.00 673.33
264.50 715.85
265.00 679.23
265.50 799.69
266.00 702.95
266.50 668.89
267.00 738.64
267.50 688.36
268.00 717.92
268.50 737.80
269.00 854.66
269.50 650.64
270.00 746.28
270.50 733.23
271.00 747.79
271.50 759.94
272.00 770.00
272.50 748.27
273.00 746.87
273.50 703.34
274.00 761.57
274.50 732.12
275.00 784.85
275.50 755.87
276.00 779.70
276.50 696.91
277.00 673.46
277.50 727.04
278.00 731.72
278.50 865.04
279.00 802.37
279.50 807.04
280.00 699.26
280.50 475.67
281.00 622.88
281.50 718.19
282.00 717.49
282.50 714.11
283.00 701.89
283.50 807.06
284.00 786.45
284.50 733.60
285.00 702.08
285.50 714.64
286.00 716.51
286.50 725.77
287.00 706.23
287.50 700.63
288.00 733.44
288.50 731.24
289.00 589.18
289.50 232.26
290.00 231.09
290.50 10.83
291.00 537.07
291.50 752.89
292.00 662.69
292.50 756.72
293.00 837.57
293.50 875.06
294.00 883.20
294.50 450.80
295.00 269.30
295.50 733.75
296.00 675.74
296.50 747.32
297.00 284.18
297.50 739.32
298.00 784.36
298.50 796.46
299.00 837.81
299.50 838.26
