0.00 731.27
0.50 715.20
1.00 767.28
1.50 744.10
2.00 773.69
2.50 737.23
3.00 779.19
3.50 804.93
4.00 707.37
4.50 781.63
5.00 758.86
5.50 727.75
6.00 761.09
6.50 792.34
7.00 745.70
7.50 777.12
8.00 737.89
8.50 758.87
9.00 749.71
9.50 718.44
10.00 723.75
10.50 773.22
11.00 722.98
11.50 745.18
12.00 845.61
12.50 838.52
13.00 806.22
13.50 876.49
14.00 793.62
14.50 736.23
15.00 683.82
15.50 811.40
16.00 879.34
16.50 751.44
17.00 706.55
17.50 700.89
18.00 853.09
18.50 824.69
19.00 854.02
19.50 700.72
20.00 710.86
20.50 693.05
21.00 331.72
21.50 439.17
22.00 0.00
22.50 2.66
23.00 393.10
23.50 735.80
24.00 733.38
24.50 412.10
25.00 105.65
25.50 686.14
26.00 827.00
26.50 718.11
27.00 735.70
27.50 736.68
28.00 772.51
28.50 687.69
29.00 782.72
29.50 735.71
30.00 782.71
30.50 759.17
31.00 724.85
31.50 768.64
32.00 732.37
32.50 770.33
33.00 695.62
33.50 737.09
34.00 743.81
34.50 759.18
35.00 746.18
35.50 833.46
36.00 786.05
36.50 808.93
37.00 851.35
37.50 804.01
38.00 846.92
38.50 860.90
39.00 849.80
39.50 841.19
40.00 868.35
40.50 856.35
41.00 830.68
41.50 798.81
42.00 507.92
42.50 619.34
43.00 283.98
43.50 826.15
44.00 855.44
44.50 689.59
45.00 597.25
45.50 18.28
46.00 0.00
46.50 700.16
47.00 809.80
47.50 479.47
48.00 694.24
48.50 679.72
49.00 704.00
49.50 706.83
50.00 847.47
50.50 813.92
51.00 826.84
51.50 776.61
52.00 739.67
52.50 796.22
53.00 862.57
53.50 715.14
54.00 752.64
54.50 721.59
55.00 808.82
55.50 702.70
56.00 900.00
56.50 731.45
57.00 713.20
57.50 504.82
58.00 522.48
58.50 430.32
59.00 686.30
59.50 181.39
60.00 714.44
60.50 880.49
61.00 813.32
61.50 841.19
62.00 816.61
62.50 754.94
63.00 744.99
63.50 719.64
64.00 704.31
64.50 551.35
65.00 6.43
65.50 154.73
66.00 735.67
66.50 689.81
67.00 734.84
67.50 581.10
68.00 651.27
68.50 770.31
69.00 764.09
69.50 300.16
70.00 168.84
70.50 773.42
71.00 350.64
71.50 689.37
72.00 398.31
72.50 264.82
73.00 257.49
73.50 718.90
74.00 845.99
74.50 753.48
75.00 702.30
75.50 711.38
76.00 709.51
76.50 863.19
77.00 235.45
77.50 749.60
78.00 775.73
78.50 738.18
79.00 727.17
79.50 749.31
80.00 742.79
80.50 732.64
81.00 754.66
81.50 773.83
82.00 795.61
82.50 787.95
83.00 509.30
83.50 155.35
84.00 0.00
84.50 0.00
85.00 4.87
85.50 5.98
86.00 0.71
86.50 725.33
87.00 843.73
87.50 707.04
88.00 853.10
88.50 758.79
89.00 710.06
89.50 317.08
90.00 434.32
90.50 28.27
91.00 478.15
91.50 120.20
92.00 133.90
92.50 320.91
93.00 464.88
93.50 116.00
94.00 722.97
94.50 841.13
95.00 841.44
95.50 699.33
96.00 403.06
96.50 18.52
97.00 493.07
97.50 746.74
98.00 722.00
98.50 696.34
99.00 704.44
99.50 164.84
100.00 305.65
100.50 373.84
101.00 813.37
101.50 812.07
102.00 688.24
102.50 118.04
103.00 0.00
103.50 360.77
104.00 695.17
104.50 715.57
105.00 727.66
105.50 721.76
106.00 820.76
106.50 817.10
107.00 870.31
107.50 674.81
108.00 723.34
108.50 689.97
109.00 731.60
109.50 711.17
110.00 771.04
110.50 671.12
111.00 900.00
111.50 715.88
112.00 699.62
112.50 16.12
113.00 18.81
113.50 0.00
114.00 270.59
114.50 499.35
115.00 755.71
115.50 256.76
116.00 650.25
116.50 656.42
117.00 0.00
117.50 0.00
118.00 19.72
118.50 31.63
119.00 8.66
119.50 20.78
120.00 746.63
120.50 30.09
121.00 314.01
121.50 808.92
122.00 742.25
122.50 800.86
123.00 517.09
123.50 708.66
124.00 771.26
124.50 729.61
125.00 712.54
125.50 703.52
126.00 763.94
126.50 734.92
127.00 697.46
127.50 752.90
128.00 709.60
128.50 740.90
129.00 793.86
129.50 674.12
130.00 736.07
130.50 725.71
131.00 787.21
131.50 803.99
132.00 772.53
132.50 714.40
133.00 713.48
133.50 719.25
134.00 741.48
134.50 741.77
135.00 751.42
135.50 676.78
136.00 739.32
136.50 732.09
137.00 729.60
137.50 741.88
138.00 767.32
138.50 738.37
139.00 755.54
139.50 723.52
140.00 706.91
140.50 722.08
141.00 731.85
141.50 729.39
142.00 732.67
142.50 720.11
143.00 706.96
143.50 756.40
144.00 764.33
144.50 753.88
145.00 702.98
145.50 728.49
146.00 738.49
146.50 770.81
147.00 785.72
147.50 775.44
148.00 651.70
148.50 722.68
149.00 398.04
149.50 371.50
150.00 0.00
150.50 233.47
151.00 772.62
151.50 317.38
152.00 865.62
152.50 847.76
153.00 858.11
153.50 741.34
154.00 688.95
154.50 849.58
155.00 411.57
155.50 889.13
156.00 722.15
156.50 688.80
157.00 696.44
157.50 0.00
158.00 24.70
158.50 14.50
159.00 1.51
159.50 4.31
160.00 22.96
160.50 127.15
161.00 887.55
161.50 886.62
162.00 844.76
162.50 237.85
163.00 724.57
163.50 740.68
164.00 826.48
164.50 846.70
165.00 833.96
165.50 688.48
166.00 729.50
166.50 765.99
167.00 761.49
167.50 802.25
168.00 735.25
168.50 771.98
169.00 691.84
169.50 744.05
170.00 762.63
170.50 791.84
171.00 670.85
171.50 737.58
172.00 720.60
172.50 739.23
173.00 708.94
173.50 711.69
174.00 783.46
174.50 741.23
175.00 746.85
175.50 711.73
176.00 728.27
176.50 746.26
177.00 723.58
177.50 718.72
178.00 699.53
178.50 769.26
179.00 750.19
179.50 718.30
180.00 711.05
180.50 777.24
181.00 730.72
181.50 692.35
182.00 742.08
182.50 734.97
183.00 759.60
183.50 702.47
184.00 674.44
184.50 756.28
185.00 722.60
185.50 709.70
186.00 750.20
186.50 743.73
187.00 725.85
187.50 739.01
188.00 742.58
188.50 717.24
189.00 714.31
189.50 716.07
190.00 732.78
190.50 721.56
191.00 664.55
191.50 877.13
192.00 697.84
192.50 759.69
193.00 703.73
193.50 671.82
194.00 729.58
194.50 692.06
195.00 697.58
195.50 710.10
196.00 700.34
196.50 665.65
197.00 701.32
197.50 739.03
198.00 769.46
198.50 807.06
199.00 726.66
199.50 690.16
200.00 726.83
200.50 715.68
201.00 725.38
201.50 679.98
202.00 894.42
202.50 772.67
203.00 773.60
203.50 730.63
204.00 723.32
204.50 691.56
205.00 760.98
205.50 695.62
206.00 859.04
206.50 849.83
207.00 836.89
207.50 864.69
208.00 873.03
208.50 835.23
209.00 834.57
209.50 701.56
210.00 788.37
210.50 636.48
211.00 789.46
211.50 768.25
212.00 880.22
212.50 834.78
213.00 700.22
213.50 669.76
214.00 720.22
214.50 693.94
215.00 803.20
215.50 689.68
216.00 760.01
216.50 734.80
217.00 724.48
217.50 781.03
218.00 787.73
218.50 709.03
219.00 675.23
219.50 774.31
220.00 714.15
220.50 736.45
221.00 705.34
221.50 706.54
222.00 764.87
222.50 724.49
223.00 835.35
223.50 835.57
224.00 819.49
224.50 804.61
225.00 319.05
225.50 19.47
226.00 40.55
226.50 0.00
227.00 16.55
227.50 15.30
228.00 0.00
228.50 4.06
229.00 7.87
229.50 520.64
230.00 138.16
230.50 336.30
231.00 443.24
231.50 10.34
232.00 731.38
232.50 768.02
233.00 758.74
233.50 743.16
234.00 768.40
234.50 762.52
235.00 705.74
235.50 718.76
236.00 762.95
236.50 764.06
237.00 726.12
237.50 6.61
238.00 623.58
238.50 0.00
239.00 4.90
239.50 8.94
240.00 0.00
240.50 414.19
241.00 298.75
241.50 1.23
242.00 231.92
242.50 216.19
243.00 589.28
243.50 5.92
244.00 2.96
244.50 3.04
245.00 0.00
245.50 0.00
246.00 713.93
246.50 824.33
247.00 803.82
247.50 390.93
248.00 106.38
248.50 320.25
249.00 11.36
249.50 0.69
250.00 467.99
250.50 33.26
251.00 712.74
251.50 724.37
252.00 788.76
252.50 816.32
253.00 812.26
253.50 703.12
254.00 713.41
254.50 759.65
255.00 720.15
255.50 843.62
256.00 795.21
256.50 737.87
257.00 696.79
257.50 441.93
258.00 732.22
258.50 766.37
259.00 776.07
259.50 833.69
260.00 857.15
260.50 743.60
261.00 736.54
261.50 732.84
262.00 729.97
262.50 852.16
263.00 793.12
263.50 790.71
264.00 690.20
264.50 799.06
265.00 766.61
265.50 768.51
266.00 731.32
266.50 603.65
267.00 786.85
267.50 700.09
268.00 655.53
268.50 802.87
269.00 436.94
269.50 742.86
270.00 686.33
270.50 719.98
271.00 729.36
271.50 742.68
272.00 800.95
272.50 762.02
273.00 713.19
273.50 749.55
274.00 793.20
274.50 694.26
275.00 732.98
275.50 895.84
276.00 729.58
276.50 705.83
277.00 809.72
277.50 878.16
278.00 708.55
278.50 686.77
279.00 751.19
279.50 809.95
280.00 822.53
280.50 689.71
281.00 667.60
281.50 879.74
282.00 748.60
282.50 726.69
283.00 688.29
283.50 807.17
284.00 720.28
284.50 756.23
285.00 740.70
285.50 787.94
286.00 730.11
286.50 712.11
287.00 716.81
287.50 734.20
288.00 785.59
288.50 777.02
289.00 812.51
289.50 712.32
290.00 762.58
290.50 819.63
291.00 727.72
291.50 708.33
292.00 677.72
292.50 801.29
293.00 783.60
293.50 698.52
294.00 714.34
294.50 744.63
295.00 638.03
295.50 695.76
296.00 742.84
296.50 737.82
297.00 771.90
297.50 736.37
298.00 814.45
298.50 724.75
299.00 713.77
299.50 794.64
