0.00 750.33
0.50 727.22
1.00 722.57
1.50 713.25
2.00 700.90
2.50 716.41
3.00 759.56
3.50 745.37
4.00 453.03
4.50 563.15
5.00 16.09
5.50 8.29
6.00 683.52
6.50 743.88
7.00 681.84
7.50 208.22
8.00 306.07
8.50 6.01
9.00 6.77
9.50 11.28
10.00 647.13
10.50 767.24
11.00 766.20
11.50 734.11
12.00 751.80
12.50 702.19
13.00 804.53
13.50 302.82
14.00 426.71
14.50 441.35
15.00 312.13
15.50 0.00
16.00 746.13
16.50 777.58
17.00 766.89
17.50 687.38
18.00 712.03
18.50 734.35
19.00 751.73
19.50 750.75
20.00 713.23
20.50 746.45
21.00 740.26
21.50 662.38
22.00 752.39
22.50 778.75
23.00 746.92
23.50 659.51
24.00 755.00
24.50 692.74
25.00 769.47
25.50 719.64
26.00 711.03
26.50 688.39
27.00 765.71
27.50 712.83
28.00 702.13
28.50 725.93
29.00 732.79
29.50 700.31
30.00 737.48
30.50 708.28
31.00 623.32
31.50 801.72
32.00 702.97
32.50 731.99
33.00 569.02
33.50 192.13
34.00 274.56
34.50 693.98
35.00 674.60
35.50 860.92
36.00 867.59
36.50 776.26
37.00 697.80
37.50 609.27
38.00 747.94
38.50 220.55
39.00 841.51
39.50 0.00
40.00 856.32
40.50 750.43
41.00 637.75
41.50 772.79
42.00 677.66
42.50 713.08
43.00 718.61
43.50 775.13
44.00 732.44
44.50 729.45
45.00 731.74
45.50 772.22
46.00 726.17
46.50 727.91
47.00 762.59
47.50 784.89
48.00 730.32
48.50 804.52
49.00 825.30
49.50 700.04
50.00 697.87
50.50 784.34
51.00 797.87
51.50 723.15
52.00 684.46
52.50 705.19
53.00 427.31
53.50 734.57
54.00 675.82
54.50 681.31
55.00 752.75
55.50 782.94
56.00 692.47
56.50 811.38
57.00 856.06
57.50 702.50
58.00 900.00
58.50 799.37
59.00 724.69
59.50 315.76
60.00 652.81
60.50 710.54
61.00 829.06
61.50 298.26
62.00 762.68
62.50 674.68
63.00 736.56
63.50 730.96
64.00 679.22
64.50 647.10
65.00 745.16
65.50 709.53
66.00 744.09
66.50 734.22
67.00 684.90
67.50 900.00
68.00 761.64
68.50 557.40
69.00 712.35
69.50 700.14
70.00 715.31
70.50 621.04
71.00 682.76
71.50 764.01
72.00 730.49
72.50 684.41
73.00 724.88
73.50 762.05
74.00 741.31
74.50 733.68
75.00 687.92
75.50 683.54
76.00 692.55
76.50 683.05
77.00 636.20
77.50 710.21
78.00 739.62
78.50 727.03
79.00 709.20
79.50 717.71
80.00 719.32
80.50 726.21
81.00 705.59
81.50 705.37
82.00 764.43
82.50 801.72
83.00 862.62
83.50 375.65
84.00 69.61
84.50 773.42
85.00 861.82
85.50 693.15
86.00 838.94
86.50 825.90
87.00 366.92
87.50 5.83
88.00 13.64
88.50 699.42
89.00 709.43
89.50 731.62
90.00 746.87
90.50 727.31
91.00 805.90
91.50 808.75
92.00 752.23
92.50 743.77
93.00 758.57
93.50 425.45
94.00 412.58
94.50 762.92
95.00 722.01
95.50 729.65
96.00 700.47
96.50 775.23
97.00 699.05
97.50 761.60
98.00 724.50
98.50 737.42
99.00 691.60
99.50 767.73
100.00 764.91
100.50 690.95
101.00 750.11
101.50 751.31
102.00 743.22
102.50 231.55
103.00 611.03
103.50 0.00
104.00 583.16
104.50 0.00
105.00 7.30
105.50 9.71
106.00 281.91
106.50 11.48
107.00 0.00
107.50 18.26
108.00 292.22
108.50 616.84
109.00 737.86
109.50 721.27
110.00 726.03
110.50 827.25
111.00 808.63
111.50 728.91
112.00 765.30
112.50 796.19
113.00 714.52
113.50 759.78
114.00 865.48
114.50 858.80
115.00 838.68
115.50 734.24
116.00 785.88
116.50 717.59
117.00 737.40
117.50 757.80
118.00 0.00
118.50 15.21
119.00 900.00
119.50 390.39
120.00 776.54
120.50 0.00
121.00 710.33
121.50 727.54
122.00 731.74
122.50 714.82
123.00 722.50
123.50 754.54
124.00 816.08
124.50 887.39
125.00 732.59
125.50 694.62
126.00 744.68
126.50 0.00
127.00 2.84
127.50 7.97
128.00 7.35
128.50 251.76
129.00 458.08
129.50 6.64
130.00 285.11
130.50 711.15
131.00 748.87
131.50 712.24
132.00 723.93
132.50 714.39
133.00 728.57
133.50 715.01
134.00 706.65
134.50 726.15
135.00 678.20
135.50 722.71
136.00 716.30
136.50 753.34
137.00 740.23
137.50 750.91
138.00 726.01
138.50 686.73
139.00 676.56
139.50 787.59
140.00 674.65
140.50 728.93
141.00 749.58
141.50 719.21
142.00 723.33
142.50 694.85
143.00 381.96
143.50 690.80
144.00 834.57
144.50 687.42
145.00 724.86
145.50 0.00
146.00 6.41
146.50 544.36
147.00 513.10
147.50 771.58
148.00 825.56
148.50 730.03
149.00 729.48
149.50 459.28
150.00 816.32
150.50 822.65
151.00 818.13
151.50 753.89
152.00 669.66
152.50 690.92
153.00 670.88
153.50 680.69
154.00 732.32
154.50 794.67
155.00 693.94
155.50 845.47
156.00 880.86
156.50 752.90
157.00 747.64
157.50 733.78
158.00 765.66
158.50 661.73
159.00 700.81
159.50 717.62
160.00 688.55
160.50 722.23
161.00 724.34
161.50 749.38
162.00 774.91
162.50 697.38
163.00 700.90
163.50 692.25
164.00 716.00
164.50 783.57
165.00 793.89
165.50 742.76
166.00 712.35
166.50 751.15
167.00 732.95
167.50 709.52
168.00 721.49
168.50 743.14
169.00 705.23
169.50 760.29
170.00 859.28
170.50 758.91
171.00 745.01
171.50 669.11
172.00 826.45
172.50 829.74
173.00 877.19
173.50 836.06
174.00 858.93
174.50 798.45
175.00 822.38
175.50 837.07
176.00 822.93
176.50 744.10
177.00 900.00
177.50 852.95
178.00 701.30
178.50 776.33
179.00 768.45
179.50 700.10
180.00 723.36
180.50 795.78
181.00 740.34
181.50 774.95
182.00 716.62
182.50 754.94
183.00 620.31
183.50 833.42
184.00 842.94
184.50 851.78
185.00 838.15
185.50 823.86
186.00 796.16
186.50 752.15
187.00 712.32
187.50 801.26
188.00 715.83
188.50 775.06
189.00 48.63
189.50 313.51
190.00 797.58
190.50 772.86
191.00 725.14
191.50 732.79
192.00 727.06
192.50 869.30
193.00 871.25
193.50 842.97
194.00 881.93
194.50 796.62
195.00 371.08
195.50 0.00
196.00 467.57
196.50 697.00
197.00 673.79
197.50 787.70
198.00 825.08
198.50 693.00
199.00 881.35
199.50 706.22
200.00 747.87
200.50 708.18
201.00 693.78
201.50 721.07
202.00 697.30
202.50 743.09
203.00 680.70
203.50 724.51
204.00 726.86
204.50 707.83
205.00 792.06
205.50 729.73
206.00 733.33
206.50 734.73
207.00 759.63
207.50 747.16
208.00 745.47
208.50 696.73
209.00 741.89
209.50 749.05
210.00 745.86
210.50 748.36
211.00 682.42
211.50 716.05
212.00 732.33
212.50 707.11
213.00 839.09
213.50 857.44
214.00 776.31
214.50 842.81
215.00 745.99
215.50 779.94
216.00 694.00
216.50 752.53
217.00 648.70
217.50 704.37
218.00 721.42
218.50 699.94
219.00 707.49
219.50 702.33
220.00 847.19
220.50 728.33
221.00 381.20
221.50 353.57
222.00 702.55
222.50 828.24
223.00 855.17
223.50 881.83
224.00 867.37
224.50 830.14
225.00 431.01
225.50 376.79
226.00 725.73
226.50 713.90
227.00 679.69
227.50 770.52
228.00 857.34
228.50 861.14
229.00 708.82
229.50 848.43
230.00 754.91
230.50 728.39
231.00 686.19
231.50 730.87
232.00 673.57
232.50 649.68
233.00 713.89
233.50 686.10
234.00 713.11
234.50 709.18
235.00 730.08
235.50 750.55
236.00 731.25
236.50 726.28
237.00 754.45
237.50 772.34
238.00 708.57
238.50 667.00
239.00 710.12
239.50 751.02
240.00 721.96
240.50 727.67
241.00 869.61
241.50 294.44
242.00 446.85
242.50 485.80
243.00 835.80
243.50 773.34
244.00 732.49
244.50 874.16
245.00 818.99
245.50 844.87
246.00 838.11
246.50 847.55
247.00 831.90
247.50 860.51
248.00 848.70
248.50 851.33
249.00 499.26
249.50 760.61
250.00 663.07
250.50 771.47
251.00 254.29
251.50 731.60
252.00 733.35
252.50 703.51
253.00 711.60
253.50 734.94
254.00 742.01
254.50 717.40
255.00 730.37
255.50 716.79
256.00 747.62
256.50 678.79
257.00 769.64
257.50 777.53
258.00 699.13
258.50 713.38
259.00 681.83
259.50 33.79
260.00 93.46
260.50 313.80
261.00 846.29
261.50 776.65
262.00 687.36
262.50 214.93
263.00 689.31
263.50 702.45
264.00 736.23
264.50 724.09
265.00 744.95
265.50 724.78
266.00 717.41
266.50 694.41
267.00 671.08
267.50 696.39
268.00 783.13
268.50 728.69
269.00 717.87
269.50 711.99
270.00 715.83
270.50 706.80
271.00 795.67
271.50 665.86
272.00 714.06
272.50 865.59
273.00 716.67
273.50 724.79
274.00 688.45
274.50 686.31
275.00 715.57
275.50 731.23
276.00 676.02
276.50 252.62
277.00 7.81
277.50 2.90
278.00 619.13
278.50 736.09
279.00 861.75
279.50 851.88
280.00 724.82
280.50 452.07
281.00 743.33
281.50 853.29
282.00 717.40
282.50 818.15
283.00 855.64
283.50 840.73
284.00 826.48
284.50 715.06
285.00 765.87
285.50 773.11
286.00 790.29
286.50 732.02
287.00 712.53
287.50 746.83
288.00 778.85
288.50 765.71
289.00 755.10
289.50 738.17
290.00 811.10
290.50 735.35
291.00 771.94
291.50 858.83
292.00 836.34
292.50 716.89
293.00 781.23
293.50 677.21
294.00 740.44
294.50 667.18
295.00 772.46
295.50 697.44
296.00 744.65
296.50 677.93
297.00 631.16
297.50 718.63
298.00 677.88
298.50 681.92
299.00 721.98
299.50 706.58
