0.00 741.65
0.50 755.70
1.00 733.33
1.50 798.53
2.00 733.06
2.50 731.25
3.00 724.25
3.50 722.49
4.00 732.70
4.50 757.29
5.00 694.93
5.50 701.43
6.00 853.88
6.50 842.89
7.00 842.04
7.50 823.72
8.00 689.37
8.50 629.63
9.00 739.27
9.50 763.10
10.00 859.32
10.50 854.73
11.00 829.41
11.50 720.56
12.00 689.67
12.50 720.62
13.00 731.73
13.50 694.74
14.00 670.89
14.50 678.90
15.00 776.85
15.50 702.71
16.00 710.58
16.50 763.56
17.00 711.49
17.50 718.54
18.00 737.86
18.50 850.63
19.00 747.15
19.50 712.99
20.00 710.30
20.50 292.58
21.00 852.43
21.50 723.42
22.00 764.51
22.50 741.90
23.00 227.34
23.50 880.35
24.00 729.21
24.50 633.17
25.00 649.58
25.50 777.05
26.00 740.93
26.50 765.00
27.00 714.95
27.50 805.14
28.00 698.05
28.50 706.41
29.00 710.37
29.50 750.95
30.00 690.40
30.50 730.78
31.00 792.19
31.50 753.55
32.00 708.32
32.50 674.58
33.00 810.89
33.50 56.51
34.00 825.08
34.50 796.22
35.00 678.12
35.50 749.11
36.00 799.89
36.50 722.87
37.00 756.41
37.50 765.61
38.00 720.79
38.50 754.18
39.00 736.53
39.50 773.35
40.00 665.83
40.50 794.89
41.00 699.32
41.50 701.24
42.00 710.38
42.50 746.56
43.00 821.03
43.50 814.03
44.00 733.61
44.50 730.58
45.00 720.48
45.50 728.56
46.00 748.21
46.50 708.73
47.00 767.81
47.50 0.26
48.00 265.09
48.50 713.66
49.00 702.05
49.50 725.38
50.00 683.39
50.50 783.57
51.00 758.63
51.50 700.88
52.00 746.75
52.50 740.86
53.00 755.88
53.50 840.02
54.00 855.93
54.50 813.13
55.00 718.35
55.50 864.05
56.00 801.15
56.50 752.30
57.00 791.43
57.50 726.41
58.00 677.49
58.50 720.59
59.00 694.67
59.50 705.34
60.00 686.28
60.50 691.04
61.00 714.50
61.50 716.45
62.00 696.07
62.50 665.90
63.00 830.86
63.50 756.41
64.00 756.66
64.50 670.79
65.00 818.80
65.50 714.80
66.00 729.65
66.50 774.45
67.00 741.85
67.50 720.35
68.00 705.18
68.50 716.86
69.00 765.40
69.50 755.60
70.00 773.76
70.50 739.81
71.00 654.81
71.50 785.08
72.00 753.16
72.50 819.35
73.00 726.46
73.50 857.63
74.00 763.02
74.50 727.85
75.00 704.86
75.50 705.53
76.00 770.58
76.50 768.49
77.00 592.64
77.50 677.63
78.00 19.37
78.50 23.05
79.00 5.62
79.50 790.77
80.00 743.24
80.50 762.72
81.00 704.56
81.50 725.99
82.00 720.00
82.50 665.23
83.00 786.60
83.50 763.01
84.00 688.14
84.50 691.20
85.00 713.72
85.50 695.05
86.00 758.85
86.50 748.43
87.00 727.49
87.50 678.24
88.00 728.25
88.50 742.82
89.00 716.09
89.50 811.59
90.00 831.04
90.50 668.92
91.00 712.39
91.50 779.21
92.00 738.33
92.50 774.33
93.00 875.19
93.50 832.18
94.00 852.52
94.50 717.94
95.00 731.75
95.50 763.48
96.00 729.07
96.50 726.68
97.00 730.10
97.50 740.79
98.00 699.20
98.50 747.64
99.00 715.56
99.50 347.51
100.00 675.60
100.50 187.86
101.00 0.00
101.50 14.26
102.00 0.00
102.50 0.00
103.00 0.00
103.50 294.70
104.00 527.71
104.50 0.00
105.00 337.06
105.50 781.02
106.00 678.08
106.50 707.88
107.00 749.39
107.50 788.66
108.00 729.62
108.50 800.04
109.00 768.97
109.50 732.31
110.00 751.64
110.50 773.88
111.00 745.98
111.50 739.36
112.00 705.18
112.50 737.78
113.00 718.99
113.50 672.78
114.00 599.30
114.50 401.17
115.00 690.70
115.50 698.93
116.00 712.35
116.50 731.67
117.00 717.26
117.50 736.44
118.00 732.30
118.50 711.56
119.00 770.79
119.50 660.92
120.00 848.84
120.50 855.75
121.00 854.83
121.50 751.37
122.00 836.75
122.50 859.39
123.00 809.16
123.50 788.59
124.00 738.10
124.50 679.18
125.00 730.37
125.50 734.89
126.00 834.80
126.50 776.00
127.00 730.19
127.50 740.32
128.00 888.62
128.50 819.63
129.00 713.71
129.50 684.37
130.00 694.71
130.50 703.13
131.00 822.79
131.50 731.54
132.00 811.60
132.50 838.49
133.00 715.35
133.50 692.36
134.00 714.97
134.50 687.46
135.00 522.08
135.50 739.39
136.00 662.39
136.50 808.25
137.00 840.10
137.50 694.83
138.00 783.57
138.50 716.08
139.00 863.36
139.50 857.07
140.00 885.36
140.50 889.50
141.00 685.64
141.50 716.89
142.00 741.49
142.50 696.39
143.00 702.14
143.50 700.07
144.00 0.00
144.50 5.00
145.00 420.55
145.50 855.70
146.00 811.95
146.50 675.33
147.00 900.00
147.50 900.00
148.00 735.77
148.50 696.01
149.00 698.24
149.50 721.00
150.00 705.59
150.50 672.34
151.00 821.69
151.50 656.74
152.00 764.85
152.50 816.79
153.00 856.34
153.50 855.77
154.00 852.96
154.50 801.99
155.00 787.04
155.50 607.89
156.00 736.98
156.50 673.69
157.00 420.10
157.50 714.33
158.00 315.53
158.50 718.42
159.00 697.08
159.50 740.08
160.00 713.83
160.50 685.02
161.00 709.96
161.50 708.24
162.00 740.15
162.50 774.46
163.00 708.53
163.50 680.19
164.00 714.37
164.50 873.94
165.00 799.69
165.50 833.34
166.00 827.99
166.50 813.40
167.00 234.99
167.50 726.93
168.00 704.46
168.50 695.41
169.00 671.78
169.50 813.67
170.00 751.52
170.50 842.04
171.00 698.00
171.50 755.67
172.00 789.46
172.50 861.48
173.00 868.11
173.50 832.84
174.00 835.51
174.50 623.74
175.00 768.27
175.50 842.71
176.00 802.48
176.50 763.80
177.00 787.36
177.50 720.25
178.00 794.25
178.50 568.21
179.00 444.07
179.50 731.01
180.00 835.79
180.50 843.11
181.00 852.90
181.50 734.18
182.00 756.38
182.50 753.12
183.00 720.97
183.50 691.77
184.00 675.79
184.50 782.07
185.00 779.77
185.50 789.77
186.00 845.66
186.50 682.94
187.00 752.34
187.50 762.89
188.00 520.42
188.50 703.97
189.00 817.43
189.50 808.71
190.00 743.36
190.50 779.45
191.00 714.19
191.50 811.72
192.00 710.86
192.50 719.22
193.00 675.21
193.50 808.36
194.00 9.85
194.50 7.11
195.00 469.16
195.50 769.19
196.00 693.13
196.50 757.44
197.00 758.46
197.50 772.44
198.00 727.20
198.50 699.26
199.00 714.08
199.50 780.38
200.00 853.40
200.50 723.48
201.00 707.22
201.50 691.43
202.00 219.27
202.50 289.28
203.00 762.21
203.50 763.18
204.00 789.82
204.50 772.28
205.00 775.33
205.50 660.70
206.00 899.22
206.50 736.29
207.00 760.66
207.50 686.50
208.00 679.12
208.50 797.02
209.00 832.80
209.50 783.59
210.00 734.90
210.50 812.04
211.00 803.57
211.50 730.42
212.00 840.63
212.50 524.94
213.00 745.19
213.50 660.31
214.00 673.81
214.50 734.47
215.00 599.15
215.50 146.94
216.00 18.69
216.50 6.76
217.00 14.35
217.50 406.77
218.00 294.47
218.50 737.11
219.00 698.69
219.50 777.93
220.00 665.64
220.50 811.99
221.00 716.12
221.50 672.62
222.00 805.50
222.50 722.88
223.00 845.79
223.50 741.99
224.00 693.16
224.50 773.52
225.00 168.81
225.50 234.81
226.00 900.00
226.50 371.00
227.00 0.00
227.50 712.77
228.00 718.73
228.50 747.32
229.00 714.09
229.50 738.09
230.00 716.46
230.50 411.55
231.00 434.24
231.50 499.67
232.00 833.56
232.50 747.73
233.00 265.26
233.50 774.97
234.00 764.56
234.50 425.90
235.00 748.82
235.50 730.92
236.00 844.03
236.50 806.83
237.00 886.33
237.50 736.91
238.00 771.97
238.50 730.60
239.00 844.40
239.50 836.39
240.00 817.80
240.50 857.75
241.00 803.93
241.50 828.75
242.00 833.48
242.50 191.53
243.00 0.00
243.50 1.78
244.00 14.40
244.50 156.77
245.00 22.15
245.50 726.32
246.00 666.19
246.50 744.17
247.00 678.64
247.50 798.78
248.00 31.85
248.50 16.95
249.00 23.96
249.50 667.86
250.00 316.21
250.50 574.68
251.00 18.55
251.50 63.81
252.00 724.45
252.50 650.70
253.00 689.88
253.50 730.40
254.00 732.02
254.50 757.41
255.00 778.62
255.50 290.13
256.00 95.08
256.50 250.14
257.00 732.20
257.50 730.83
258.00 717.22
258.50 817.56
259.00 754.85
259.50 751.74
260.00 744.99
260.50 730.81
261.00 875.42
261.50 336.02
262.00 744.93
262.50 741.70
263.00 783.93
263.50 784.09
264.00 854.18
264.50 840.44
265.00 900.00
265.50 872.37
266.00 420.89
266.50 775.62
267.00 759.85
267.50 744.91
268.00 794.26
268.50 704.42
269.00 616.60
269.50 683.84
270.00 755.36
270.50 784.47
271.00 742.37
271.50 704.33
272.00 422.53
272.50 742.09
273.00 704.45
273.50 768.58
274.00 742.01
274.50 718.79
275.00 750.99
275.50 733.41
276.00 730.06
276.50 714.96
277.00 727.34
277.50 743.84
278.00 699.21
278.50 672.28
279.00 750.84
279.50 745.00
280.00 687.34
280.50 731.46
281.00 815.53
281.50 714.10
282.00 756.33
282.50 889.11
283.00 723.38
283.50 721.04
284.00 694.42
284.50 819.59
285.00 691.12
285.50 802.20
286.00 825.92
286.50 795.34
287.00 760.84
287.50 745.49
288.00 750.63
288.50 855.13
289.00 740.77
289.50 740.84
290.00 730.61
290.50 850.21
291.00 843.75
291.50 829.15
292.00 822.67
292.50 867.41
293.00 845.22
293.50 834.13
294.00 858.50
294.50 835.57
295.00 716.21
295.50 710.44
296.00 374.37
296.50 737.58
297.00 764.13
297.50 708.26
298.00 673.74
298.50 480.01
299.00 758.56
299.50 270.27
