0.00 719.11
0.50 726.68
1.00 735.10
1.50 744.23
2.00 716.27
2.50 760.56
3.00 671.91
3.50 729.57
4.00 751.92
4.50 752.16
5.00 706.30
5.50 706.42
6.00 723.09
6.50 774.11
7.00 684.13
7.50 804.48
8.00 658.20
8.50 729.04
9.00 741.23
9.50 749.94
10.00 771.45
10.50 769.28
11.00 708.08
11.50 792.35
12.00 717.59
12.50 709.94
13.00 718.61
13.50 740.16
14.00 752.09
14.50 784.07
15.00 802.02
15.50 689.34
16.00 831.97
16.50 767.81
17.00 730.39
17.50 732.01
18.00 720.69
18.50 765.07
19.00 688.82
19.50 702.07
20.00 748.84
20.50 712.39
21.00 696.56
21.50 844.75
22.00 853.57
22.50 871.04
23.00 857.82
23.50 848.14
24.00 880.40
24.50 819.32
25.00 823.91
25.50 863.37
26.00 837.81
26.50 730.55
27.00 694.96
27.50 679.33
28.00 753.99
28.50 723.37
29.00 757.32
29.50 766.04
30.00 721.82
30.50 669.42
31.00 731.87
31.50 721.13
32.00 765.90
32.50 477.26
33.00 400.22
33.50 699.39
34.00 705.13
34.50 685.76
35.00 678.00
35.50 866.97
36.00 823.81
36.50 870.58
37.00 844.25
37.50 816.19
38.00 801.18
38.50 712.17
39.00 723.44
39.50 737.64
40.00 686.25
40.50 676.49
41.00 16.17
41.50 0.00
42.00 0.00
42.50 1.41
43.00 379.17
43.50 292.15
44.00 527.14
44.50 746.65
45.00 670.14
45.50 773.94
46.00 697.04
46.50 744.07
47.00 749.15
47.50 677.41
48.00 737.18
48.50 818.01
49.00 834.88
49.50 669.18
50.00 696.87
50.50 682.66
51.00 701.84
51.50 723.16
52.00 762.23
52.50 698.20
53.00 744.76
53.50 771.83
54.00 745.55
54.50 713.60
55.00 734.73
55.50 736.85
56.00 747.45
56.50 754.15
57.00 777.78
57.50 709.86
58.00 797.86
58.50 678.40
59.00 738.67
59.50 785.52
60.00 898.39
60.50 677.05
61.00 831.87
61.50 709.84
62.00 754.07
62.50 775.61
63.00 491.19
63.50 679.25
64.00 195.02
64.50 705.11
65.00 783.38
65.50 706.27
66.00 679.18
66.50 761.49
67.00 731.24
67.50 809.56
68.00 865.72
68.50 698.21
69.00 703.10
69.50 693.98
70.00 709.69
70.50 673.43
71.00 788.45
71.50 622.92
72.00 811.54
72.50 851.15
73.00 844.23
73.50 858.85
74.00 829.01
74.50 850.94
75.00 830.64
75.50 825.51
76.00 728.17
76.50 727.88
77.00 815.66
77.50 338.86
78.00 0.00
78.50 670.26
79.00 827.97
79.50 777.02
80.00 694.59
80.50 752.41
81.00 757.37
81.50 793.52
82.00 732.49
82.50 767.29
83.00 723.73
83.50 724.66
84.00 751.25
84.50 718.36
85.00 848.35
85.50 843.09
86.00 859.16
86.50 821.26
87.00 817.41
87.50 722.96
88.00 799.74
88.50 698.97
89.00 776.00
89.50 720.21
90.00 511.50
90.50 735.25
91.00 691.18
91.50 691.91
92.00 769.94
92.50 679.25
93.00 715.05
93.50 687.85
94.00 836.01
94.50 880.89
95.00 0.00
95.50 726.55
96.00 718.79
96.50 254.08
97.00 641.41
97.50 666.07
98.00 769.27
98.50 685.93
99.00 789.62
99.50 817.47
100.00 686.01
100.50 841.77
101.00 724.74
101.50 753.95
102.00 735.95
102.50 681.22
103.00 717.37
103.50 722.05
104.00 716.27
104.50 741.83
105.00 682.51
105.50 734.85
106.00 738.37
106.50 722.90
107.00 718.96
107.50 793.92
108.00 709.01
108.50 695.71
109.00 696.04
109.50 716.53
110.00 764.63
110.50 781.42
111.00 699.21
111.50 773.81
112.00 745.38
112.50 803.61
113.00 865.54
113.50 826.55
114.00 710.24
114.50 681.99
115.00 787.73
115.50 825.20
116.00 900.00
116.50 677.64
117.00 700.42
117.50 853.82
118.00 819.97
118.50 780.37
119.00 900.00
119.50 682.92
120.00 684.95
120.50 749.28
121.00 687.02
121.50 690.42
122.00 723.37
122.50 682.99
123.00 674.01
123.50 720.76
124.00 676.78
124.50 850.76
125.00 868.33
125.50 845.16
126.00 812.78
126.50 846.60
127.00 515.93
127.50 322.41
128.00 5.79
128.50 1.86
129.00 0.00
129.50 146.94
130.00 695.01
130.50 887.05
131.00 745.51
131.50 728.70
132.00 660.73
132.50 694.20
133.00 720.72
133.50 803.89
134.00 889.02
134.50 838.53
135.00 868.59
135.50 828.53
136.00 818.14
136.50 858.84
137.00 823.45
137.50 840.09
138.00 842.21
138.50 249.47
139.00 419.48
139.50 723.47
140.00 764.64
140.50 852.73
141.00 708.74
141.50 689.67
142.00 687.10
142.50 690.22
143.00 726.55
143.50 345.48
144.00 472.30
144.50 731.28
145.00 676.31
145.50 740.13
146.00 760.54
146.50 784.90
147.00 715.58
147.50 727.26
148.00 668.59
148.50 782.79
149.00 774.51
149.50 736.11
150.00 791.85
150.50 718.35
151.00 713.73
151.50 730.17
152.00 765.52
152.50 700.42
153.00 739.41
153.50 677.44
154.00 789.16
154.50 787.36
155.00 838.28
155.50 848.48
156.00 843.62
156.50 758.80
157.00 809.89
157.50 744.95
158.00 852.45
158.50 763.27
159.00 219.07
159.50 657.15
160.00 776.04
160.50 719.56
161.00 747.76
161.50 722.86
162.00 720.78
162.50 754.38
163.00 185.93
163.50 133.25
164.00 0.00
164.50 723.41
165.00 488.57
165.50 17.86
166.00 755.56
166.50 753.75
167.00 782.40
167.50 741.83
168.00 688.76
168.50 689.50
169.00 726.05
169.50 725.65
170.00 721.63
170.50 670.77
171.00 868.16
171.50 695.96
172.00 720.50
172.50 708.72
173.00 733.12
173.50 724.58
174.00 739.99
174.50 862.49
175.00 862.14
175.50 848.78
176.00 826.90
176.50 844.17
177.00 857.70
177.50 716.09
178.00 729.68
178.50 770.06
179.00 803.59
179.50 655.31
180.00 15.35
180.50 0.00
181.00 0.00
181.50 216.31
182.00 16.15
182.50 395.28
183.00 308.26
183.50 861.75
184.00 848.13
184.50 769.07
185.00 738.23
185.50 713.68
186.00 684.79
186.50 717.23
187.00 717.92
187.50 504.20
188.00 346.19
188.50 3.23
189.00 4.19
189.50 14.97
190.00 0.00
190.50 722.83
191.00 799.47
191.50 788.49
192.00 706.74
192.50 814.35
193.00 717.65
193.50 715.79
194.00 739.63
194.50 390.32
195.00 270.27
195.50 602.62
196.00 722.56
196.50 719.61
197.00 727.68
197.50 808.67
198.00 667.33
198.50 689.47
199.00 735.88
199.50 814.81
200.00 674.11
200.50 701.53
201.00 820.54
201.50 728.81
202.00 567.45
202.50 631.32
203.00 703.93
203.50 687.79
204.00 697.69
204.50 707.17
205.00 849.35
205.50 868.64
206.00 817.00
206.50 719.73
207.00 840.66
207.50 739.14
208.00 663.56
208.50 202.16
209.00 755.98
209.50 835.16
210.00 853.88
210.50 824.91
211.00 792.72
211.50 689.17
212.00 715.68
212.50 791.22
213.00 739.36
213.50 706.73
214.00 724.75
214.50 777.86
215.00 697.80
215.50 688.38
216.00 688.33
216.50 720.08
217.00 710.89
217.50 898.14
218.00 714.94
218.50 710.31
219.00 745.03
219.50 853.66
220.00 840.58
220.50 870.04
221.00 859.72
221.50 869.44
222.00 831.66
222.50 882.49
223.00 729.03
223.50 721.61
224.00 783.54
224.50 726.06
225.00 761.04
225.50 737.34
226.00 834.71
226.50 725.34
227.00 50.37
227.50 0.00
228.00 7.95
228.50 573.89
229.00 151.97
229.50 900.00
230.00 6.37
230.50 10.35
231.00 869.01
231.50 770.55
232.00 737.99
232.50 795.70
233.00 770.96
233.50 751.13
234.00 811.15
234.50 716.81
235.00 722.22
235.50 713.46
236.00 693.56
236.50 746.91
237.00 778.12
237.50 728.35
238.00 701.95
238.50 758.01
239.00 826.06
239.50 849.20
240.00 815.11
240.50 858.25
241.00 815.58
241.50 848.45
242.00 826.28
242.50 862.40
243.00 832.95
243.50 815.02
244.00 848.02
244.50 843.04
245.00 702.36
245.50 734.16
246.00 724.15
246.50 667.80
247.00 787.70
247.50 750.05
248.00 689.07
248.50 730.35
249.00 761.36
249.50 711.13
250.00 768.92
250.50 736.88
251.00 724.66
251.50 751.61
252.00 696.94
252.50 738.59
253.00 684.46
253.50 693.27
254.00 694.91
254.50 781.54
255.00 740.89
255.50 551.65
256.00 770.55
256.50 848.59
257.00 704.45
257.50 732.83
258.00 683.27
258.50 731.70
259.00 796.38
259.50 718.28
260.00 743.93
260.50 679.59
261.00 705.61
261.50 704.04
262.00 756.67
262.50 751.36
263.00 732.82
263.50 752.33
264.00 742.43
264.50 0.00
265.00 17.10
265.50 442.63
266.00 776.55
266.50 735.86
267.00 701.49
267.50 709.20
268.00 769.89
268.50 767.77
269.00 696.48
269.50 746.55
270.00 740.86
270.50 752.59
271.00 724.96
271.50 730.60
272.00 752.48
272.50 678.45
273.00 795.21
273.50 701.80
274.00 798.01
274.50 561.93
275.00 688.54
275.50 812.61
276.00 794.90
276.50 708.09
277.00 653.96
277.50 713.65
278.00 717.62
278.50 705.08
279.00 737.69
279.50 779.45
280.00 796.35
280.50 723.10
281.00 60.71
281.50 713.14
282.00 559.71
282.50 816.08
283.00 498.14
283.50 489.36
284.00 693.14
284.50 682.09
285.00 846.41
285.50 734.17
286.00 709.75
286.50 751.75
287.00 806.91
287.50 697.08
288.00 703.65
288.50 869.26
289.00 688.97
289.50 720.73
290.00 760.27
290.50 792.74
291.00 743.12
291.50 375.28
292.00 776.30
292.50 725.53
293.00 813.78
293.50 714.85
294.00 738.37
294.50 701.63
295.00 692.22
295.50 677.76
296.00 770.14
296.50 679.99
297.00 695.42
297.50 708.03
298.00 735.85
298.50 677.63
299.00 831.73
299.50 733.94
