0.00 695.68
0.50 724.50
1.00 744.65
1.50 718.88
2.00 734.88
2.50 785.48
3.00 700.74
3.50 728.21
4.00 733.00
4.50 688.72
5.00 695.07
5.50 769.59
6.00 729.83
6.50 769.31
7.00 718.14
7.50 710.28
8.00 760.51
8.50 722.00
9.00 825.00
9.50 768.20
10.00 713.22
10.50 744.84
11.00 717.20
11.50 769.96
12.00 751.73
12.50 708.83
13.00 733.57
13.50 837.75
14.00 670.49
14.50 706.55
15.00 721.97
15.50 710.78
16.00 804.29
16.50 698.94
17.00 779.50
17.50 844.40
18.00 711.90
18.50 748.11
19.00 741.30
19.50 772.68
20.00 506.12
20.50 676.80
21.00 771.27
21.50 870.28
22.00 855.66
22.50 825.96
23.00 689.43
23.50 734.56
24.00 826.68
24.50 698.83
25.00 803.72
25.50 716.44
26.00 794.54
26.50 833.24
27.00 719.64
27.50 809.11
28.00 710.84
28.50 824.88
29.00 725.41
29.50 713.47
30.00 856.28
30.50 775.82
31.00 685.29
31.50 682.00
32.00 164.35
32.50 565.38
33.00 0.00
33.50 0.00
34.00 430.28
34.50 16.85
35.00 5.27
35.50 468.14
36.00 814.57
36.50 712.67
37.00 790.01
37.50 375.51
38.00 484.25
38.50 580.42
39.00 450.41
39.50 12.92
40.00 0.00
40.50 696.51
41.00 770.37
41.50 122.79
42.00 797.10
42.50 682.00
43.00 838.48
43.50 711.21
44.00 706.49
44.50 811.32
45.00 688.24
45.50 823.29
46.00 710.22
46.50 795.88
47.00 731.95
47.50 698.08
48.00 680.16
48.50 708.66
49.00 701.50
49.50 723.56
50.00 768.34
50.50 699.47
51.00 781.23
51.50 730.60
52.00 709.55
52.50 743.59
53.00 555.73
53.50 707.31
54.00 713.48
54.50 500.14
55.00 714.27
55.50 843.83
56.00 763.84
56.50 721.35
57.00 679.27
57.50 727.43
58.00 802.57
58.50 732.90
59.00 840.89
59.50 769.91
60.00 727.52
60.50 727.61
61.00 712.06
61.50 675.65
62.00 803.05
62.50 850.95
63.00 866.05
63.50 800.02
64.00 764.76
64.50 735.07
65.00 751.34
65.50 783.33
66.00 736.45
66.50 701.23
67.00 735.22
67.50 757.09
68.00 697.20
68.50 748.14
69.00 700.34
69.50 763.13
70.00 726.11
70.50 768.46
71.00 770.03
71.50 738.79
72.00 717.23
72.50 729.50
73.00 697.55
73.50 767.24
74.00 745.88
74.50 720.03
75.00 678.27
75.50 794.04
76.00 22.47
76.50 761.71
77.00 767.00
77.50 851.58
78.00 768.51
78.50 721.56
79.00 402.81
79.50 1.67
80.00 0.00
80.50 0.00
81.00 0.00
81.50 655.46
82.00 177.22
82.50 13.28
83.00 0.00
83.50 226.05
84.00 391.45
84.50 454.02
85.00 711.34
85.50 775.41
86.00 209.44
86.50 404.37
87.00 770.85
87.50 744.53
88.00 704.69
88.50 697.97
89.00 828.58
89.50 900.00
90.00 850.45
90.50 695.07
91.00 755.94
91.50 716.27
92.00 767.85
92.50 738.22
93.00 691.90
93.50 736.01
94.00 736.82
94.50 713.04
95.00 712.90
95.50 754.08
96.00 701.81
96.50 762.15
97.00 705.64
97.50 749.50
98.00 731.71
98.50 791.67
99.00 684.90
99.50 623.28
100.00 757.22
100.50 691.01
101.00 804.21
101.50 660.46
102.00 744.26
102.50 785.32
103.00 803.78
103.50 860.24
104.00 829.83
104.50 738.76
105.00 700.77
105.50 863.90
106.00 781.88
106.50 714.70
107.00 657.16
107.50 662.14
108.00 767.07
108.50 726.59
109.00 710.06
109.50 723.96
110.00 729.05
110.50 748.28
111.00 727.23
111.50 748.40
112.00 748.77
112.50 716.32
113.00 759.01
113.50 695.23
114.00 715.35
114.50 748.80
115.00 775.71
115.50 729.92
116.00 768.11
116.50 684.08
117.00 775.34
117.50 711.13
118.00 753.63
118.50 767.95
119.00 734.75
119.50 750.14
120.00 760.81
120.50 759.90
121.00 736.96
121.50 775.84
122.00 746.94
122.50 360.36
123.00 484.34
123.50 24.20
124.00 15.42
124.50 29.72
125.00 6.18
125.50 3.79
126.00 374.32
126.50 27.78
127.00 28.71
127.50 0.00
128.00 13.30
128.50 21.68
129.00 212.29
129.50 780.24
130.00 678.03
130.50 266.22
131.00 787.24
131.50 679.66
132.00 749.03
132.50 865.38
133.00 762.05
133.50 797.01
134.00 702.92
134.50 745.50
135.00 670.13
135.50 769.16
136.00 836.46
136.50 836.36
137.00 836.76
137.50 863.64
138.00 770.09
138.50 767.01
139.00 689.01
139.50 13.42
140.00 714.04
140.50 529.92
141.00 6.62
141.50 471.17
142.00 537.69
142.50 777.00
143.00 697.39
143.50 767.11
144.00 442.35
144.50 316.63
145.00 348.87
145.50 321.19
146.00 565.54
146.50 3.93
147.00 324.18
147.50 0.00
148.00 254.62
148.50 601.20
149.00 733.33
149.50 756.74
150.00 829.76
150.50 830.39
151.00 830.85
151.50 820.23
152.00 855.54
152.50 843.89
153.00 220.45
153.50 751.45
154.00 712.62
154.50 721.93
155.00 727.33
155.50 795.75
156.00 804.05
156.50 697.26
157.00 691.18
157.50 800.55
158.00 691.50
158.50 696.90
159.00 727.17
159.50 756.87
160.00 726.24
160.50 797.74
161.00 754.67
161.50 746.20
162.00 711.70
162.50 744.62
163.00 746.23
163.50 720.84
164.00 701.39
164.50 696.55
165.00 710.68
165.50 832.58
166.00 699.74
166.50 748.65
167.00 824.46
167.50 448.24
168.00 722.11
168.50 721.56
169.00 895.58
169.50 806.36
170.00 864.91
170.50 695.78
171.00 792.13
171.50 900.00
172.00 831.27
172.50 854.37
173.00 806.75
173.50 726.36
174.00 805.91
174.50 699.72
175.00 767.50
175.50 728.18
176.00 753.82
176.50 719.81
177.00 715.67
177.50 715.88
178.00 737.14
178.50 688.01
179.00 417.31
179.50 693.77
180.00 730.35
180.50 767.77
181.00 743.22
181.50 690.78
182.00 772.83
182.50 729.57
183.00 762.45
183.50 721.36
184.00 750.81
184.50 724.29
185.00 761.93
185.50 723.29
186.00 757.02
186.50 708.97
187.00 719.92
187.50 702.47
188.00 703.63
188.50 880.86
189.00 804.66
189.50 762.64
190.00 704.10
190.50 695.10
191.00 703.76
191.50 689.68
192.00 555.45
192.50 165.30
193.00 754.94
193.50 744.78
194.00 826.52
194.50 844.22
195.00 860.46
195.50 773.07
196.00 719.69
196.50 823.96
197.00 825.25
197.50 823.47
198.00 850.73
198.50 830.59
199.00 844.86
199.50 775.64
200.00 744.05
200.50 736.73
201.00 710.52
201.50 764.95
202.00 807.09
202.50 21.24
203.00 466.32
203.50 370.64
204.00 792.44
204.50 728.69
205.00 728.82
205.50 764.42
206.00 783.70
206.50 680.16
207.00 726.69
207.50 705.30
208.00 686.22
208.50 705.10
209.00 765.56
209.50 718.73
210.00 758.68
210.50 722.56
211.00 759.65
211.50 727.25
212.00 719.61
212.50 745.69
213.00 750.36
213.50 679.12
214.00 659.08
214.50 676.26
215.00 685.10
215.50 748.03
216.00 703.15
216.50 832.90
217.00 744.88
217.50 321.52
218.00 747.41
218.50 696.84
219.00 745.36
219.50 744.12
220.00 703.30
220.50 701.90
221.00 859.38
221.50 693.09
222.00 715.18
222.50 738.32
223.00 710.54
223.50 710.42
224.00 849.05
224.50 778.30
225.00 718.58
225.50 696.12
226.00 704.32
226.50 633.71
227.00 746.83
227.50 712.72
228.00 699.91
228.50 710.58
229.00 725.04
229.50 689.70
230.00 678.16
230.50 751.08
231.00 671.57
231.50 779.04
232.00 721.10
232.50 776.50
233.00 0.00
233.50 7.58
234.00 11.20
234.50 11.59
235.00 0.00
235.50 327.68
236.00 678.51
236.50 726.23
237.00 716.99
237.50 692.06
238.00 741.07
238.50 768.44
239.00 767.23
239.50 709.61
240.00 700.26
240.50 809.05
241.00 732.35
241.50 746.10
242.00 709.00
242.50 799.27
243.00 749.95
243.50 721.06
244.00 708.04
244.50 866.25
245.00 744.62
245.50 610.24
246.00 685.34
246.50 789.89
247.00 667.61
247.50 860.19
248.00 715.86
248.50 729.65
249.00 760.33
249.50 767.75
250.00 730.34
250.50 759.54
251.00 745.21
251.50 728.28
252.00 762.05
252.50 696.57
253.00 788.52
253.50 726.70
254.00 765.38
254.50 716.42
255.00 693.21
255.50 763.84
256.00 702.60
256.50 696.41
257.00 754.01
257.50 316.76
258.00 359.17
258.50 672.35
259.00 712.91
259.50 785.87
260.00 783.91
260.50 891.10
261.00 814.25
261.50 837.04
262.00 852.68
262.50 71.85
263.00 792.37
263.50 725.50
264.00 757.07
264.50 740.90
265.00 664.46
265.50 716.44
266.00 717.53
266.50 826.27
267.00 483.32
267.50 176.96
268.00 277.49
268.50 737.41
269.00 846.40
269.50 819.18
270.00 819.34
270.50 834.72
271.00 809.80
271.50 836.68
272.00 823.29
272.50 839.58
273.00 816.88
273.50 831.13
274.00 878.10
274.50 730.11
275.00 810.45
275.50 734.47
276.00 629.16
276.50 852.67
277.00 700.53
277.50 830.27
278.00 900.00
278.50 706.16
279.00 822.34
279.50 794.56
280.00 745.12
280.50 782.46
281.00 791.83
281.50 854.03
282.00 707.27
282.50 737.29
283.00 696.22
283.50 831.09
284.00 842.81
284.50 786.47
285.00 813.02
285.50 715.89
286.00 797.31
286.50 684.60
287.00 700.86
287.50 676.09
288.00 698.20
288.50 825.22
289.00 665.53
289.50 707.28
290.00 725.97
290.50 718.30
291.00 679.74
291.50 714.86
292.00 733.05
292.50 697.32
293.00 817.69
293.50 687.97
294.00 738.65
294.50 761.07
295.00 701.66
295.50 680.38
296.00 397.72
296.50 699.83
297.00 696.79
297.50 643.46
298.00 718.99
298.50 693.99
299.00 722.12
299.50 700.45
