0.00 739.09
0.50 750.65
1.00 756.88
1.50 762.98
2.00 700.80
2.50 745.40
3.00 729.82
3.50 705.95
4.00 733.76
4.50 738.27
5.00 720.93
5.50 815.37
6.00 212.16
6.50 721.25
7.00 750.26
7.50 755.15
8.00 733.52
8.50 761.49
9.00 14.60
9.50 291.24
10.00 687.54
10.50 552.19
11.00 828.78
11.50 825.25
12.00 869.74
12.50 823.31
13.00 848.58
13.50 798.07
14.00 746.37
14.50 732.39
15.00 713.75
15.50 760.19
16.00 749.93
16.50 746.13
17.00 711.93
17.50 713.55
18.00 606.66
18.50 502.76
19.00 721.92
19.50 240.61
20.00 0.00
20.50 29.20
21.00 698.79
21.50 692.06
22.00 721.89
22.50 753.23
23.00 748.33
23.50 767.34
24.00 761.85
24.50 755.02
25.00 776.30
25.50 717.48
26.00 726.12
26.50 699.99
27.00 715.85
27.50 741.06
28.00 490.05
28.50 546.41
29.00 816.48
29.50 720.65
30.00 754.79
30.50 715.04
31.00 693.43
31.50 721.93
32.00 677.48
32.50 771.54
33.00 688.88
33.50 697.30
34.00 762.62
34.50 716.66
35.00 656.74
35.50 731.76
36.00 731.44
36.50 761.34
37.00 739.65
37.50 677.27
38.00 795.16
38.50 718.33
39.00 768.20
39.50 712.76
40.00 755.32
40.50 744.88
41.00 258.25
41.50 583.40
42.00 758.64
42.50 781.03
43.00 808.38
43.50 665.71
44.00 724.31
44.50 410.76
45.00 555.34
45.50 12.64
46.00 555.41
46.50 829.89
47.00 253.18
47.50 816.97
48.00 843.69
48.50 850.62
49.00 834.93
49.50 900.00
50.00 900.00
50.50 836.93
51.00 700.90
51.50 754.75
52.00 733.52
52.50 734.39
53.00 759.27
53.50 764.05
54.00 784.06
54.50 710.26
55.00 756.63
55.50 783.10
56.00 729.19
56.50 713.13
57.00 748.04
57.50 702.04
58.00 701.66
58.50 728.15
59.00 838.46
59.50 687.41
60.00 824.86
60.50 754.09
61.00 681.28
61.50 739.56
62.00 710.33
62.50 696.84
63.00 712.80
63.50 711.34
64.00 877.25
64.50 806.25
65.00 845.44
65.50 674.50
66.00 900.00
66.50 0.00
67.00 29.04
67.50 610.47
68.00 301.84
68.50 702.26
69.00 731.32
69.50 736.67
70.00 638.68
70.50 122.43
71.00 467.34
71.50 757.68
72.00 726.32
72.50 805.68
73.00 835.75
73.50 831.08
74.00 697.37
74.50 587.68
75.00 688.35
75.50 685.35
76.00 711.28
76.50 738.83
77.00 694.98
77.50 695.56
78.00 356.45
78.50 714.89
79.00 736.93
79.50 758.86
80.00 245.27
80.50 734.59
81.00 712.79
81.50 751.79
82.00 700.37
82.50 669.47
83.00 742.35
83.50 678.06
84.00 704.11
84.50 741.58
85.00 745.53
85.50 807.93
86.00 757.23
86.50 726.64
87.00 656.69
87.50 735.63
88.00 716.61
88.50 746.54
89.00 748.09
89.50 709.25
90.00 712.29
90.50 724.45
91.00 720.17
91.50 711.01
92.00 760.67
92.50 755.84
93.00 737.98
93.50 784.26
94.00 773.79
94.50 783.83
95.00 756.62
95.50 720.11
96.00 678.93
96.50 723.58
97.00 686.36
97.50 784.45
98.00 719.57
98.50 765.96
99.00 672.47
99.50 682.15
100.00 723.72
100.50 712.28
101.00 785.06
101.50 732.30
102.00 720.03
102.50 736.28
103.00 733.37
103.50 694.66
104.00 725.20
104.50 694.10
105.00 785.51
105.50 709.21
106.00 781.76
106.50 760.75
107.00 830.38
107.50 717.04
108.00 720.93
108.50 718.57
109.00 727.64
109.50 133.18
110.00 751.30
110.50 735.18
111.00 711.06
111.50 763.13
112.00 807.00
112.50 749.52
113.00 741.81
113.50 713.83
114.00 757.16
114.50 697.22
115.00 704.76
115.50 772.90
116.00 749.98
116.50 715.75
117.00 694.91
117.50 791.46
118.00 677.10
118.50 767.83
119.00 754.10
119.50 737.99
120.00 700.64
120.50 723.06
121.00 741.95
121.50 720.16
122.00 743.06
122.50 730.61
123.00 717.51
123.50 750.75
124.00 783.83
124.50 725.19
125.00 769.18
125.50 737.45
126.00 765.31
126.50 726.17
127.00 732.06
127.50 764.01
128.00 744.29
128.50 741.85
129.00 713.61
129.50 702.65
130.00 786.39
130.50 676.17
131.00 762.22
131.50 712.01
132.00 749.75
132.50 742.66
133.00 785.11
133.50 703.70
134.00 756.88
134.50 759.02
135.00 783.31
135.50 734.24
136.00 708.57
136.50 749.01
137.00 669.20
137.50 741.00
138.00 771.57
138.50 682.41
139.00 681.63
139.50 756.33
140.00 665.65
140.50 684.02
141.00 689.95
141.50 721.50
142.00 728.69
142.50 757.45
143.00 708.93
143.50 787.62
144.00 755.71
144.50 804.06
145.00 752.43
145.50 724.32
146.00 697.08
146.50 693.37
147.00 663.82
147.50 718.67
148.00 857.97
148.50 846.12
149.00 900.00
149.50 832.92
150.00 881.59
150.50 826.39
151.00 798.89
151.50 664.89
152.00 731.34
152.50 702.71
153.00 0.00
153.50 251.78
154.00 371.74
154.50 15.89
155.00 91.72
155.50 477.44
156.00 0.00
156.50 12.37
157.00 0.00
157.50 305.56
158.00 823.14
158.50 266.90
159.00 372.83
159.50 412.66
160.00 760.87
160.50 698.99
161.00 701.35
161.50 634.39
162.00 728.68
162.50 811.74
163.00 738.88
163.50 717.74
164.00 707.87
164.50 730.25
165.00 733.50
165.50 772.63
166.00 754.31
166.50 746.49
167.00 723.49
167.50 727.25
168.00 766.07
168.50 730.00
169.00 763.95
169.50 718.34
170.00 767.73
170.50 754.14
171.00 710.44
171.50 762.44
172.00 727.42
172.50 723.53
173.00 735.14
173.50 724.80
174.00 842.89
174.50 845.97
175.00 851.33
175.50 718.49
176.00 711.45
176.50 689.70
177.00 706.90
177.50 713.61
178.00 843.46
178.50 744.84
179.00 735.55
179.50 784.04
180.00 745.86
180.50 179.89
181.00 402.85
181.50 437.00
182.00 707.24
182.50 707.26
183.00 777.33
183.50 719.26
184.00 717.91
184.50 725.92
185.00 739.73
185.50 781.13
186.00 682.49
186.50 710.62
187.00 705.19
187.50 663.16
188.00 689.19
188.50 720.48
189.00 697.36
189.50 750.96
190.00 727.60
190.50 788.92
191.00 885.96
191.50 782.02
192.00 690.41
192.50 672.76
193.00 766.57
193.50 769.53
194.00 664.38
194.50 725.44
195.00 690.58
195.50 739.66
196.00 758.78
196.50 715.27
197.00 766.90
197.50 742.81
198.00 733.89
198.50 731.02
199.00 741.19
199.50 757.68
200.00 767.23
200.50 744.71
201.00 712.71
201.50 685.46
202.00 708.50
202.50 765.69
203.00 768.48
203.50 684.96
204.00 570.74
204.50 730.67
205.00 690.71
205.50 771.73
206.00 732.79
206.50 823.92
207.00 744.59
207.50 715.72
208.00 717.46
208.50 744.49
209.00 735.08
209.50 776.74
210.00 678.93
210.50 675.13
211.00 723.66
211.50 864.48
212.00 803.57
212.50 731.51
213.00 706.45
213.50 691.07
214.00 702.24
214.50 687.67
215.00 662.51
215.50 691.40
216.00 729.74
216.50 717.99
217.00 667.64
217.50 720.93
218.00 761.90
218.50 699.31
219.00 748.11
219.50 734.71
220.00 736.20
220.50 774.10
221.00 743.76
221.50 721.74
222.00 714.54
222.50 696.99
223.00 707.38
223.50 735.44
224.00 695.54
224.50 721.69
225.00 713.16
225.50 703.85
226.00 845.10
226.50 706.16
227.00 736.59
227.50 709.84
228.00 809.82
228.50 723.87
229.00 816.64
229.50 524.51
230.00 808.72
230.50 339.80
231.00 676.25
231.50 863.55
232.00 833.92
232.50 568.53
233.00 1.15
233.50 21.76
234.00 9.77
234.50 1.82
235.00 684.56
235.50 202.91
236.00 708.73
236.50 742.61
237.00 875.00
237.50 838.28
238.00 702.63
238.50 844.12
239.00 394.93
239.50 35.80
240.00 2.98
240.50 332.06
241.00 747.16
241.50 81.35
242.00 330.34
242.50 767.07
243.00 240.02
243.50 376.07
244.00 456.43
244.50 696.49
245.00 791.91
245.50 736.21
246.00 740.56
246.50 661.66
247.00 752.08
247.50 676.15
248.00 679.56
248.50 727.30
249.00 643.24
249.50 400.26
250.00 871.09
250.50 689.65
251.00 679.23
251.50 191.02
252.00 371.43
252.50 739.15
253.00 783.78
253.50 789.05
254.00 759.45
254.50 830.07
255.00 725.25
255.50 779.19
256.00 611.16
256.50 807.24
257.00 729.81
257.50 684.94
258.00 188.19
258.50 745.36
259.00 842.62
259.50 851.21
260.00 755.73
260.50 735.32
261.00 852.33
261.50 849.23
262.00 818.30
262.50 857.52
263.00 839.46
263.50 836.63
264.00 845.52
264.50 789.86
265.00 758.13
265.50 735.41
266.00 707.55
266.50 801.33
267.00 665.56
267.50 751.96
268.00 749.01
268.50 699.75
269.00 868.67
269.50 769.08
270.00 687.12
270.50 867.44
271.00 786.73
271.50 708.32
272.00 803.37
272.50 881.15
273.00 716.08
273.50 759.50
274.00 485.11
274.50 718.84
275.00 780.07
275.50 836.70
276.00 873.39
276.50 688.27
277.00 692.17
277.50 741.18
278.00 567.98
278.50 484.29
279.00 740.79
279.50 716.94
280.00 819.98
280.50 666.03
281.00 431.58
281.50 863.61
282.00 463.32
282.50 748.13
283.00 702.18
283.50 808.88
284.00 716.05
284.50 729.76
285.00 673.25
285.50 720.13
286.00 859.19
286.50 828.71
287.00 756.45
287.50 703.18
288.00 704.55
288.50 851.88
289.00 706.01
289.50 867.70
290.00 719.21
290.50 731.75
291.00 691.05
291.50 721.91
292.00 732.80
292.50 751.94
293.00 729.06
293.50 774.02
294.00 753.38
294.50 729.54
295.00 760.56
295.50 713.85
296.00 748.13
296.50 750.18
297.00 587.97
297.50 558.91
298.00 728.12
298.50 742.82
299.00 312.34
299.50 720.78
