0.00 749.13
0.50 770.01
1.00 734.18
1.50 724.59
2.00 734.39
2.50 712.86
3.00 0.00
3.50 17.67
4.00 21.32
4.50 6.69
5.00 8.99
5.50 645.61
6.00 3.13
6.50 14.78
7.00 12.00
7.50 5.37
8.00 791.80
8.50 876.75
9.00 900.00
9.50 701.71
10.00 760.91
10.50 699.86
11.00 736.90
11.50 726.65
12.00 801.72
12.50 739.70
13.00 742.16
13.50 686.62
14.00 700.54
14.50 732.25
15.00 753.83
15.50 772.14
16.00 728.27
16.50 728.11
17.00 703.42
17.50 732.79
18.00 790.18
18.50 744.99
19.00 717.71
19.50 709.23
20.00 757.82
20.50 764.84
21.00 739.21
21.50 761.92
22.00 762.16
22.50 715.35
23.00 763.90
23.50 11.46
24.00 522.53
24.50 392.18
25.00 738.38
25.50 828.19
26.00 682.84
26.50 698.33
27.00 751.89
27.50 735.55
28.00 786.02
28.50 762.04
29.00 743.57
29.50 697.14
30.00 769.67
30.50 755.44
31.00 800.34
31.50 789.63
32.00 739.51
32.50 739.06
33.00 733.80
33.50 706.98
34.00 743.07
34.50 704.54
35.00 683.93
35.50 816.67
36.00 684.98
36.50 706.59
37.00 726.38
37.50 707.35
38.00 795.93
38.50 712.86
39.00 648.88
39.50 756.27
40.00 718.14
40.50 698.39
41.00 692.31
41.50 832.28
42.00 831.74
42.50 776.81
43.00 710.69
43.50 670.04
44.00 750.67
44.50 766.91
45.00 766.58
45.50 745.29
46.00 772.78
46.50 775.80
47.00 740.56
47.50 739.77
48.00 733.28
48.50 817.30
49.00 774.20
49.50 744.61
50.00 755.40
50.50 739.22
51.00 689.49
51.50 711.24
52.00 703.50
52.50 829.95
53.00 723.84
53.50 691.33
54.00 445.87
54.50 699.94
55.00 651.93
55.50 698.03
56.00 694.48
56.50 807.54
57.00 689.71
57.50 683.37
58.00 857.26
58.50 772.81
59.00 845.12
59.50 426.93
60.00 511.43
60.50 721.66
61.00 719.91
61.50 494.81
62.00 797.79
62.50 788.08
63.00 686.49
63.50 682.14
64.00 691.25
64.50 680.41
65.00 705.96
65.50 874.37
66.00 757.25
66.50 709.37
67.00 809.03
67.50 708.02
68.00 713.68
68.50 715.36
69.00 693.86
69.50 711.77
70.00 717.41
70.50 714.49
71.00 704.26
71.50 678.18
72.00 669.53
72.50 711.27
73.00 679.69
73.50 727.13
74.00 718.34
74.50 725.79
75.00 690.65
75.50 732.61
76.00 534.11
76.50 585.74
77.00 724.05
77.50 695.50
78.00 707.74
78.50 743.05
79.00 762.58
79.50 719.91
80.00 766.96
80.50 710.52
81.00 770.15
81.50 767.01
82.00 670.37
82.50 696.47
83.00 674.27
83.50 704.07
84.00 734.50
84.50 776.43
85.00 649.07
85.50 738.17
86.00 739.42
86.50 732.82
87.00 745.16
87.50 703.43
88.00 769.46
88.50 721.73
89.00 742.31
89.50 738.84
90.00 768.71
90.50 718.45
91.00 719.37
91.50 870.48
92.00 832.77
92.50 846.96
93.00 873.77
93.50 856.94
94.00 88.96
94.50 382.43
95.00 544.80
95.50 636.46
96.00 683.52
96.50 732.92
97.00 759.70
97.50 857.69
98.00 836.49
98.50 729.54
99.00 703.85
99.50 731.49
100.00 387.18
100.50 739.31
101.00 742.36
101.50 809.36
102.00 798.25
102.50 459.13
103.00 670.06
103.50 853.03
104.00 731.62
104.50 772.50
105.00 819.41
105.50 705.89
106.00 752.72
106.50 707.30
107.00 745.54
107.50 702.77
108.00 706.95
108.50 782.01
109.00 721.45
109.50 695.79
110.00 686.29
110.50 829.70
111.00 710.87
111.50 752.22
112.00 667.45
112.50 694.23
113.00 818.01
113.50 788.59
114.00 713.46
114.50 800.37
115.00 770.04
115.50 875.27
116.00 824.73
116.50 696.96
117.00 822.35
117.50 693.59
118.00 699.96
118.50 748.16
119.00 900.00
119.50 789.76
120.00 755.13
120.50 724.93
121.00 690.70
121.50 716.58
122.00 809.65
122.50 728.31
123.00 803.88
123.50 716.08
124.00 738.13
124.50 733.02
125.00 729.10
125.50 723.09
126.00 739.23
126.50 719.25
127.00 740.71
127.50 743.15
128.00 0.00
128.50 12.39
129.00 742.93
129.50 441.74
130.00 739.13
130.50 669.89
131.00 700.80
131.50 739.48
132.00 701.29
132.50 781.85
133.00 779.28
133.50 811.98
134.00 756.07
134.50 760.17
135.00 812.47
135.50 762.79
136.00 900.00
136.50 845.63
137.00 802.47
137.50 713.59
138.00 738.51
138.50 850.89
139.00 47.48
139.50 0.00
140.00 722.13
140.50 799.60
141.00 706.36
141.50 848.95
142.00 856.15
142.50 840.84
143.00 744.71
143.50 700.99
144.00 696.58
144.50 697.94
145.00 817.88
145.50 742.13
146.00 729.47
146.50 745.27
147.00 672.55
147.50 681.26
148.00 769.71
148.50 801.89
149.00 687.05
149.50 526.17
150.00 193.27
150.50 706.72
151.00 841.58
151.50 807.05
152.00 713.92
152.50 778.05
153.00 752.56
153.50 566.54
154.00 477.41
154.50 736.88
155.00 292.26
155.50 525.77
156.00 695.82
156.50 698.50
157.00 738.69
157.50 706.01
158.00 697.52
158.50 705.68
159.00 714.08
159.50 712.99
160.00 732.65
160.50 745.91
161.00 721.22
161.50 533.89
162.00 343.13
162.50 692.29
163.00 711.73
163.50 782.92
164.00 695.66
164.50 756.41
165.00 794.09
165.50 735.08
166.00 731.54
166.50 726.33
167.00 692.58
167.50 724.32
168.00 793.37
168.50 723.69
169.00 830.80
169.50 732.58
170.00 756.12
170.50 705.26
171.00 735.07
171.50 585.46
172.00 553.17
172.50 839.02
173.00 831.63
173.50 831.95
174.00 848.36
174.50 845.43
175.00 719.33
175.50 735.22
176.00 712.38
176.50 716.60
177.00 718.74
177.50 701.83
178.00 710.14
178.50 708.04
179.00 727.19
179.50 761.96
180.00 725.48
180.50 744.96
181.00 744.92
181.50 722.32
182.00 734.12
182.50 682.87
183.00 713.79
183.50 796.55
184.00 756.30
184.50 842.89
185.00 890.79
185.50 840.10
186.00 900.00
186.50 688.89
187.00 726.15
187.50 736.00
188.00 792.29
188.50 793.02
189.00 731.20
189.50 700.86
190.00 733.69
190.50 716.03
191.00 790.74
191.50 676.92
192.00 851.66
192.50 677.65
193.00 684.73
193.50 670.66
194.00 732.63
194.50 693.61
195.00 869.88
195.50 0.00
196.00 685.93
196.50 860.01
197.00 581.48
197.50 692.91
198.00 732.03
198.50 848.09
199.00 708.71
199.50 703.58
200.00 710.53
200.50 731.17
201.00 509.17
201.50 0.94
202.00 0.00
202.50 748.82
203.00 776.20
203.50 739.03
204.00 753.34
204.50 770.20
205.00 711.10
205.50 672.39
206.00 756.59
206.50 730.67
207.00 711.52
207.50 785.70
208.00 676.78
208.50 716.23
209.00 755.11
209.50 671.20
210.00 695.92
210.50 748.28
211.00 718.94
211.50 712.37
212.00 735.34
212.50 707.38
213.00 720.76
213.50 847.90
214.00 693.12
214.50 719.49
215.00 746.79
215.50 782.96
216.00 749.18
216.50 652.79
217.00 722.39
217.50 799.19
218.00 716.93
218.50 707.88
219.00 710.52
219.50 712.82
220.00 832.21
220.50 691.77
221.00 669.36
221.50 857.93
222.00 731.71
222.50 668.52
223.00 709.94
223.50 733.39
224.00 773.90
224.50 717.78
225.00 701.78
225.50 722.32
226.00 704.38
226.50 825.25
227.00 716.84
227.50 742.58
228.00 473.61
228.50 731.90
229.00 783.86
229.50 843.77
230.00 829.26
230.50 831.50
231.00 730.36
231.50 710.26
232.00 253.64
232.50 19.81
233.00 209.94
233.50 900.00
234.00 723.71
234.50 767.40
235.00 839.51
235.50 747.42
236.00 728.42
236.50 784.83
237.00 834.10
237.50 679.25
238.00 377.17
238.50 699.95
239.00 710.67
239.50 737.78
240.00 748.26
240.50 703.35
241.00 426.66
241.50 760.55
242.00 804.08
242.50 721.83
243.00 756.63
243.50 705.51
244.00 719.80
244.50 730.95
245.00 474.64
245.50 552.74
246.00 708.91
246.50 740.36
247.00 691.59
247.50 704.84
248.00 755.65
248.50 720.18
249.00 670.75
249.50 751.42
250.00 790.58
250.50 742.19
251.00 703.88
251.50 721.66
252.00 685.34
252.50 703.30
253.00 678.40
253.50 713.99
254.00 796.74
254.50 700.36
255.00 791.67
255.50 769.24
256.00 713.22
256.50 747.39
257.00 735.18
257.50 788.76
258.00 833.58
258.50 734.24
259.00 782.08
259.50 774.62
260.00 524.89
260.50 702.56
261.00 779.39
261.50 674.96
262.00 772.03
262.50 749.95
263.00 713.54
263.50 850.63
264.00 812.55
264.50 883.12
265.00 795.31
265.50 854.17
266.00 212.93
266.50 705.47
267.00 744.21
267.50 507.61
268.00 762.46
268.50 717.32
269.00 703.64
269.50 781.87
270.00 701.54
270.50 648.37
271.00 748.96
271.50 832.76
272.00 765.36
272.50 674.74
273.00 708.89
273.50 781.04
274.00 755.94
274.50 745.81
275.00 760.58
275.50 698.09
276.00 762.20
276.50 701.95
277.00 744.38
277.50 756.24
278.00 471.41
278.50 169.81
279.00 321.40
279.50 740.12
280.00 750.45
280.50 900.00
281.00 685.10
281.50 725.52
282.00 694.89
282.50 735.82
283.00 684.77
283.50 687.07
284.00 771.12
284.50 695.04
285.00 716.70
285.50 712.42
286.00 623.40
286.50 752.69
287.00 741.04
287.50 711.64
288.00 704.17
288.50 751.13
289.00 724.46
289.50 683.65
290.00 743.01
290.50 814.88
291.00 686.09
291.50 900.00
292.00 883.62
292.50 674.60
293.00 744.31
293.50 720.65
294.00 698.84
294.50 805.66
295.00 836.29
295.50 691.18
296.00 687.39
296.50 900.00
297.00 850.21
297.50 681.60
298.00 707.46
298.50 736.08
299.00 579.07
299.50 775.94
