0.00 698.57
0.50 764.38
1.00 801.43
1.50 740.50
2.00 767.34
2.50 759.16
3.00 0.00
3.50 142.01
4.00 792.44
4.50 716.55
5.00 740.88
5.50 798.89
6.00 740.88
6.50 685.58
7.00 817.88
7.50 785.55
8.00 482.47
8.50 747.89
9.00 768.57
9.50 823.26
10.00 842.16
10.50 776.13
11.00 763.58
11.50 778.03
12.00 743.48
12.50 688.78
13.00 798.93
13.50 776.25
14.00 746.80
14.50 770.30
15.00 0.00
15.50 30.36
16.00 402.36
16.50 0.00
17.00 210.33
17.50 394.03
18.00 4.35
18.50 18.37
19.00 331.65
19.50 322.19
20.00 486.19
20.50 742.73
21.00 711.37
21.50 677.62
22.00 724.73
22.50 754.55
23.00 684.90
23.50 744.53
24.00 681.43
24.50 758.81
25.00 701.33
25.50 753.59
26.00 202.67
26.50 747.29
27.00 745.11
27.50 721.93
28.00 734.36
28.50 175.52
29.00 697.10
29.50 727.30
30.00 758.01
30.50 729.29
31.00 728.02
31.50 689.00
32.00 690.20
32.50 707.87
33.00 757.60
33.50 691.81
34.00 759.41
34.50 728.86
35.00 773.20
35.50 701.58
36.00 692.80
36.50 737.99
37.00 774.04
37.50 752.86
38.00 709.39
38.50 689.12
39.00 711.03
39.50 696.20
40.00 694.57
40.50 732.51
41.00 715.72
41.50 771.11
42.00 787.48
42.50 721.96
43.00 761.41
43.50 728.31
44.00 758.95
44.50 743.57
45.00 785.46
45.50 782.93
46.00 813.44
46.50 824.41
47.00 835.58
47.50 844.96
48.00 866.97
48.50 855.17
49.00 833.52
49.50 833.12
50.00 737.06
50.50 716.49
51.00 743.14
51.50 700.23
52.00 731.56
52.50 687.15
53.00 755.20
53.50 782.39
54.00 748.57
54.50 688.49
55.00 741.77
55.50 673.49
56.00 731.69
56.50 686.62
57.00 159.99
57.50 745.32
58.00 700.67
58.50 781.04
59.00 790.76
59.50 775.87
60.00 811.90
60.50 672.35
61.00 692.91
61.50 716.45
62.00 769.60
62.50 801.74
63.00 699.22
63.50 733.38
64.00 693.35
64.50 712.65
65.00 712.37
65.50 724.86
66.00 671.36
66.50 673.96
67.00 704.37
67.50 850.20
68.00 704.08
68.50 740.09
69.00 718.74
69.50 723.05
70.00 706.47
70.50 717.54
71.00 732.63
71.50 730.28
72.00 779.99
72.50 726.52
73.00 766.42
73.50 724.52
74.00 860.46
74.50 819.93
75.00 35.36
75.50 751.76
76.00 597.45
76.50 741.31
77.00 746.05
77.50 797.47
78.00 717.62
78.50 744.37
79.00 746.70
79.50 724.40
80.00 722.80
80.50 695.26
81.00 725.94
81.50 731.77
82.00 721.49
82.50 738.58
83.00 751.85
83.50 745.26
84.00 675.26
84.50 761.25
85.00 764.18
85.50 763.79
86.00 861.45
86.50 704.50
87.00 691.02
87.50 764.27
88.00 726.72
88.50 675.48
89.00 677.28
89.50 691.29
90.00 708.21
90.50 726.01
91.00 607.16
91.50 868.75
92.00 860.15
92.50 831.43
93.00 766.00
93.50 736.17
94.00 738.33
94.50 771.38
95.00 728.80
95.50 762.76
96.00 660.44
96.50 761.05
97.00 762.37
97.50 783.35
98.00 705.29
98.50 760.50
99.00 729.60
99.50 766.06
100.00 739.53
100.50 866.51
101.00 850.58
101.50 236.62
102.00 381.93
102.50 232.82
103.00 686.40
103.50 763.17
104.00 649.25
104.50 823.24
105.00 882.96
105.50 835.80
106.00 874.13
106.50 797.05
107.00 700.64
107.50 683.34
108.00 802.01
108.50 722.94
109.00 711.93
109.50 696.66
110.00 706.23
110.50 719.79
111.00 675.03
111.50 837.99
112.00 842.07
112.50 729.08
113.00 756.85
113.50 771.70
114.00 726.08
114.50 0.00
115.00 12.03
115.50 230.30
116.00 0.00
116.50 109.46
117.00 761.04
117.50 700.26
118.00 716.96
118.50 746.87
119.00 694.89
119.50 772.67
120.00 736.90
120.50 718.35
121.00 682.38
121.50 782.70
122.00 713.49
122.50 724.68
123.00 692.46
123.50 808.43
124.00 900.00
124.50 900.00
125.00 718.40
125.50 737.57
126.00 689.20
126.50 713.91
127.00 749.60
127.50 737.45
128.00 737.89
128.50 705.17
129.00 866.42
129.50 726.97
130.00 745.73
130.50 776.32
131.00 718.21
131.50 738.06
132.00 683.03
132.50 706.47
133.00 715.87
133.50 701.19
134.00 792.32
134.50 712.27
135.00 776.54
135.50 716.97
136.00 723.33
136.50 697.47
137.00 683.37
137.50 579.53
138.00 717.69
138.50 666.08
139.00 819.16
139.50 717.64
140.00 852.07
140.50 713.02
141.00 684.84
141.50 770.70
142.00 715.78
142.50 704.89
143.00 686.82
143.50 715.33
144.00 742.18
144.50 742.23
145.00 730.68
145.50 740.08
146.00 728.76
146.50 775.40
147.00 794.64
147.50 732.04
148.00 712.70
148.50 688.38
149.00 664.90
149.50 726.97
150.00 718.88
150.50 900.00
151.00 839.57
151.50 845.24
152.00 717.32
152.50 693.25
153.00 690.75
153.50 803.60
154.00 707.27
154.50 695.68
155.00 622.47
155.50 721.83
156.00 699.18
156.50 709.64
157.00 706.87
157.50 786.80
158.00 674.31
158.50 778.40
159.00 900.00
159.50 798.20
160.00 690.08
160.50 821.23
161.00 716.76
161.50 567.71
162.00 664.21
162.50 720.28
163.00 711.50
163.50 691.56
164.00 486.21
164.50 751.83
165.00 728.38
165.50 694.68
166.00 612.37
166.50 453.39
167.00 26.37
167.50 20.00
168.00 285.79
168.50 758.89
169.00 728.29
169.50 468.62
170.00 377.05
170.50 288.81
171.00 128.54
171.50 722.95
172.00 741.87
172.50 723.42
173.00 727.63
173.50 770.17
174.00 707.32
174.50 653.22
175.00 732.22
175.50 743.59
176.00 830.43
176.50 737.84
177.00 723.20
177.50 759.63
178.00 782.87
178.50 642.34
179.00 706.39
179.50 718.29
180.00 713.10
180.50 692.83
181.00 719.48
181.50 682.48
182.00 527.36
182.50 751.71
183.00 704.92
183.50 802.16
184.00 757.88
184.50 881.08
185.00 803.63
185.50 707.80
186.00 648.93
186.50 716.43
187.00 725.25
187.50 680.13
188.00 860.42
188.50 710.55
189.00 802.97
189.50 715.51
190.00 846.90
190.50 783.86
191.00 792.42
191.50 447.85
192.00 695.27
192.50 723.24
193.00 787.63
193.50 710.85
194.00 731.30
194.50 750.35
195.00 722.90
195.50 707.05
196.00 757.00
196.50 687.86
197.00 813.40
197.50 838.40
198.00 682.99
198.50 745.24
199.00 697.49
199.50 721.55
200.00 739.66
200.50 727.32
201.00 735.39
201.50 840.67
202.00 668.32
202.50 682.06
203.00 657.49
203.50 731.22
204.00 727.88
204.50 751.62
205.00 700.14
205.50 682.91
206.00 770.04
206.50 716.75
207.00 660.18
207.50 870.97
208.00 830.36
208.50 706.30
209.00 718.00
209.50 696.93
210.00 723.08
210.50 762.20
211.00 708.25
211.50 868.70
212.00 900.00
212.50 705.84
213.00 788.02
213.50 682.31
214.00 745.33
214.50 748.18
215.00 782.48
215.50 751.10
216.00 705.72
216.50 748.88
217.00 720.74
217.50 680.60
218.00 729.04
218.50 785.82
219.00 705.31
219.50 725.02
220.00 755.71
220.50 736.11
221.00 739.05
221.50 703.33
222.00 669.54
222.50 759.24
223.00 735.45
223.50 687.54
224.00 749.20
224.50 669.01
225.00 712.02
225.50 734.02
226.00 711.12
226.50 784.36
227.00 738.03
227.50 753.40
228.00 730.27
228.50 731.45
229.00 732.73
229.50 734.25
230.00 775.31
230.50 7.55
231.00 8.83
231.50 102.55
232.00 711.51
232.50 683.94
233.00 645.53
233.50 746.88
234.00 294.48
234.50 11.88
235.00 0.00
235.50 852.58
236.00 848.91
236.50 690.06
237.00 725.02
237.50 671.89
238.00 698.80
238.50 723.49
239.00 699.28
239.50 703.54
240.00 710.93
240.50 709.04
241.00 800.77
241.50 720.13
242.00 715.99
242.50 823.83
243.00 728.32
243.50 771.88
244.00 709.72
244.50 708.39
245.00 760.01
245.50 753.55
246.00 687.19
246.50 702.89
247.00 729.27
247.50 743.12
248.00 730.33
248.50 764.78
249.00 730.57
249.50 766.92
250.00 716.47
250.50 718.90
251.00 696.54
251.50 756.80
252.00 692.15
252.50 743.49
253.00 771.87
253.50 770.85
254.00 680.73
254.50 747.90
255.00 735.61
255.50 697.34
256.00 762.10
256.50 781.70
257.00 730.22
257.50 735.33
258.00 686.62
258.50 705.47
259.00 7.69
259.50 699.24
260.00 823.27
260.50 727.43
261.00 735.22
261.50 809.40
262.00 745.38
262.50 737.13
263.00 780.26
263.50 715.82
264.00 718.15
264.50 756.99
265.00 737.00
265.50 752.34
266.00 701.64
266.50 723.87
267.00 741.25
267.50 726.99
268.00 770.23
268.50 894.36
269.00 734.12
269.50 737.58
270.00 690.96
270.50 700.53
271.00 780.26
271.50 765.42
272.00 713.42
272.50 782.17
273.00 663.27
273.50 739.30
274.00 665.62
274.50 724.00
275.00 696.97
275.50 727.36
276.00 679.12
276.50 691.94
277.00 740.05
277.50 691.29
278.00 751.16
278.50 710.19
279.00 726.44
279.50 728.54
280.00 719.13
280.50 735.40
281.00 742.36
281.50 669.03
282.00 693.88
282.50 853.52
283.00 753.87
283.50 845.49
284.00 820.79
284.50 679.85
285.00 511.71
285.50 794.88
286.00 411.04
286.50 331.21
287.00 188.83
287.50 721.08
288.00 709.34
288.50 746.01
289.00 786.12
289.50 750.40
290.00 770.96
290.50 801.27
291.00 744.07
291.50 775.42
292.00 754.60
292.50 752.56
293.00 832.17
293.50 777.10
294.00 769.65
294.50 773.31
295.00 688.18
295.50 717.67
296.00 722.84
296.50 788.00
297.00 811.93
297.50 726.78
298.00 756.01
298.50 687.63
299.00 775.61
299.50 756.99
