0.00 710.80
0.50 715.83
1.00 771.51
1.50 735.50
2.00 749.14
2.50 739.10
3.00 736.07
3.50 683.57
4.00 769.10
4.50 754.75
5.00 734.04
5.50 883.71
6.00 85.28
6.50 810.68
7.00 737.65
7.50 827.87
8.00 852.88
8.50 875.31
9.00 846.84
9.50 845.59
10.00 765.71
10.50 703.57
11.00 692.32
11.50 715.61
12.00 693.77
12.50 733.82
13.00 709.72
13.50 709.01
14.00 746.49
14.50 717.87
15.00 365.76
15.50 731.02
16.00 713.19
16.50 757.27
17.00 838.29
17.50 714.28
18.00 677.39
18.50 752.95
19.00 703.08
19.50 737.98
20.00 723.97
20.50 724.46
21.00 749.06
21.50 736.01
22.00 746.16
22.50 744.40
23.00 755.90
23.50 797.76
24.00 737.22
24.50 743.83
25.00 760.61
25.50 726.85
26.00 718.31
26.50 758.68
27.00 736.42
27.50 743.76
28.00 714.09
28.50 771.63
29.00 329.58
29.50 398.92
30.00 690.86
30.50 772.97
31.00 633.47
31.50 755.08
32.00 96.67
32.50 771.99
33.00 861.27
33.50 814.74
34.00 822.99
34.50 761.63
35.00 761.92
35.50 114.88
36.00 6.21
36.50 10.54
37.00 284.50
37.50 780.81
38.00 771.64
38.50 634.07
39.00 754.57
39.50 751.03
40.00 779.52
40.50 625.50
41.00 772.07
41.50 720.05
42.00 730.12
42.50 793.19
43.00 714.54
43.50 803.20
44.00 734.52
44.50 707.64
45.00 718.56
45.50 739.86
46.00 752.91
46.50 750.88
47.00 719.34
47.50 821.74
48.00 796.79
48.50 0.00
49.00 12.18
49.50 401.04
50.00 750.33
50.50 715.48
51.00 774.69
51.50 674.14
52.00 65.19
52.50 179.43
53.00 17.07
53.50 9.57
54.00 320.27
54.50 463.91
55.00 691.29
55.50 706.06
56.00 900.00
56.50 734.30
57.00 719.00
57.50 714.27
58.00 832.92
58.50 658.64
59.00 538.71
59.50 422.46
60.00 368.29
60.50 352.57
61.00 280.75
61.50 749.93
62.00 780.14
62.50 695.33
63.00 756.12
63.50 773.35
64.00 766.87
64.50 740.50
65.00 731.41
65.50 722.61
66.00 765.59
66.50 712.45
67.00 729.75
67.50 731.49
68.00 702.45
68.50 757.31
69.00 741.96
69.50 730.89
70.00 718.23
70.50 734.23
71.00 733.70
71.50 725.33
72.00 745.32
72.50 722.42
73.00 721.77
73.50 777.79
74.00 713.72
74.50 708.27
75.00 745.74
75.50 753.65
76.00 713.27
76.50 718.87
77.00 792.04
77.50 743.99
78.00 826.95
78.50 757.48
79.00 687.57
79.50 772.81
80.00 725.98
80.50 732.69
81.00 725.91
81.50 699.50
82.00 729.93
82.50 738.39
83.00 747.52
83.50 381.50
84.00 714.84
84.50 879.34
85.00 745.92
85.50 707.09
86.00 727.37
86.50 728.74
87.00 890.33
87.50 180.83
88.00 687.24
88.50 695.24
89.00 679.52
89.50 715.56
90.00 703.74
90.50 628.07
91.00 887.77
91.50 753.51
92.00 705.77
92.50 783.25
93.00 709.12
93.50 687.69
94.00 675.77
94.50 822.33
95.00 753.33
95.50 727.62
96.00 683.68
96.50 724.66
97.00 753.53
97.50 678.49
98.00 671.04
98.50 737.02
99.00 789.77
99.50 843.71
100.00 746.85
100.50 699.21
101.00 733.42
101.50 860.24
102.00 760.01
102.50 758.95
103.00 690.14
103.50 853.10
104.00 742.54
104.50 828.91
105.00 712.70
105.50 742.44
106.00 763.94
106.50 721.69
107.00 763.09
107.50 769.91
108.00 664.63
108.50 713.34
109.00 745.28
109.50 54.60
110.00 462.71
110.50 808.39
111.00 656.32
111.50 739.00
112.00 732.02
112.50 687.15
113.00 731.09
113.50 735.01
114.00 719.35
114.50 721.41
115.00 712.44
115.50 753.90
116.00 741.64
116.50 726.49
117.00 724.99
117.50 768.36
118.00 701.38
118.50 752.57
119.00 719.86
119.50 709.04
120.00 692.59
120.50 704.74
121.00 775.69
121.50 722.05
122.00 731.20
122.50 727.83
123.00 794.49
123.50 753.13
124.00 714.58
124.50 801.86
125.00 780.07
125.50 717.61
126.00 794.15
126.50 663.91
127.00 721.64
127.50 733.61
128.00 759.87
128.50 759.06
129.00 723.45
129.50 725.61
130.00 771.73
130.50 771.40
131.00 782.00
131.50 719.88
132.00 766.65
132.50 691.64
133.00 805.03
133.50 750.76
134.00 710.92
134.50 735.80
135.00 717.58
135.50 698.73
136.00 723.20
136.50 824.25
137.00 807.10
137.50 837.02
138.00 694.16
138.50 710.26
139.00 741.09
139.50 840.60
140.00 716.12
140.50 874.38
141.00 883.40
141.50 707.53
142.00 717.65
142.50 814.41
143.00 783.04
143.50 712.13
144.00 682.73
144.50 833.44
145.00 722.45
145.50 352.37
146.00 663.72
146.50 414.20
147.00 702.50
147.50 751.11
148.00 702.55
148.50 718.98
149.00 732.04
149.50 679.08
150.00 738.93
150.50 778.27
151.00 650.53
151.50 729.50
152.00 713.88
152.50 716.39
153.00 420.14
153.50 625.04
154.00 745.41
154.50 675.33
155.00 869.45
155.50 734.01
156.00 659.77
156.50 737.79
157.00 694.57
157.50 718.11
158.00 683.72
158.50 773.77
159.00 719.50
159.50 690.76
160.00 714.97
160.50 703.77
161.00 728.63
161.50 727.69
162.00 777.85
162.50 697.40
163.00 735.59
163.50 713.99
164.00 735.83
164.50 726.29
165.00 707.51
165.50 714.61
166.00 720.00
166.50 740.56
167.00 740.40
167.50 720.28
168.00 366.69
168.50 755.86
169.00 540.99
169.50 810.54
170.00 742.59
170.50 750.28
171.00 723.62
171.50 719.62
172.00 773.70
172.50 805.12
173.00 827.55
173.50 728.00
174.00 853.51
174.50 853.54
175.00 730.87
175.50 773.63
176.00 698.83
176.50 4.97
177.00 0.00
177.50 0.00
178.00 236.10
178.50 709.90
179.00 725.34
179.50 344.05
180.00 871.65
180.50 828.60
181.00 876.70
181.50 868.09
182.00 842.24
182.50 840.41
183.00 738.61
183.50 710.17
184.00 716.93
184.50 699.35
185.00 757.30
185.50 674.80
186.00 732.70
186.50 725.85
187.00 716.75
187.50 697.96
188.00 722.32
188.50 720.68
189.00 900.00
189.50 688.31
190.00 676.62
190.50 683.16
191.00 750.62
191.50 784.66
192.00 857.25
192.50 706.23
193.00 752.12
193.50 804.33
194.00 813.89
194.50 723.58
195.00 0.00
195.50 9.88
196.00 5.12
196.50 76.63
197.00 775.38
197.50 763.48
198.00 841.03
198.50 841.50
199.00 847.46
199.50 826.54
200.00 846.18
200.50 832.49
201.00 875.92
201.50 837.81
202.00 702.33
202.50 816.68
203.00 834.07
203.50 42.82
204.00 0.00
204.50 416.19
205.00 731.55
205.50 704.76
206.00 704.04
206.50 720.75
207.00 749.13
207.50 699.68
208.00 737.73
208.50 675.83
209.00 733.81
209.50 711.48
210.00 704.99
210.50 678.15
211.00 714.80
211.50 738.23
212.00 751.75
212.50 693.64
213.00 754.23
213.50 724.49
214.00 760.22
214.50 744.13
215.00 746.35
215.50 752.78
216.00 799.74
216.50 768.02
217.00 730.76
217.50 757.93
218.00 723.89
218.50 686.86
219.00 744.71
219.50 679.29
220.00 720.65
220.50 491.46
221.00 678.71
221.50 557.38
222.00 299.96
222.50 749.44
223.00 711.11
223.50 758.10
224.00 711.09
224.50 11.89
225.00 21.51
225.50 669.73
226.00 849.13
226.50 824.11
227.00 831.71
227.50 854.57
228.00 491.33
228.50 776.08
229.00 726.73
229.50 725.88
230.00 733.88
230.50 732.31
231.00 663.64
231.50 748.55
232.00 758.01
232.50 695.38
233.00 825.56
233.50 864.44
234.00 848.91
234.50 732.74
235.00 769.86
235.50 435.33
236.00 810.95
236.50 816.17
237.00 747.43
237.50 690.95
238.00 831.24
238.50 791.95
239.00 880.45
239.50 725.47
240.00 760.15
240.50 780.65
241.00 746.67
241.50 706.56
242.00 788.73
242.50 753.54
243.00 715.69
243.50 754.62
244.00 736.39
244.50 765.63
245.00 695.78
245.50 692.01
246.00 773.55
246.50 667.23
247.00 748.24
247.50 743.49
248.00 725.12
248.50 728.13
249.00 756.17
249.50 741.76
250.00 682.53
250.50 711.02
251.00 682.97
251.50 771.90
252.00 753.42
252.50 756.47
253.00 763.27
253.50 779.49
254.00 742.96
254.50 772.03
255.00 755.74
255.50 725.60
256.00 708.21
256.50 720.83
257.00 699.47
257.50 762.42
258.00 723.18
258.50 807.96
259.00 709.30
259.50 892.54
260.00 776.29
260.50 762.27
261.00 729.40
261.50 432.94
262.00 714.08
262.50 703.34
263.00 784.93
263.50 682.34
264.00 711.51
264.50 721.37
265.00 782.40
265.50 661.48
266.00 720.31
266.50 730.47
267.00 762.32
267.50 717.32
268.00 720.61
268.50 680.05
269.00 422.63
269.50 705.92
270.00 707.93
270.50 890.78
271.00 725.69
271.50 696.84
272.00 724.39
272.50 196.93
273.00 392.16
273.50 696.28
274.00 44.07
274.50 770.29
275.00 839.71
275.50 850.84
276.00 850.27
276.50 832.91
277.00 851.82
277.50 852.19
278.00 826.05
278.50 847.09
279.00 847.32
279.50 819.66
280.00 867.44
280.50 823.69
281.00 881.95
281.50 827.63
282.00 882.20
282.50 840.42
283.00 259.47
283.50 740.36
284.00 758.56
284.50 729.20
285.00 362.24
285.50 673.46
286.00 841.88
286.50 688.97
287.00 642.58
287.50 767.53
288.00 804.28
288.50 781.86
289.00 722.15
289.50 786.53
290.00 879.10
290.50 705.94
291.00 849.32
291.50 283.11
292.00 737.31
292.50 702.92
293.00 769.52
293.50 721.36
294.00 752.62
294.50 736.80
295.00 723.30
295.50 740.86
296.00 697.51
296.50 737.16
297.00 782.42
297.50 742.28
298.00 716.32
298.50 727.80
299.00 747.67
299.50 710.89
