0.00 725.72
0.50 718.22
1.00 766.21
1.50 728.21
2.00 710.80
2.50 698.53
3.00 675.54
3.50 700.62
4.00 695.53
4.50 414.04
5.00 699.22
5.50 724.69
6.00 777.14
6.50 686.10
7.00 753.49
7.50 790.23
8.00 711.48
8.50 706.91
9.00 706.54
9.50 768.38
10.00 768.18
10.50 767.13
11.00 632.16
11.50 315.71
12.00 509.20
12.50 381.16
13.00 572.18
13.50 15.79
14.00 0.00
14.50 654.82
15.00 313.87
15.50 267.75
16.00 312.23
16.50 708.14
17.00 656.04
17.50 748.44
18.00 705.10
18.50 815.15
19.00 834.58
19.50 866.64
20.00 698.27
20.50 688.67
21.00 661.86
21.50 748.89
22.00 708.08
22.50 755.05
23.00 864.85
23.50 801.50
24.00 785.69
24.50 771.05
25.00 681.92
25.50 683.73
26.00 577.70
26.50 735.17
27.00 766.15
27.50 731.80
28.00 708.50
28.50 296.98
29.00 762.63
29.50 0.00
30.00 758.15
30.50 723.92
31.00 733.59
31.50 709.90
32.00 740.59
32.50 729.77
33.00 716.34
33.50 733.74
34.00 778.04
34.50 733.28
35.00 690.83
35.50 728.96
36.00 743.97
36.50 769.32
37.00 704.48
37.50 726.23
38.00 742.02
38.50 769.51
39.00 763.80
39.50 750.27
40.00 696.52
40.50 714.90
41.00 689.94
41.50 764.20
42.00 742.47
42.50 732.19
43.00 690.84
43.50 792.64
44.00 737.98
44.50 739.06
45.00 750.11
45.50 790.97
46.00 724.93
46.50 725.62
47.00 726.97
47.50 730.76
48.00 762.63
48.50 722.50
49.00 721.41
49.50 680.89
50.00 676.11
50.50 744.40
51.00 749.77
51.50 740.96
52.00 738.22
52.50 684.57
53.00 693.20
53.50 742.71
54.00 702.68
54.50 740.58
55.00 751.73
55.50 731.05
56.00 729.79
56.50 720.65
57.00 698.85
57.50 692.55
58.00 685.22
58.50 274.77
59.00 731.40
59.50 703.95
60.00 807.70
60.50 841.48
61.00 0.00
61.50 845.60
62.00 852.34
62.50 840.02
63.00 885.34
63.50 857.94
64.00 830.49
64.50 795.35
65.00 742.17
65.50 358.15
66.00 752.78
66.50 754.19
67.00 726.84
67.50 695.96
68.00 762.00
68.50 742.20
69.00 736.14
69.50 727.85
70.00 712.35
70.50 805.56
71.00 745.24
71.50 766.24
72.00 693.54
72.50 755.01
73.00 749.63
73.50 741.57
74.00 685.38
74.50 312.38
75.00 546.55
75.50 11.45
76.00 706.61
76.50 726.64
77.00 688.74
77.50 698.56
78.00 590.00
78.50 678.73
79.00 780.14
79.50 705.46
80.00 715.57
80.50 737.91
81.00 699.59
81.50 700.18
82.00 822.05
82.50 675.33
83.00 736.37
83.50 678.56
84.00 735.20
84.50 813.89
85.00 689.34
85.50 662.93
86.00 690.35
86.50 601.32
87.00 698.16
87.50 423.81
88.00 710.72
88.50 674.94
89.00 717.09
89.50 758.12
90.00 744.13
90.50 710.55
91.00 786.80
91.50 698.59
92.00 708.10
92.50 680.84
93.00 717.18
93.50 726.89
94.00 687.40
94.50 804.18
95.00 692.63
95.50 727.75
96.00 706.78
96.50 715.10
97.00 689.95
97.50 842.36
98.00 778.61
98.50 812.17
99.00 890.86
99.50 714.52
100.00 696.14
100.50 710.30
101.00 875.42
101.50 697.80
102.00 693.16
102.50 713.68
103.00 735.71
103.50 558.41
104.00 691.24
104.50 723.65
105.00 432.46
105.50 900.00
106.00 851.05
106.50 621.33
107.00 900.00
107.50 716.56
108.00 751.23
108.50 712.69
109.00 768.19
109.50 803.08
110.00 781.70
110.50 669.39
111.00 782.89
111.50 716.18
112.00 710.25
112.50 689.99
113.00 659.87
113.50 748.15
114.00 677.55
114.50 730.31
115.00 747.80
115.50 748.82
116.00 715.00
116.50 701.68
117.00 852.14
117.50 820.38
118.00 817.47
118.50 830.47
119.00 861.44
119.50 689.09
120.00 769.40
120.50 789.78
121.00 806.41
121.50 826.16
122.00 764.92
122.50 763.77
123.00 773.48
123.50 665.95
124.00 769.83
124.50 575.73
125.00 787.63
125.50 760.05
126.00 748.89
126.50 740.27
127.00 733.64
127.50 721.59
128.00 771.38
128.50 720.11
129.00 722.66
129.50 741.76
130.00 757.09
130.50 695.93
131.00 695.12
131.50 746.83
132.00 715.10
132.50 738.05
133.00 762.81
133.50 733.97
134.00 732.55
134.50 749.37
135.00 446.52
135.50 697.01
136.00 698.75
136.50 668.66
137.00 732.94
137.50 726.75
138.00 802.25
138.50 707.09
139.00 870.84
139.50 811.94
140.00 835.82
140.50 711.30
141.00 718.93
141.50 746.89
142.00 721.58
142.50 723.80
143.00 713.41
143.50 696.19
144.00 748.43
144.50 780.12
145.00 805.87
145.50 714.27
146.00 708.59
146.50 741.29
147.00 713.11
147.50 747.48
148.00 0.00
148.50 1.07
149.00 0.00
149.50 363.65
150.00 687.02
150.50 756.33
151.00 742.85
151.50 780.42
152.00 723.09
152.50 821.15
153.00 841.34
153.50 840.48
154.00 850.46
154.50 874.40
155.00 607.31
155.50 790.93
156.00 752.64
156.50 745.96
157.00 803.03
157.50 713.08
158.00 804.34
158.50 739.74
159.00 701.40
159.50 678.94
160.00 690.21
160.50 704.51
161.00 695.73
161.50 892.09
162.00 695.91
162.50 724.64
163.00 727.35
163.50 587.91
164.00 877.63
164.50 830.00
165.00 850.95
165.50 830.23
166.00 819.09
166.50 824.06
167.00 819.32
167.50 823.85
168.00 845.74
168.50 831.27
169.00 844.88
169.50 860.76
170.00 0.00
170.50 732.35
171.00 698.96
171.50 451.16
172.00 383.67
172.50 731.97
173.00 225.03
173.50 591.21
174.00 772.13
174.50 685.90
175.00 747.32
175.50 741.82
176.00 765.52
176.50 739.52
177.00 695.48
177.50 900.00
178.00 697.01
178.50 838.37
179.00 766.73
179.50 833.55
180.00 669.97
180.50 726.66
181.00 690.94
181.50 694.62
182.00 693.70
182.50 684.97
183.00 715.28
183.50 881.02
184.00 718.78
184.50 705.75
185.00 697.30
185.50 786.48
186.00 766.45
186.50 725.60
187.00 786.81
187.50 717.86
188.00 765.84
188.50 716.24
189.00 813.90
189.50 664.03
190.00 759.94
190.50 761.71
191.00 722.26
191.50 705.01
192.00 800.38
192.50 707.84
193.00 764.94
193.50 728.40
194.00 723.07
194.50 744.75
195.00 782.13
195.50 735.98
196.00 681.45
196.50 726.15
197.00 788.24
197.50 731.34
198.00 666.30
198.50 732.52
199.00 728.91
199.50 744.44
200.00 733.00
200.50 768.62
201.00 704.89
201.50 705.24
202.00 745.51
202.50 779.41
203.00 679.18
203.50 707.92
204.00 689.35
204.50 651.51
205.00 771.03
205.50 708.64
206.00 713.41
206.50 726.35
207.00 823.87
207.50 703.63
208.00 775.99
208.50 881.46
209.00 770.96
209.50 694.17
210.00 857.29
210.50 846.20
211.00 795.73
211.50 795.86
212.00 812.27
212.50 868.82
213.00 825.25
213.50 828.35
214.00 820.20
214.50 804.72
215.00 707.09
215.50 708.53
216.00 709.98
216.50 687.94
217.00 746.80
217.50 720.18
218.00 757.25
218.50 828.42
219.00 861.04
219.50 880.37
220.00 739.98
220.50 778.84
221.00 704.58
221.50 792.34
222.00 740.16
222.50 719.49
223.00 767.92
223.50 763.34
224.00 756.55
224.50 742.86
225.00 792.05
225.50 728.30
226.00 715.48
226.50 745.90
227.00 768.24
227.50 686.30
228.00 677.10
228.50 685.24
229.00 667.39
229.50 686.66
230.00 216.28
230.50 493.34
231.00 813.13
231.50 772.93
232.00 752.18
232.50 809.44
233.00 818.20
233.50 829.34
234.00 343.70
234.50 404.31
235.00 766.63
235.50 743.20
236.00 731.59
236.50 789.73
237.00 711.26
237.50 677.75
238.00 827.58
238.50 775.76
239.00 816.15
239.50 834.90
240.00 762.01
240.50 748.07
241.00 751.96
241.50 751.73
242.00 755.42
242.50 745.46
243.00 737.92
243.50 753.41
244.00 757.67
244.50 742.07
245.00 713.39
245.50 887.64
246.00 836.25
246.50 818.68
247.00 807.21
247.50 862.31
248.00 810.24
248.50 873.46
249.00 851.28
249.50 380.69
250.00 716.41
250.50 752.88
251.00 743.45
251.50 693.69
252.00 726.42
252.50 772.59
253.00 741.02
253.50 762.13
254.00 732.86
254.50 684.23
255.00 715.53
255.50 800.94
256.00 713.20
256.50 728.54
257.00 742.14
257.50 712.02
258.00 731.86
258.50 662.43
259.00 701.30
259.50 778.61
260.00 695.04
260.50 758.06
261.00 753.23
261.50 691.00
262.00 684.39
262.50 801.80
263.00 718.09
263.50 739.72
264.00 850.80
264.50 668.68
265.00 754.14
265.50 613.95
266.00 788.17
266.50 747.96
267.00 723.86
267.50 582.13
268.00 900.00
268.50 658.13
269.00 715.01
269.50 717.07
270.00 773.50
270.50 686.60
271.00 697.13
271.50 813.57
272.00 376.98
272.50 404.05
273.00 690.71
273.50 679.25
274.00 806.43
274.50 853.69
275.00 837.48
275.50 824.07
276.00 883.43
276.50 750.20
277.00 727.49
277.50 698.04
278.00 720.86
278.50 708.56
279.00 774.53
279.50 746.54
280.00 738.60
280.50 723.17
281.00 751.60
281.50 737.50
282.00 697.57
282.50 708.48
283.00 751.96
283.50 675.12
284.00 762.60
284.50 716.01
285.00 751.03
285.50 732.86
286.00 762.65
286.50 737.31
287.00 756.53
287.50 719.67
288.00 819.12
288.50 775.98
289.00 785.51
289.50 733.29
290.00 859.64
290.50 857.86
291.00 839.54
291.50 688.17
292.00 693.25
292.50 700.88
293.00 870.09
293.50 715.03
294.00 701.37
294.50 762.97
295.00 696.78
295.50 881.88
296.00 841.21
296.50 749.94
297.00 730.62
297.50 810.92
298.00 465.58
298.50 724.56
299.00 818.30
299.50 710.70
