0.00 654.83
0.50 488.82
1.00 704.13
1.50 741.59
2.00 424.80
2.50 452.54
3.00 701.73
3.50 866.57
4.00 864.07
4.50 819.35
5.00 800.79
5.50 785.77
6.00 677.03
6.50 687.10
7.00 887.41
7.50 875.78
8.00 709.19
8.50 742.57
9.00 794.89
9.50 702.23
10.00 862.21
10.50 811.17
11.00 655.08
11.50 877.33
12.00 833.93
12.50 869.15
13.00 841.80
13.50 819.96
14.00 778.67
14.50 839.77
15.00 841.93
15.50 848.84
16.00 811.09
16.50 849.89
17.00 834.98
17.50 842.76
18.00 864.21
18.50 862.29
19.00 718.89
19.50 682.99
20.00 746.83
20.50 812.69
21.00 729.87
21.50 316.56
22.00 430.88
22.50 9.78
23.00 445.44
23.50 720.96
24.00 230.65
24.50 799.89
25.00 97.73
25.50 743.07
26.00 709.54
26.50 497.57
27.00 736.46
27.50 858.22
28.00 724.62
28.50 694.58
29.00 790.13
29.50 748.20
30.00 738.56
30.50 680.58
31.00 719.01
31.50 873.64
32.00 737.18
32.50 688.90
33.00 712.47
33.50 762.74
34.00 874.04
34.50 898.03
35.00 718.20
35.50 703.04
36.00 819.70
36.50 859.91
37.00 712.83
37.50 690.99
38.00 749.01
38.50 716.11
39.00 705.30
39.50 743.97
40.00 764.08
40.50 696.70
41.00 712.15
41.50 648.32
42.00 733.16
42.50 732.89
43.00 729.37
43.50 752.03
44.00 777.03
44.50 751.69
45.00 784.00
45.50 756.36
46.00 747.28
46.50 726.78
47.00 758.66
47.50 702.66
48.00 711.39
48.50 748.35
49.00 754.78
49.50 608.04
50.00 685.65
50.50 732.41
51.00 751.52
51.50 809.16
52.00 817.38
52.50 834.53
53.00 227.93
53.50 678.78
54.00 728.01
54.50 711.33
55.00 659.12
55.50 739.34
56.00 488.70
56.50 282.19
57.00 768.31
57.50 679.45
58.00 255.23
58.50 0.00
59.00 421.48
59.50 733.84
60.00 856.64
60.50 707.84
61.00 797.32
61.50 738.70
62.00 822.18
62.50 736.47
63.00 777.13
63.50 767.18
64.00 748.86
64.50 726.28
65.00 745.69
65.50 654.47
66.00 715.92
66.50 685.80
67.00 741.13
67.50 674.35
68.00 687.36
68.50 745.76
69.00 754.77
69.50 707.96
70.00 705.62
70.50 699.41
71.00 721.99
71.50 823.25
72.00 729.97
72.50 818.04
73.00 654.41
73.50 793.12
74.00 701.58
74.50 796.59
75.00 743.80
75.50 817.31
76.00 781.59
76.50 720.81
77.00 708.08
77.50 819.60
78.00 706.65
78.50 724.14
79.00 730.52
79.50 623.20
80.00 708.64
80.50 715.56
81.00 827.94
81.50 848.89
82.00 836.28
82.50 822.70
83.00 856.88
83.50 736.73
84.00 415.62
84.50 657.13
85.00 715.63
85.50 775.13
86.00 715.27
86.50 765.38
87.00 828.41
87.50 813.69
88.00 733.23
88.50 718.06
89.00 406.18
89.50 30.00
90.00 459.72
90.50 602.99
91.00 144.70
91.50 0.00
92.00 592.56
92.50 302.41
93.00 317.04
93.50 643.68
94.00 675.53
94.50 772.43
95.00 764.97
95.50 788.48
96.00 833.29
96.50 761.12
97.00 713.50
97.50 431.06
98.00 127.96
98.50 798.68
99.00 417.33
99.50 21.41
100.00 0.00
100.50 221.50
101.00 874.89
101.50 758.63
102.00 396.49
102.50 4.34
103.00 19.25
103.50 680.54
104.00 456.45
104.50 156.16
105.00 347.20
105.50 704.28
106.00 749.74
106.50 516.06
107.00 761.66
107.50 720.11
108.00 716.23
108.50 770.06
109.00 734.03
109.50 747.06
110.00 778.76
110.50 672.41
111.00 704.35
111.50 731.10
112.00 729.74
112.50 455.44
113.00 581.42
113.50 703.70
114.00 647.92
114.50 668.74
115.00 747.19
115.50 784.63
116.00 735.24
116.50 354.33
117.00 593.73
117.50 413.98
118.00 689.81
118.50 703.75
119.00 695.04
119.50 719.08
120.00 764.31
120.50 731.76
121.00 744.51
121.50 872.23
122.00 819.80
122.50 827.46
123.00 831.89
123.50 686.21
124.00 824.73
124.50 693.50
125.00 720.95
125.50 367.15
126.00 671.40
126.50 736.35
127.00 461.17
127.50 772.86
128.00 869.68
128.50 682.52
129.00 758.45
129.50 698.24
130.00 700.87
130.50 829.88
131.00 666.09
131.50 679.91
132.00 736.10
132.50 718.07
133.00 738.35
133.50 775.68
134.00 680.42
134.50 711.73
135.00 685.13
135.50 705.60
136.00 705.79
136.50 715.04
137.00 669.15
137.50 777.33
138.00 667.79
138.50 719.54
139.00 673.77
139.50 795.15
140.00 832.06
140.50 854.87
141.00 761.60
141.50 700.07
142.00 501.17
142.50 728.35
143.00 418.51
143.50 345.66
144.00 747.48
144.50 690.24
145.00 729.63
145.50 757.34
146.00 862.05
146.50 814.79
147.00 835.51
147.50 843.05
148.00 804.73
148.50 700.07
149.00 835.11
149.50 856.03
150.00 846.08
150.50 830.72
151.00 841.74
151.50 781.48
152.00 704.48
152.50 47.28
153.00 276.56
153.50 750.76
154.00 763.88
154.50 775.83
155.00 585.39
155.50 270.80
156.00 59.37
156.50 748.71
157.00 335.22
157.50 892.82
158.00 699.89
158.50 751.39
159.00 715.13
159.50 751.26
160.00 761.29
160.50 679.64
161.00 718.13
161.50 673.78
162.00 758.51
162.50 764.04
163.00 730.78
163.50 461.67
164.00 732.63
164.50 716.49
165.00 895.02
165.50 764.67
166.00 716.09
166.50 723.76
167.00 829.66
167.50 706.58
168.00 728.10
168.50 688.15
169.00 703.93
169.50 801.96
170.00 764.91
170.50 719.73
171.00 680.61
171.50 724.46
172.00 708.45
172.50 734.82
173.00 734.69
173.50 698.14
174.00 466.82
174.50 689.13
175.00 710.74
175.50 778.25
176.00 798.30
176.50 717.62
177.00 790.64
177.50 709.61
178.00 590.25
178.50 527.54
179.00 5.64
179.50 9.90
180.00 0.00
180.50 797.56
181.00 782.83
181.50 768.20
182.00 724.19
182.50 727.82
183.00 684.99
183.50 730.23
184.00 726.20
184.50 755.59
185.00 680.75
185.50 756.12
186.00 724.72
186.50 705.42
187.00 875.59
187.50 747.43
188.00 224.46
188.50 210.83
189.00 660.84
189.50 874.90
190.00 805.93
190.50 677.25
191.00 858.34
191.50 873.42
192.00 866.28
192.50 647.82
193.00 817.28
193.50 773.14
194.00 699.28
194.50 683.87
195.00 729.65
195.50 707.59
196.00 717.44
196.50 727.05
197.00 722.88
197.50 896.57
198.00 778.93
198.50 745.09
199.00 710.58
199.50 804.01
200.00 716.82
200.50 715.95
201.00 748.43
201.50 725.18
202.00 0.00
202.50 622.59
203.00 831.02
203.50 794.21
204.00 730.14
204.50 791.42
205.00 154.15
205.50 737.41
206.00 684.87
206.50 532.78
207.00 734.03
207.50 697.57
208.00 694.23
208.50 847.57
209.00 900.00
209.50 783.16
210.00 700.80
210.50 717.93
211.00 900.00
211.50 767.18
212.00 742.25
212.50 708.57
213.00 697.54
213.50 756.47
214.00 758.59
214.50 739.58
215.00 734.66
215.50 756.55
216.00 728.63
216.50 722.48
217.00 745.58
217.50 716.68
218.00 709.32
218.50 806.39
219.00 722.24
219.50 734.82
220.00 716.10
220.50 719.89
221.00 759.74
221.50 820.50
222.00 838.98
222.50 875.51
223.00 722.38
223.50 716.73
224.00 707.01
224.50 830.70
225.00 855.99
225.50 828.03
226.00 885.83
226.50 882.24
227.00 648.95
227.50 686.44
228.00 715.04
228.50 692.14
229.00 720.60
229.50 760.16
230.00 707.86
230.50 661.28
231.00 797.71
231.50 836.51
232.00 796.78
232.50 852.28
233.00 737.55
233.50 671.65
234.00 713.04
234.50 779.83
235.00 680.00
235.50 789.20
236.00 714.08
236.50 763.41
237.00 731.77
237.50 748.39
238.00 727.41
238.50 756.58
239.00 675.13
239.50 674.19
240.00 709.82
240.50 783.26
241.00 715.59
241.50 722.48
242.00 799.85
242.50 716.20
243.00 680.21
243.50 764.53
244.00 762.36
244.50 591.33
245.00 772.92
245.50 760.32
246.00 749.09
246.50 502.35
247.00 704.72
247.50 549.27
248.00 585.16
248.50 713.73
249.00 708.69
249.50 718.74
250.00 787.88
250.50 734.47
251.00 705.71
251.50 750.72
252.00 667.13
252.50 705.44
253.00 751.19
253.50 401.50
254.00 754.82
254.50 709.36
255.00 807.82
255.50 796.29
256.00 695.23
256.50 746.97
257.00 714.16
257.50 720.58
258.00 757.67
258.50 693.34
259.00 683.36
259.50 867.78
260.00 737.55
260.50 686.52
261.00 730.86
261.50 729.09
262.00 776.77
262.50 731.97
263.00 669.95
263.50 824.07
264.00 773.71
264.50 713.01
265.00 729.76
265.50 654.33
266.00 708.86
266.50 690.95
267.00 716.04
267.50 746.18
268.00 528.83
268.50 767.99
269.00 741.75
269.50 874.89
270.00 808.33
270.50 842.50
271.00 855.47
271.50 846.40
272.00 757.92
272.50 509.01
273.00 740.36
273.50 741.48
274.00 743.23
274.50 823.66
275.00 825.61
275.50 721.46
276.00 701.83
276.50 850.31
277.00 785.03
277.50 754.57
278.00 871.72
278.50 877.51
279.00 738.38
279.50 809.57
280.00 743.14
280.50 678.91
281.00 774.26
281.50 778.70
282.00 727.59
282.50 725.11
283.00 775.25
283.50 701.98
284.00 681.27
284.50 701.03
285.00 672.76
285.50 718.86
286.00 736.83
286.50 850.73
287.00 722.23
287.50 740.08
288.00 698.01
288.50 771.03
289.00 707.56
289.50 337.58
290.00 588.72
290.50 771.31
291.00 840.93
291.50 751.88
292.00 759.32
292.50 755.42
293.00 786.96
293.50 714.49
294.00 690.80
294.50 808.40
295.00 726.52
295.50 742.29
296.00 836.51
296.50 685.07
297.00 719.93
297.50 722.78
298.00 664.41
298.50 780.66
299.00 737.87
299.50 706.09
