0.00 689.51
0.50 752.75
1.00 704.91
1.50 760.64
2.00 707.62
2.50 733.38
3.00 808.67
3.50 735.51
4.00 717.09
4.50 640.88
5.00 779.86
5.50 714.03
6.00 681.74
6.50 748.13
7.00 727.97
7.50 729.25
8.00 725.26
8.50 715.18
9.00 724.24
9.50 761.85
10.00 735.22
10.50 767.45
11.00 674.76
11.50 284.82
12.00 543.41
12.50 762.30
13.00 690.25
13.50 720.79
14.00 765.95
14.50 821.58
15.00 839.42
15.50 713.85
16.00 765.55
16.50 765.48
17.00 777.21
17.50 766.15
18.00 762.64
18.50 720.20
19.00 762.92
19.50 749.93
20.00 710.36
20.50 707.46
21.00 737.38
21.50 721.01
22.00 745.91
22.50 711.74
23.00 804.52
23.50 759.19
24.00 819.81
24.50 837.93
25.00 847.35
25.50 861.95
26.00 837.03
26.50 813.47
27.00 857.44
27.50 866.17
28.00 871.82
28.50 703.60
29.00 711.74
29.50 787.62
30.00 733.57
30.50 686.43
31.00 729.61
31.50 713.94
32.00 684.22
32.50 630.90
33.00 755.00
33.50 718.48
34.00 768.70
34.50 766.83
35.00 757.86
35.50 0.00
36.00 735.41
36.50 718.47
37.00 759.39
37.50 749.85
38.00 704.19
38.50 715.27
39.00 749.09
39.50 708.61
40.00 783.86
40.50 725.20
41.00 745.31
41.50 686.73
42.00 731.18
42.50 692.14
43.00 684.16
43.50 671.94
44.00 0.00
44.50 11.54
45.00 737.09
45.50 700.02
46.00 800.64
46.50 668.47
47.00 776.10
47.50 760.76
48.00 733.34
48.50 850.43
49.00 692.60
49.50 715.11
50.00 714.68
50.50 765.64
51.00 738.30
51.50 739.95
52.00 742.15
52.50 789.35
53.00 811.33
53.50 651.58
54.00 747.55
54.50 794.54
55.00 707.15
55.50 740.13
56.00 698.61
56.50 821.33
57.00 753.04
57.50 847.99
58.00 807.21
58.50 827.36
59.00 860.65
59.50 827.55
60.00 726.02
60.50 705.98
61.00 752.94
61.50 773.86
62.00 757.98
62.50 290.47
63.00 146.06
63.50 651.10
64.00 734.43
64.50 684.66
65.00 698.32
65.50 719.93
66.00 741.01
66.50 606.78
67.00 391.89
67.50 370.77
68.00 687.26
68.50 698.21
69.00 724.35
69.50 783.30
70.00 722.81
70.50 772.16
71.00 719.57
71.50 698.02
72.00 790.10
72.50 746.82
73.00 711.02
73.50 834.18
74.00 673.40
74.50 806.11
75.00 819.91
75.50 833.77
76.00 717.69
76.50 696.07
77.00 690.22
77.50 301.30
78.00 639.57
78.50 7.79
79.00 199.77
79.50 560.47
80.00 781.74
80.50 720.28
81.00 732.80
81.50 862.65
82.00 702.24
82.50 767.16
83.00 789.60
83.50 732.05
84.00 509.88
84.50 660.51
85.00 744.02
85.50 795.92
86.00 861.43
86.50 725.42
87.00 707.35
87.50 489.37
88.00 629.76
88.50 900.00
89.00 202.48
89.50 753.87
90.00 729.43
90.50 711.41
91.00 797.83
91.50 433.79
92.00 123.83
92.50 697.95
93.00 727.72
93.50 692.10
94.00 735.47
94.50 699.37
95.00 711.98
95.50 714.40
96.00 685.50
96.50 660.27
97.00 689.02
97.50 900.00
98.00 749.90
98.50 704.61
99.00 742.38
99.50 758.26
100.00 755.00
100.50 739.19
101.00 735.70
101.50 785.25
102.00 743.13
102.50 709.13
103.00 725.19
103.50 780.60
104.00 734.70
104.50 749.52
105.00 704.79
105.50 741.88
106.00 718.56
106.50 674.63
107.00 714.05
107.50 713.37
108.00 876.33
108.50 714.19
109.00 685.33
109.50 576.44
110.00 201.58
110.50 394.10
111.00 850.44
111.50 716.84
112.00 692.69
112.50 723.40
113.00 684.83
113.50 697.16
114.00 729.28
114.50 728.51
115.00 756.66
115.50 824.90
116.00 753.69
116.50 710.55
117.00 636.56
117.50 720.45
118.00 718.73
118.50 793.77
119.00 767.85
119.50 722.96
120.00 732.34
120.50 738.28
121.00 704.81
121.50 722.38
122.00 717.42
122.50 748.17
123.00 757.03
123.50 732.49
124.00 713.62
124.50 721.91
125.00 693.38
125.50 726.77
126.00 766.72
126.50 688.11
127.00 593.17
127.50 722.99
128.00 673.07
128.50 857.59
129.00 898.96
129.50 900.00
130.00 683.82
130.50 667.01
131.00 744.81
131.50 724.45
132.00 694.63
132.50 795.97
133.00 778.55
133.50 818.31
134.00 812.18
134.50 827.26
135.00 781.82
135.50 656.29
136.00 785.57
136.50 745.28
137.00 704.96
137.50 530.17
138.00 24.55
138.50 7.47
139.00 734.90
139.50 667.93
140.00 730.68
140.50 756.83
141.00 742.14
141.50 731.75
142.00 705.89
142.50 771.02
143.00 725.18
143.50 732.81
144.00 730.03
144.50 733.64
145.00 744.30
145.50 661.76
146.00 757.89
146.50 714.19
147.00 679.37
147.50 692.14
148.00 697.19
148.50 722.70
149.00 810.22
149.50 686.89
150.00 756.79
150.50 788.47
151.00 878.51
151.50 732.73
152.00 791.73
152.50 844.94
153.00 673.86
153.50 796.70
154.00 422.51
154.50 138.06
155.00 65.78
155.50 780.50
156.00 699.80
156.50 737.65
157.00 832.95
157.50 206.04
158.00 853.46
158.50 858.06
159.00 863.91
159.50 733.55
160.00 743.93
160.50 706.48
161.00 772.70
161.50 809.21
162.00 749.15
162.50 666.56
163.00 740.48
163.50 749.53
164.00 692.62
164.50 700.79
165.00 723.99
165.50 704.62
166.00 787.66
166.50 671.41
167.00 3.91
167.50 0.00
168.00 769.67
168.50 708.86
169.00 727.02
169.50 762.91
170.00 677.56
170.50 747.93
171.00 718.41
171.50 733.51
172.00 690.06
172.50 784.40
173.00 708.20
173.50 712.04
174.00 783.58
174.50 737.38
175.00 746.56
175.50 706.89
176.00 724.00
176.50 640.70
177.00 871.39
177.50 789.76
178.00 743.65
178.50 749.22
179.00 738.76
179.50 769.08
180.00 804.31
180.50 654.12
181.00 702.33
181.50 705.20
182.00 743.63
182.50 735.49
183.00 742.49
183.50 695.37
184.00 700.55
184.50 767.86
185.00 708.61
185.50 735.55
186.00 731.63
186.50 707.50
187.00 753.15
187.50 753.97
188.00 738.75
188.50 706.22
189.00 694.96
189.50 755.48
190.00 682.75
190.50 791.02
191.00 726.31
191.50 742.73
192.00 859.20
192.50 806.80
193.00 721.67
193.50 807.86
194.00 747.42
194.50 810.98
195.00 516.16
195.50 254.82
196.00 459.87
196.50 665.78
197.00 790.65
197.50 708.15
198.00 708.37
198.50 722.23
199.00 760.82
199.50 667.24
200.00 766.97
200.50 836.60
201.00 727.53
201.50 400.31
202.00 699.67
202.50 756.74
203.00 706.95
203.50 456.56
204.00 729.68
204.50 787.81
205.00 865.66
205.50 701.62
206.00 707.35
206.50 900.00
207.00 673.55
207.50 695.86
208.00 748.33
208.50 646.91
209.00 712.86
209.50 696.19
210.00 687.69
210.50 738.03
211.00 900.00
211.50 721.09
212.00 822.35
212.50 695.86
213.00 706.07
213.50 603.20
214.00 749.58
214.50 757.43
215.00 731.04
215.50 748.21
216.00 734.13
216.50 742.67
217.00 749.07
217.50 721.58
218.00 694.52
218.50 690.23
219.00 734.37
219.50 612.26
220.00 900.00
220.50 699.22
221.00 848.93
221.50 834.21
222.00 879.27
222.50 811.10
223.00 788.23
223.50 704.94
224.00 738.64
224.50 689.97
225.00 705.45
225.50 359.68
226.00 587.54
226.50 689.84
227.00 692.22
227.50 753.12
228.00 779.60
228.50 715.98
229.00 730.72
229.50 725.15
230.00 704.46
230.50 775.18
231.00 746.08
231.50 634.45
232.00 777.69
232.50 733.03
233.00 766.17
233.50 734.99
234.00 792.49
234.50 745.52
235.00 732.84
235.50 679.18
236.00 703.85
236.50 729.81
237.00 737.42
237.50 714.13
238.00 717.09
238.50 707.70
239.00 712.07
239.50 804.37
240.00 762.17
240.50 752.67
241.00 709.70
241.50 697.48
242.00 725.62
242.50 714.72
243.00 733.68
243.50 813.24
244.00 683.73
244.50 684.65
245.00 708.10
245.50 454.79
246.00 745.55
246.50 780.81
247.00 727.63
247.50 0.00
248.00 0.00
248.50 11.46
249.00 17.02
249.50 3.49
250.00 75.11
250.50 690.87
251.00 801.47
251.50 715.60
252.00 685.28
252.50 692.36
253.00 770.64
253.50 750.70
254.00 668.86
254.50 789.58
255.00 731.75
255.50 755.31
256.00 700.58
256.50 748.25
257.00 776.29
257.50 733.57
258.00 420.36
258.50 703.21
259.00 842.83
259.50 851.64
260.00 759.70
260.50 718.24
261.00 692.28
261.50 406.42
262.00 714.91
262.50 686.26
263.00 737.81
263.50 10.77
264.00 511.61
264.50 649.54
265.00 520.50
265.50 527.81
266.00 698.68
266.50 825.92
267.00 796.48
267.50 711.61
268.00 716.49
268.50 744.49
269.00 729.23
269.50 794.67
270.00 781.17
270.50 687.17
271.00 716.75
271.50 735.62
272.00 331.79
272.50 395.43
273.00 159.86
273.50 900.00
274.00 794.49
274.50 745.84
275.00 779.69
275.50 830.18
276.00 705.26
276.50 714.27
277.00 470.85
277.50 743.91
278.00 717.34
278.50 717.03
279.00 797.27
279.50 712.34
280.00 716.61
280.50 868.36
281.00 861.97
281.50 759.38
282.00 756.39
282.50 704.22
283.00 815.47
283.50 680.77
284.00 692.38
284.50 900.00
285.00 776.48
285.50 793.49
286.00 780.53
286.50 593.92
287.00 718.61
287.50 701.90
288.00 794.72
288.50 689.61
289.00 748.69
289.50 396.17
290.00 684.05
290.50 784.14
291.00 733.77
291.50 900.00
292.00 804.08
292.50 686.21
293.00 687.26
293.50 656.90
294.00 664.90
294.50 752.78
295.00 811.02
295.50 746.06
296.00 675.13
296.50 380.67
297.00 787.04
297.50 760.37
298.00 833.66
298.50 842.85
299.00 834.51
299.50 686.25
