0.00 722.91
0.50 773.61
1.00 731.77
1.50 723.84
2.00 752.00
2.50 721.91
3.00 761.15
3.50 744.44
4.00 745.06
4.50 778.38
5.00 704.78
5.50 789.00
6.00 861.79
6.50 833.84
7.00 843.83
7.50 869.81
8.00 865.67
8.50 850.26
9.00 765.77
9.50 270.97
10.00 680.66
10.50 802.97
11.00 731.22
11.50 739.02
12.00 842.53
12.50 275.13
13.00 780.10
13.50 605.32
14.00 721.16
14.50 711.76
15.00 849.57
15.50 829.05
16.00 834.13
16.50 706.64
17.00 746.75
17.50 771.89
18.00 746.26
18.50 853.01
19.00 840.72
19.50 732.45
20.00 758.10
20.50 720.97
21.00 682.69
21.50 697.70
22.00 733.21
22.50 807.70
23.00 427.56
23.50 726.72
24.00 710.77
24.50 843.67
25.00 607.64
25.50 875.22
26.00 781.27
26.50 872.27
27.00 776.85
27.50 691.47
28.00 564.54
28.50 742.92
29.00 744.24
29.50 793.47
30.00 745.84
30.50 716.51
31.00 700.96
31.50 746.14
32.00 723.04
32.50 688.03
33.00 795.60
33.50 737.37
34.00 725.30
34.50 666.37
35.00 717.15
35.50 859.71
36.00 842.20
36.50 641.32
37.00 647.52
37.50 677.38
38.00 672.58
38.50 701.34
39.00 826.28
39.50 724.15
40.00 709.88
40.50 124.96
41.00 881.01
41.50 732.43
42.00 744.98
42.50 726.72
43.00 780.29
43.50 817.44
44.00 856.59
44.50 703.33
45.00 820.70
45.50 724.15
46.00 0.00
46.50 725.10
47.00 755.74
47.50 777.61
48.00 751.97
48.50 712.51
49.00 748.39
49.50 729.07
50.00 785.22
50.50 723.10
51.00 734.96
51.50 775.91
52.00 726.81
52.50 738.30
53.00 750.83
53.50 763.82
54.00 743.36
54.50 792.35
55.00 785.45
55.50 748.93
56.00 700.38
56.50 727.79
57.00 830.56
57.50 736.97
58.00 696.62
58.50 788.18
59.00 792.37
59.50 711.00
60.00 773.67
60.50 900.00
61.00 718.67
61.50 684.61
62.00 724.38
62.50 759.29
63.00 721.34
63.50 714.69
64.00 749.41
64.50 729.42
65.00 857.99
65.50 705.07
66.00 737.39
66.50 671.77
67.00 684.79
67.50 730.86
68.00 688.75
68.50 779.25
69.00 673.10
69.50 676.45
70.00 689.76
70.50 723.64
71.00 721.29
71.50 726.24
72.00 763.42
72.50 765.93
73.00 776.84
73.50 704.38
74.00 738.37
74.50 709.24
75.00 739.47
75.50 747.14
76.00 710.53
76.50 715.50
77.00 716.22
77.50 721.50
78.00 747.28
78.50 761.09
79.00 747.40
79.50 805.78
80.00 875.90
80.50 698.27
81.00 758.74
81.50 723.94
82.00 730.64
82.50 764.15
83.00 679.83
83.50 827.43
84.00 837.85
84.50 690.20
85.00 726.58
85.50 657.36
86.00 708.34
86.50 748.34
87.00 746.64
87.50 713.69
88.00 740.14
88.50 770.53
89.00 796.78
89.50 722.32
90.00 749.45
90.50 731.51
91.00 819.69
91.50 729.06
92.00 695.04
92.50 560.20
93.00 361.19
93.50 703.52
94.00 742.12
94.50 779.28
95.00 709.66
95.50 700.87
96.00 736.25
96.50 713.03
97.00 724.08
97.50 759.24
98.00 719.67
98.50 705.29
99.00 734.82
99.50 647.62
100.00 710.01
100.50 754.58
101.00 737.18
101.50 766.89
102.00 755.87
102.50 800.33
103.00 766.98
103.50 696.31
104.00 766.48
104.50 750.98
105.00 850.92
105.50 878.12
106.00 846.01
106.50 709.45
107.00 834.22
107.50 235.23
108.00 764.84
108.50 735.98
109.00 733.31
109.50 693.80
110.00 716.93
110.50 697.03
111.00 688.69
111.50 359.10
112.00 528.21
112.50 302.11
113.00 752.42
113.50 699.28
114.00 570.41
114.50 731.68
115.00 749.73
115.50 730.55
116.00 524.35
116.50 389.17
117.00 166.58
117.50 788.05
118.00 696.80
118.50 730.91
119.00 729.34
119.50 726.53
120.00 729.79
120.50 787.55
121.00 713.09
121.50 706.41
122.00 743.66
122.50 722.29
123.00 825.58
123.50 843.81
124.00 830.19
124.50 704.17
125.00 689.12
125.50 795.38
126.00 785.11
126.50 792.67
127.00 790.68
127.50 660.21
128.00 748.99
128.50 728.29
129.00 714.34
129.50 795.01
130.00 704.91
130.50 788.01
131.00 729.96
131.50 783.48
132.00 700.02
132.50 752.02
133.00 680.56
133.50 686.00
134.00 741.42
134.50 713.78
135.00 768.13
135.50 686.88
136.00 725.59
136.50 693.71
137.00 725.07
137.50 743.14
138.00 763.18
138.50 744.83
139.00 760.15
139.50 725.94
140.00 742.46
140.50 682.30
141.00 749.74
141.50 747.80
142.00 892.67
142.50 727.17
143.00 756.71
143.50 900.00
144.00 808.12
144.50 900.00
145.00 697.47
145.50 501.77
146.00 708.77
146.50 787.15
147.00 796.08
147.50 847.64
148.00 656.26
148.50 749.78
149.00 665.78
149.50 768.33
150.00 695.20
150.50 691.40
151.00 860.79
151.50 396.93
152.00 661.85
152.50 801.81
153.00 773.45
153.50 668.65
154.00 720.80
154.50 663.52
155.00 729.11
155.50 891.69
156.00 866.99
156.50 745.62
157.00 770.97
157.50 843.75
158.00 704.84
158.50 698.98
159.00 758.15
159.50 662.51
160.00 752.09
160.50 739.91
161.00 748.49
161.50 665.57
162.00 429.92
162.50 741.31
163.00 765.01
163.50 752.69
164.00 770.34
164.50 772.79
165.00 678.33
165.50 386.00
166.00 738.79
166.50 704.72
167.00 666.83
167.50 747.91
168.00 773.50
168.50 719.09
169.00 722.83
169.50 677.19
170.00 744.70
170.50 760.28
171.00 733.87
171.50 769.09
172.00 682.92
172.50 736.62
173.00 767.89
173.50 731.69
174.00 785.28
174.50 674.99
175.00 761.45
175.50 721.63
176.00 261.85
176.50 715.47
177.00 709.21
177.50 752.11
178.00 849.55
178.50 837.76
179.00 876.27
179.50 849.48
180.00 822.62
180.50 851.86
181.00 696.05
181.50 745.69
182.00 725.19
182.50 843.21
183.00 698.83
183.50 842.20
184.00 719.46
184.50 710.94
185.00 784.62
185.50 760.33
186.00 492.88
186.50 702.24
187.00 0.60
187.50 0.00
188.00 157.12
188.50 487.85
189.00 653.12
189.50 709.51
190.00 750.17
190.50 815.48
191.00 671.59
191.50 733.35
192.00 676.01
192.50 337.75
193.00 570.63
193.50 690.47
194.00 805.10
194.50 696.82
195.00 880.31
195.50 677.49
196.00 715.51
196.50 721.57
197.00 732.97
197.50 849.17
198.00 777.17
198.50 757.02
199.00 799.67
199.50 713.67
200.00 658.50
200.50 718.45
201.00 176.82
201.50 380.31
202.00 810.37
202.50 812.31
203.00 774.85
203.50 745.81
204.00 841.96
204.50 712.09
205.00 758.26
205.50 710.11
206.00 704.52
206.50 720.90
207.00 722.09
207.50 750.06
208.00 738.09
208.50 709.99
209.00 738.56
209.50 3.00
210.00 8.27
210.50 88.80
211.00 841.27
211.50 758.63
212.00 847.74
212.50 706.64
213.00 740.18
213.50 776.10
214.00 798.19
214.50 680.00
215.00 762.78
215.50 766.20
216.00 716.15
216.50 719.67
217.00 735.73
217.50 769.79
218.00 750.06
218.50 745.10
219.00 725.66
219.50 766.37
220.00 733.17
220.50 834.67
221.00 818.48
221.50 766.52
222.00 825.61
222.50 673.16
223.00 668.95
223.50 700.11
224.00 774.58
224.50 699.79
225.00 840.72
225.50 809.09
226.00 760.23
226.50 681.04
227.00 673.09
227.50 651.10
228.00 833.03
228.50 683.60
229.00 709.84
229.50 299.54
230.00 719.89
230.50 712.22
231.00 759.32
231.50 708.22
232.00 805.50
232.50 799.28
233.00 745.21
233.50 717.98
234.00 716.32
234.50 774.89
235.00 877.09
235.50 712.70
236.00 732.36
236.50 837.25
237.00 688.54
237.50 718.29
238.00 730.15
238.50 706.97
239.00 738.96
239.50 768.61
240.00 676.13
240.50 730.49
241.00 773.15
241.50 648.21
242.00 753.80
242.50 567.48
243.00 865.92
243.50 840.87
244.00 691.95
244.50 693.19
245.00 681.25
245.50 729.65
246.00 688.09
246.50 352.86
247.00 753.87
247.50 866.75
248.00 715.75
248.50 694.96
249.00 755.68
249.50 690.79
250.00 870.71
250.50 793.13
251.00 875.23
251.50 718.49
252.00 727.05
252.50 847.23
253.00 789.64
253.50 758.20
254.00 861.09
254.50 834.26
255.00 736.39
255.50 774.00
256.00 744.21
256.50 710.85
257.00 678.48
257.50 713.09
258.00 737.39
258.50 697.88
259.00 744.61
259.50 738.08
260.00 720.89
260.50 738.13
261.00 719.01
261.50 816.09
262.00 685.08
262.50 774.86
263.00 849.69
263.50 783.60
264.00 690.21
264.50 813.44
265.00 680.00
265.50 762.49
266.00 707.65
266.50 755.80
267.00 796.34
267.50 812.03
268.00 731.59
268.50 720.16
269.00 742.16
269.50 682.44
270.00 732.36
270.50 735.62
271.00 755.71
271.50 750.98
272.00 754.30
272.50 726.76
273.00 697.19
273.50 756.28
274.00 733.55
274.50 717.46
275.00 696.21
275.50 774.67
276.00 701.73
276.50 723.04
277.00 765.43
277.50 810.15
278.00 726.98
278.50 762.78
279.00 744.25
279.50 728.42
280.00 716.48
280.50 699.84
281.00 723.07
281.50 683.53
282.00 760.76
282.50 721.33
283.00 698.53
283.50 721.04
284.00 692.44
284.50 724.56
285.00 802.98
285.50 706.26
286.00 681.37
286.50 737.66
287.00 695.31
287.50 808.51
288.00 731.32
288.50 655.59
289.00 709.12
289.50 737.99
290.00 791.73
290.50 789.09
291.00 763.27
291.50 761.13
292.00 854.44
292.50 879.69
293.00 679.75
293.50 774.40
294.00 799.78
294.50 656.52
295.00 760.75
295.50 743.51
296.00 760.22
296.50 745.22
297.00 801.56
297.50 839.71
298.00 312.82
298.50 720.81
299.00 418.80
299.50 777.11
