0.00 755.52
0.50 734.22
1.00 781.46
1.50 675.28
2.00 699.61
2.50 699.08
3.00 749.82
3.50 751.95
4.00 754.78
4.50 723.11
5.00 778.85
5.50 749.21
6.00 717.05
6.50 739.85
7.00 750.82
7.50 715.17
8.00 732.70
8.50 776.98
9.00 719.98
9.50 695.74
10.00 711.00
10.50 711.57
11.00 745.49
11.50 737.73
12.00 730.37
12.50 695.49
13.00 761.63
13.50 739.96
14.00 733.71
14.50 729.10
15.00 728.90
15.50 761.90
16.00 722.45
16.50 744.71
17.00 756.88
17.50 770.50
18.00 805.99
18.50 744.95
19.00 733.03
19.50 733.60
20.00 701.49
20.50 729.64
21.00 745.38
21.50 695.21
22.00 764.45
22.50 695.19
23.00 767.52
23.50 539.80
24.00 720.91
24.50 725.58
25.00 405.95
25.50 426.76
26.00 681.99
26.50 694.13
27.00 832.15
27.50 844.21
28.00 843.62
28.50 833.24
29.00 829.64
29.50 856.00
30.00 838.27
30.50 861.85
31.00 710.28
31.50 714.39
32.00 726.24
32.50 761.56
33.00 837.42
33.50 784.93
34.00 695.92
34.50 697.95
35.00 726.52
35.50 796.28
36.00 706.86
36.50 713.13
37.00 732.23
37.50 723.93
38.00 734.52
38.50 657.95
39.00 682.69
39.50 772.84
40.00 669.26
40.50 711.97
41.00 731.97
41.50 717.75
42.00 725.50
42.50 747.60
43.00 729.47
43.50 712.75
44.00 747.65
44.50 740.87
45.00 772.65
45.50 802.51
46.00 679.17
46.50 746.28
47.00 729.14
47.50 753.77
48.00 775.97
48.50 761.04
49.00 697.48
49.50 692.48
50.00 698.53
50.50 711.02
51.00 694.30
51.50 722.80
52.00 854.11
52.50 809.10
53.00 831.54
53.50 722.41
54.00 706.14
54.50 871.66
55.00 718.59
55.50 760.10
56.00 658.51
56.50 755.46
57.00 671.15
57.50 689.27
58.00 700.43
58.50 790.14
59.00 708.66
59.50 678.22
60.00 716.39
60.50 729.36
61.00 662.75
61.50 765.67
62.00 233.67
62.50 617.27
63.00 5.24
63.50 0.00
64.00 0.00
64.50 0.73
65.00 0.00
65.50 98.88
66.00 338.51
66.50 727.08
67.00 722.22
67.50 430.61
68.00 794.90
68.50 761.83
69.00 758.56
69.50 728.60
70.00 737.98
70.50 694.05
71.00 834.78
71.50 759.58
72.00 824.16
72.50 795.36
73.00 724.30
73.50 726.28
74.00 716.01
74.50 786.52
75.00 725.22
75.50 709.74
76.00 747.84
76.50 783.98
77.00 750.24
77.50 726.19
78.00 677.76
78.50 744.73
79.00 749.37
79.50 733.18
80.00 653.87
80.50 724.05
81.00 818.01
81.50 734.26
82.00 809.73
82.50 833.06
83.00 873.35
83.50 845.61
84.00 757.82
84.50 741.36
85.00 720.47
85.50 483.44
86.00 0.00
86.50 732.31
87.00 696.11
87.50 900.00
88.00 706.77
88.50 725.77
89.00 887.26
89.50 770.03
90.00 787.30
90.50 713.78
91.00 786.01
91.50 744.86
92.00 245.02
92.50 778.02
93.00 773.14
93.50 753.43
94.00 716.18
94.50 729.71
95.00 765.44
95.50 735.22
96.00 696.75
96.50 705.27
97.00 802.59
97.50 728.41
98.00 725.07
98.50 691.27
99.00 718.84
99.50 782.66
100.00 729.53
100.50 837.64
101.00 817.93
101.50 743.33
102.00 695.06
102.50 846.28
103.00 884.11
103.50 859.78
104.00 848.15
104.50 852.61
105.00 741.50
105.50 740.12
106.00 751.98
106.50 743.03
107.00 802.91
107.50 754.42
108.00 711.00
108.50 753.72
109.00 751.32
109.50 708.76
110.00 688.77
110.50 707.91
111.00 703.66
111.50 834.85
112.00 758.46
112.50 728.52
113.00 749.48
113.50 707.00
114.00 698.04
114.50 727.18
115.00 701.94
115.50 862.70
116.00 695.64
116.50 710.98
117.00 701.90
117.50 721.43
118.00 702.64
118.50 876.21
119.00 778.57
119.50 825.05
120.00 863.97
120.50 815.50
121.00 837.24
121.50 883.94
122.00 867.61
122.50 856.49
123.00 809.08
123.50 858.23
124.00 862.75
124.50 819.51
125.00 892.59
125.50 811.16
126.00 809.81
126.50 865.05
127.00 869.07
127.50 714.27
128.00 759.65
128.50 714.78
129.00 702.19
129.50 773.00
130.00 792.77
130.50 748.94
131.00 687.84
131.50 351.06
132.00 67.07
132.50 746.64
133.00 738.25
133.50 99.60
134.00 296.26
134.50 544.81
135.00 15.69
135.50 496.93
136.00 523.92
136.50 14.61
137.00 765.90
137.50 447.74
138.00 671.76
138.50 861.04
139.00 842.19
139.50 844.85
140.00 855.55
140.50 834.48
141.00 825.01
141.50 880.44
142.00 867.27
142.50 796.67
143.00 809.57
143.50 718.54
144.00 790.12
144.50 762.46
145.00 887.19
145.50 778.77
146.00 746.41
146.50 788.57
147.00 734.40
147.50 762.71
148.00 674.80
148.50 799.46
149.00 827.29
149.50 759.78
150.00 719.85
150.50 717.73
151.00 701.67
151.50 698.55
152.00 730.17
152.50 744.26
153.00 705.72
153.50 732.87
154.00 745.88
154.50 715.45
155.00 509.65
155.50 446.59
156.00 723.74
156.50 673.06
157.00 697.66
157.50 516.60
158.00 728.69
158.50 707.95
159.00 724.64
159.50 693.91
160.00 696.88
160.50 757.57
161.00 800.76
161.50 755.68
162.00 712.66
162.50 745.21
163.00 756.96
163.50 744.95
164.00 742.19
164.50 712.74
165.00 764.19
165.50 764.07
166.00 731.85
166.50 772.20
167.00 741.91
167.50 753.57
168.00 752.26
168.50 702.80
169.00 702.80
169.50 736.39
170.00 738.21
170.50 14.36
171.00 775.95
171.50 849.83
172.00 822.48
172.50 742.95
173.00 857.05
173.50 701.88
174.00 693.00
174.50 755.46
175.00 748.52
175.50 725.26
176.00 781.87
176.50 732.91
177.00 721.75
177.50 756.90
178.00 749.22
178.50 689.29
179.00 748.98
179.50 706.33
180.00 670.11
180.50 729.08
181.00 741.35
181.50 787.58
182.00 709.70
182.50 707.89
183.00 747.43
183.50 775.99
184.00 689.25
184.50 514.36
185.00 772.60
185.50 685.86
186.00 678.56
186.50 807.55
187.00 900.00
187.50 719.96
188.00 732.33
188.50 845.03
189.00 678.69
189.50 284.35
190.00 813.35
190.50 699.70
191.00 683.11
191.50 705.76
192.00 413.94
192.50 717.52
193.00 819.28
193.50 829.29
194.00 727.87
194.50 415.46
195.00 299.71
195.50 0.00
196.00 796.83
196.50 830.15
197.00 761.87
197.50 826.64
198.00 481.59
198.50 741.12
199.00 750.03
199.50 746.55
200.00 775.82
200.50 701.10
201.00 757.86
201.50 724.39
202.00 753.66
202.50 749.01
203.00 688.60
203.50 730.05
204.00 780.08
204.50 762.68
205.00 672.00
205.50 779.47
206.00 774.29
206.50 143.41
207.00 277.74
207.50 13.21
208.00 394.60
208.50 737.57
209.00 790.47
209.50 731.44
210.00 756.73
210.50 720.49
211.00 841.07
211.50 857.78
212.00 844.31
212.50 852.31
213.00 779.04
213.50 821.20
214.00 855.17
214.50 819.20
215.00 703.11
215.50 753.82
216.00 737.61
216.50 735.51
217.00 799.26
217.50 806.26
218.00 694.02
218.50 718.52
219.00 728.57
219.50 698.89
220.00 698.38
220.50 720.16
221.00 809.19
221.50 657.90
222.00 776.67
222.50 706.46
223.00 694.37
223.50 685.15
224.00 643.10
224.50 687.79
225.00 754.58
225.50 899.63
226.00 823.38
226.50 856.02
227.00 848.42
227.50 180.41
228.00 301.87
228.50 693.80
229.00 696.81
229.50 718.43
230.00 741.88
230.50 703.71
231.00 756.31
231.50 785.09
232.00 41.08
232.50 44.03
233.00 756.59
233.50 739.66
234.00 686.28
234.50 729.32
235.00 823.74
235.50 713.49
236.00 754.10
236.50 778.83
237.00 767.94
237.50 713.43
238.00 747.96
238.50 709.89
239.00 677.09
239.50 733.59
240.00 730.70
240.50 701.66
241.00 750.85
241.50 692.11
242.00 376.23
242.50 836.88
243.00 558.36
243.50 9.63
244.00 1.38
244.50 3.13
245.00 694.45
245.50 726.72
246.00 760.93
246.50 732.82
247.00 698.72
247.50 767.76
248.00 737.96
248.50 719.92
249.00 726.91
249.50 775.56
250.00 749.70
250.50 764.04
251.00 706.54
251.50 742.31
252.00 750.56
252.50 734.00
253.00 745.89
253.50 720.95
254.00 671.31
254.50 761.59
255.00 769.19
255.50 715.11
256.00 705.09
256.50 758.37
257.00 762.17
257.50 737.33
258.00 730.06
258.50 706.78
259.00 737.85
259.50 715.36
260.00 737.99
260.50 739.04
261.00 733.63
261.50 701.97
262.00 760.11
262.50 731.39
263.00 766.75
263.50 756.17
264.00 695.18
264.50 695.16
265.00 747.28
265.50 714.77
266.00 716.87
266.50 700.94
267.00 779.55
267.50 884.23
268.00 754.47
268.50 725.83
269.00 708.08
269.50 668.51
270.00 831.06
270.50 674.09
271.00 740.76
271.50 780.93
272.00 730.65
272.50 735.80
273.00 750.82
273.50 703.17
274.00 863.45
274.50 814.57
275.00 879.61
275.50 830.21
276.00 750.36
276.50 656.82
277.00 720.97
277.50 705.33
278.00 814.15
278.50 852.45
279.00 873.80
279.50 834.03
280.00 837.14
280.50 859.18
281.00 884.15
281.50 876.98
282.00 846.35
282.50 817.09
283.00 878.26
283.50 795.66
284.00 830.24
284.50 683.87
285.00 697.85
285.50 691.40
286.00 770.27
286.50 704.18
287.00 717.77
287.50 751.74
288.00 736.55
288.50 766.74
289.00 726.72
289.50 739.77
290.00 809.73
290.50 760.24
291.00 685.35
291.50 754.36
292.00 698.08
292.50 726.62
293.00 738.47
293.50 736.48
294.00 818.77
294.50 779.25
295.00 743.38
295.50 708.09
296.00 756.45
296.50 681.96
297.00 734.79
297.50 687.30
298.00 730.17
298.50 688.23
299.00 714.96
299.50 753.32
