0.00 766.44
0.50 705.96
1.00 694.10
1.50 754.10
2.00 754.07
2.50 829.84
3.00 706.09
3.50 726.42
4.00 752.04
4.50 779.63
5.00 822.93
5.50 674.48
6.00 753.69
6.50 714.55
7.00 817.78
7.50 779.36
8.00 724.58
8.50 384.07
9.00 618.57
9.50 725.61
10.00 825.12
10.50 840.83
11.00 854.51
11.50 820.04
12.00 837.83
12.50 812.10
13.00 883.96
13.50 829.57
14.00 854.08
14.50 861.28
15.00 732.79
15.50 730.56
16.00 769.77
16.50 755.37
17.00 745.11
17.50 827.25
18.00 841.67
18.50 710.13
19.00 701.56
19.50 702.10
20.00 746.34
20.50 670.89
21.00 701.90
21.50 707.84
22.00 394.15
22.50 711.54
23.00 698.73
23.50 859.56
24.00 699.44
24.50 625.43
25.00 724.59
25.50 727.60
26.00 749.14
26.50 802.31
27.00 709.16
27.50 738.71
28.00 701.94
28.50 732.02
29.00 817.77
29.50 804.62
30.00 673.24
30.50 738.06
31.00 686.37
31.50 735.27
32.00 720.43
32.50 766.78
33.00 281.02
33.50 585.65
34.00 788.10
34.50 748.98
35.00 729.38
35.50 693.79
36.00 784.30
36.50 754.29
37.00 747.86
37.50 772.08
38.00 712.73
38.50 688.42
39.00 703.74
39.50 35.20
40.00 348.38
40.50 696.08
41.00 691.54
41.50 744.38
42.00 813.85
42.50 876.77
43.00 890.67
43.50 838.37
44.00 777.89
44.50 797.94
45.00 826.84
45.50 730.90
46.00 853.91
46.50 727.49
47.00 715.88
47.50 593.50
48.00 703.81
48.50 846.62
49.00 744.55
49.50 698.79
50.00 761.20
50.50 739.03
51.00 717.94
51.50 757.93
52.00 719.69
52.50 741.98
53.00 723.10
53.50 698.87
54.00 717.12
54.50 725.49
55.00 752.80
55.50 712.99
56.00 710.69
56.50 705.87
57.00 724.19
57.50 767.51
58.00 749.82
58.50 780.89
59.00 705.06
59.50 755.16
60.00 728.02
60.50 818.61
61.00 696.22
61.50 710.54
62.00 737.36
62.50 815.57
63.00 388.55
63.50 782.96
64.00 734.58
64.50 900.00
65.00 712.06
65.50 679.18
66.00 401.70
66.50 675.88
67.00 711.07
67.50 723.86
68.00 704.77
68.50 716.12
69.00 667.33
69.50 786.30
70.00 697.48
70.50 704.73
71.00 707.47
71.50 829.41
72.00 758.07
72.50 734.21
73.00 788.92
73.50 724.01
74.00 673.25
74.50 754.23
75.00 696.87
75.50 833.71
76.00 839.05
76.50 697.70
77.00 787.47
77.50 870.83
78.00 636.43
78.50 811.66
79.00 682.31
79.50 818.03
80.00 679.59
80.50 91.88
81.00 735.29
81.50 689.74
82.00 745.70
82.50 706.99
83.00 801.82
83.50 814.69
84.00 732.18
84.50 744.34
85.00 698.70
85.50 748.21
86.00 774.02
86.50 714.83
87.00 132.86
87.50 139.30
88.00 752.37
88.50 848.70
89.00 846.55
89.50 856.88
90.00 819.79
90.50 881.07
91.00 826.70
91.50 826.78
92.00 831.64
92.50 849.66
93.00 837.25
93.50 467.79
94.00 0.00
94.50 708.34
95.00 808.70
95.50 308.17
96.00 717.93
96.50 664.00
97.00 707.40
97.50 369.94
98.00 712.30
98.50 663.25
99.00 663.60
99.50 533.68
100.00 721.30
100.50 723.62
101.00 854.42
101.50 720.28
102.00 659.28
102.50 611.38
103.00 448.07
103.50 113.92
104.00 738.02
104.50 768.54
105.00 749.75
105.50 727.02
106.00 708.38
106.50 694.84
107.00 722.84
107.50 746.82
108.00 754.67
108.50 735.47
109.00 762.55
109.50 723.15
110.00 696.06
110.50 668.09
111.00 892.27
111.50 682.45
112.00 721.56
112.50 776.82
113.00 900.00
113.50 755.91
114.00 726.87
114.50 805.57
115.00 861.18
115.50 697.75
116.00 716.69
116.50 448.01
117.00 0.00
117.50 8.32
118.00 451.47
118.50 741.51
119.00 738.52
119.50 847.01
120.00 684.53
120.50 724.45
121.00 726.87
121.50 662.82
122.00 700.12
122.50 712.55
123.00 245.48
123.50 691.67
124.00 728.77
124.50 717.09
125.00 741.44
125.50 711.06
126.00 722.85
126.50 755.16
127.00 786.87
127.50 781.31
128.00 861.57
128.50 867.24
129.00 817.34
129.50 813.89
130.00 857.99
130.50 822.67
131.00 850.56
131.50 685.45
132.00 682.85
132.50 313.73
133.00 723.09
133.50 900.00
134.00 726.92
134.50 705.84
135.00 110.19
135.50 787.05
136.00 675.92
136.50 702.52
137.00 781.33
137.50 900.00
138.00 720.67
138.50 281.36
139.00 756.00
139.50 748.69
140.00 611.71
140.50 685.54
141.00 723.86
141.50 846.35
142.00 725.88
142.50 686.80
143.00 703.82
143.50 648.32
144.00 823.13
144.50 702.84
145.00 7.76
145.50 445.47
146.00 744.25
146.50 190.85
147.00 754.39
147.50 739.81
148.00 743.96
148.50 734.18
149.00 759.00
149.50 788.60
150.00 743.53
150.50 403.90
151.00 633.01
151.50 758.27
152.00 744.45
152.50 700.16
153.00 728.40
153.50 766.67
154.00 608.48
154.50 761.93
155.00 0.00
155.50 283.90
156.00 716.38
156.50 870.67
157.00 870.87
157.50 862.18
158.00 809.54
158.50 827.61
159.00 829.39
159.50 845.85
160.00 794.24
160.50 667.84
161.00 723.09
161.50 722.28
162.00 752.62
162.50 744.87
163.00 764.54
163.50 862.28
164.00 846.30
164.50 857.93
165.00 819.54
165.50 857.51
166.00 841.08
166.50 743.74
167.00 768.30
167.50 791.82
168.00 274.63
168.50 688.32
169.00 698.42
169.50 852.62
170.00 870.14
170.50 831.80
171.00 834.19
171.50 719.38
172.00 763.86
172.50 829.22
173.00 860.73
173.50 717.35
174.00 817.94
174.50 831.57
175.00 830.89
175.50 834.75
176.00 848.79
176.50 845.92
177.00 874.74
177.50 879.28
178.00 667.14
178.50 776.93
179.00 721.27
179.50 712.31
180.00 823.23
180.50 868.15
181.00 829.72
181.50 834.76
182.00 671.75
182.50 747.76
183.00 794.72
183.50 705.45
184.00 877.28
184.50 840.14
185.00 847.91
185.50 404.44
186.00 233.02
186.50 778.24
187.00 721.88
187.50 680.53
188.00 669.98
188.50 725.49
189.00 704.09
189.50 678.56
190.00 693.25
190.50 325.81
191.00 721.53
191.50 697.74
192.00 864.79
192.50 734.81
193.00 762.92
193.50 133.14
194.00 668.97
194.50 701.03
195.00 641.51
195.50 601.20
196.00 9.62
196.50 0.00
197.00 12.68
197.50 29.18
198.00 18.43
198.50 18.44
199.00 7.49
199.50 15.08
200.00 686.15
200.50 738.82
201.00 770.76
201.50 696.16
202.00 726.80
202.50 812.07
203.00 698.74
203.50 725.76
204.00 729.84
204.50 720.07
205.00 714.75
205.50 725.88
206.00 762.88
206.50 775.04
207.00 750.26
207.50 755.12
208.00 757.14
208.50 723.24
209.00 716.24
209.50 743.51
210.00 850.45
210.50 855.08
211.00 851.14
211.50 839.53
212.00 862.46
212.50 832.55
213.00 728.80
213.50 790.15
214.00 763.25
214.50 739.26
215.00 703.90
215.50 823.66
216.00 719.60
216.50 825.42
217.00 745.69
217.50 706.92
218.00 767.73
218.50 781.45
219.00 824.43
219.50 789.20
220.00 695.71
220.50 685.21
221.00 718.95
221.50 663.69
222.00 749.08
222.50 746.86
223.00 685.32
223.50 735.09
224.00 688.84
224.50 701.51
225.00 719.06
225.50 705.97
226.00 709.08
226.50 720.15
227.00 764.03
227.50 717.54
228.00 716.38
228.50 722.99
229.00 684.28
229.50 737.88
230.00 700.46
230.50 747.73
231.00 711.22
231.50 757.58
232.00 725.92
232.50 668.16
233.00 694.79
233.50 776.00
234.00 716.88
234.50 711.24
235.00 736.63
235.50 728.28
236.00 737.95
236.50 790.93
237.00 741.20
237.50 774.96
238.00 725.33
238.50 756.74
239.00 705.68
239.50 778.24
240.00 714.44
240.50 749.44
241.00 746.54
241.50 704.01
242.00 732.44
242.50 726.71
243.00 698.33
243.50 706.24
244.00 707.24
244.50 723.08
245.00 731.94
245.50 730.53
246.00 781.92
246.50 754.49
247.00 734.36
247.50 714.64
248.00 754.14
248.50 708.42
249.00 727.43
249.50 690.21
250.00 769.89
250.50 714.65
251.00 776.66
251.50 696.42
252.00 754.71
252.50 6.40
253.00 0.00
253.50 634.03
254.00 863.71
254.50 838.83
255.00 681.82
255.50 790.32
256.00 391.57
256.50 2.94
257.00 10.74
257.50 3.29
258.00 0.00
258.50 718.23
259.00 704.68
259.50 757.99
260.00 656.45
260.50 736.69
261.00 354.48
261.50 0.00
262.00 155.67
262.50 23.34
263.00 208.95
263.50 723.91
264.00 748.43
264.50 698.83
265.00 853.99
265.50 682.11
266.00 659.81
266.50 693.98
267.00 701.13
267.50 808.57
268.00 863.21
268.50 811.62
269.00 764.70
269.50 685.49
270.00 785.10
270.50 835.86
271.00 745.71
271.50 797.57
272.00 779.15
272.50 740.85
273.00 699.95
273.50 773.61
274.00 718.97
274.50 684.29
275.00 696.96
275.50 680.84
276.00 691.26
276.50 829.73
277.00 775.83
277.50 680.39
278.00 790.64
278.50 729.05
279.00 782.80
279.50 747.75
280.00 751.66
280.50 681.36
281.00 708.13
281.50 722.47
282.00 758.54
282.50 707.43
283.00 710.21
283.50 738.23
284.00 686.10
284.50 745.35
285.00 731.46
285.50 747.15
286.00 733.49
286.50 717.71
287.00 758.23
287.50 495.35
288.00 681.99
288.50 699.39
289.00 766.41
289.50 762.39
290.00 723.75
290.50 808.10
291.00 668.91
291.50 728.56
292.00 765.10
292.50 560.44
293.00 736.03
293.50 795.70
294.00 678.99
294.50 787.65
295.00 731.15
295.50 856.60
296.00 846.22
296.50 289.31
297.00 4.72
297.50 244.56
298.00 139.45
298.50 809.83
299.00 786.60
299.50 829.85
