0.00 753.42
0.50 720.04
1.00 706.99
1.50 732.11
2.00 743.43
2.50 698.05
3.00 749.23
3.50 763.19
4.00 488.09
4.50 273.29
5.00 448.84
5.50 703.62
6.00 751.23
6.50 735.14
7.00 723.73
7.50 760.86
8.00 712.49
8.50 796.26
9.00 749.55
9.50 697.48
10.00 725.07
10.50 770.41
11.00 724.68
11.50 734.71
12.00 734.42
12.50 738.55
13.00 658.76
13.50 679.39
14.00 683.96
14.50 745.99
15.00 647.47
15.50 839.24
16.00 735.94
16.50 696.08
17.00 672.04
17.50 713.20
18.00 829.74
18.50 719.67
19.00 339.35
19.50 539.15
20.00 724.29
20.50 809.36
21.00 729.18
21.50 698.63
22.00 805.95
22.50 700.21
23.00 713.84
23.50 718.44
24.00 723.55
24.50 681.99
25.00 859.85
25.50 765.33
26.00 724.55
26.50 831.52
27.00 810.98
27.50 835.63
28.00 751.87
28.50 726.88
29.00 681.52
29.50 722.12
30.00 743.82
30.50 736.82
31.00 695.33
31.50 735.85
32.00 689.43
32.50 793.69
33.00 755.71
33.50 743.12
34.00 785.68
34.50 767.75
35.00 726.39
35.50 739.12
36.00 748.69
36.50 713.15
37.00 739.46
37.50 750.97
38.00 721.34
38.50 716.63
39.00 732.22
39.50 727.86
40.00 755.44
40.50 750.08
41.00 699.23
41.50 825.65
42.00 825.52
42.50 731.27
43.00 733.28
43.50 737.39
44.00 710.81
44.50 697.32
45.00 847.99
45.50 773.32
46.00 773.64
46.50 164.66
47.00 700.54
47.50 704.03
48.00 692.28
48.50 816.97
49.00 715.86
49.50 709.24
50.00 756.84
50.50 691.74
51.00 820.71
51.50 747.52
52.00 817.23
52.50 735.35
53.00 709.26
53.50 708.50
54.00 760.78
54.50 762.62
55.00 743.35
55.50 718.52
56.00 716.15
56.50 738.20
57.00 718.33
57.50 762.76
58.00 717.00
58.50 708.76
59.00 731.09
59.50 717.86
60.00 758.09
60.50 726.21
61.00 728.09
61.50 707.20
62.00 786.66
62.50 811.28
63.00 724.81
63.50 746.37
64.00 734.35
64.50 755.68
65.00 710.05
65.50 700.03
66.00 740.53
66.50 456.74
67.00 730.81
67.50 712.72
68.00 808.19
68.50 790.42
69.00 715.70
69.50 706.45
70.00 705.02
70.50 728.94
71.00 751.02
71.50 757.27
72.00 709.55
72.50 689.74
73.00 756.54
73.50 754.19
74.00 737.52
74.50 801.10
75.00 724.18
75.50 706.36
76.00 752.10
76.50 17.62
77.00 509.48
77.50 408.80
78.00 426.22
78.50 301.70
79.00 733.87
79.50 709.60
80.00 714.22
80.50 732.03
81.00 679.45
81.50 722.14
82.00 764.91
82.50 764.87
83.00 742.69
83.50 701.29
84.00 713.99
84.50 794.05
85.00 728.15
85.50 708.70
86.00 723.23
86.50 705.45
87.00 728.20
87.50 727.90
88.00 799.21
88.50 694.32
89.00 717.09
89.50 690.56
90.00 734.10
90.50 755.12
91.00 802.91
91.50 794.82
92.00 866.28
92.50 680.98
93.00 540.28
93.50 406.09
94.00 704.24
94.50 729.34
95.00 839.16
95.50 719.55
96.00 715.11
96.50 706.60
97.00 764.44
97.50 697.94
98.00 697.79
98.50 500.27
99.00 891.36
99.50 733.88
100.00 654.82
100.50 742.21
101.00 690.17
101.50 721.32
102.00 684.14
102.50 699.05
103.00 869.44
103.50 797.38
104.00 719.64
104.50 900.00
105.00 701.77
105.50 716.35
106.00 441.29
106.50 824.70
107.00 759.10
107.50 842.07
108.00 811.82
108.50 809.33
109.00 809.79
109.50 699.60
110.00 856.18
110.50 734.68
111.00 658.10
111.50 750.87
112.00 739.35
112.50 647.22
113.00 770.38
113.50 770.88
114.00 720.64
114.50 747.20
115.00 726.91
115.50 254.00
116.00 638.65
116.50 833.99
117.00 815.84
117.50 723.87
118.00 738.44
118.50 730.89
119.00 725.24
119.50 736.84
120.00 683.76
120.50 882.02
121.00 693.49
121.50 714.91
122.00 705.15
122.50 709.70
123.00 671.87
123.50 807.57
124.00 835.38
124.50 809.37
125.00 518.61
125.50 743.78
126.00 868.28
126.50 830.81
127.00 831.61
127.50 861.58
128.00 739.21
128.50 738.72
129.00 731.44
129.50 740.85
130.00 616.39
130.50 750.64
131.00 730.64
131.50 690.50
132.00 757.71
132.50 739.32
133.00 758.66
133.50 730.83
134.00 717.07
134.50 803.83
135.00 858.03
135.50 836.17
136.00 858.23
136.50 859.55
137.00 862.99
137.50 821.90
138.00 822.81
138.50 629.13
139.00 621.60
139.50 866.77
140.00 711.73
140.50 676.88
141.00 686.52
141.50 735.30
142.00 756.29
142.50 786.15
143.00 757.23
143.50 792.66
144.00 753.69
144.50 761.17
145.00 757.12
145.50 684.63
146.00 826.93
146.50 788.52
147.00 708.89
147.50 742.01
148.00 696.14
148.50 719.80
149.00 706.18
149.50 779.91
150.00 747.13
150.50 840.95
151.00 830.06
151.50 753.15
152.00 823.68
152.50 785.48
153.00 805.13
153.50 837.64
154.00 855.43
154.50 691.04
155.00 900.00
155.50 140.87
156.00 0.00
156.50 335.27
157.00 23.34
157.50 13.99
158.00 0.00
158.50 1.58
159.00 597.30
159.50 709.66
160.00 439.20
160.50 412.38
161.00 598.50
161.50 67.42
162.00 0.00
162.50 493.64
163.00 713.27
163.50 720.84
164.00 735.81
164.50 710.07
165.00 723.74
165.50 867.72
166.00 713.36
166.50 699.47
167.00 728.06
167.50 785.94
168.00 718.49
168.50 728.31
169.00 741.90
169.50 711.75
170.00 695.36
170.50 830.54
171.00 836.98
171.50 737.62
172.00 741.01
172.50 759.11
173.00 760.03
173.50 768.14
174.00 651.08
174.50 706.79
175.00 730.06
175.50 718.30
176.00 739.98
176.50 724.70
177.00 458.05
177.50 345.70
178.00 722.12
178.50 727.08
179.00 886.90
179.50 694.23
180.00 737.01
180.50 814.12
181.00 716.82
181.50 682.45
182.00 712.13
182.50 710.57
183.00 722.95
183.50 701.84
184.00 727.03
184.50 860.76
185.00 730.68
185.50 701.47
186.00 754.86
186.50 703.24
187.00 437.63
187.50 343.27
188.00 713.20
188.50 748.02
189.00 697.44
189.50 686.04
190.00 763.66
190.50 736.58
191.00 726.64
191.50 766.32
192.00 742.01
192.50 765.45
193.00 754.21
193.50 730.12
194.00 767.21
194.50 736.84
195.00 766.89
195.50 720.99
196.00 762.98
196.50 759.31
197.00 722.08
197.50 725.45
198.00 780.42
198.50 757.78
199.00 706.25
199.50 724.36
200.00 711.26
200.50 795.62
201.00 597.88
201.50 699.33
202.00 697.46
202.50 718.82
203.00 703.48
203.50 655.31
204.00 785.69
204.50 735.03
205.00 454.22
205.50 708.99
206.00 686.57
206.50 729.27
207.00 700.44
207.50 675.44
208.00 731.29
208.50 706.82
209.00 724.38
209.50 701.26
210.00 677.34
210.50 734.09
211.00 721.11
211.50 721.81
212.00 89.35
212.50 788.65
213.00 723.94
213.50 736.41
214.00 708.38
214.50 714.10
215.00 721.13
215.50 700.58
216.00 718.44
216.50 765.36
217.00 748.35
217.50 712.75
218.00 785.51
218.50 735.32
219.00 762.33
219.50 742.43
220.00 14.41
220.50 708.35
221.00 773.75
221.50 742.31
222.00 747.95
222.50 797.40
223.00 700.75
223.50 716.06
224.00 735.37
224.50 744.69
225.00 747.51
225.50 784.34
226.00 755.66
226.50 743.88
227.00 790.53
227.50 703.48
228.00 735.09
228.50 681.41
229.00 767.61
229.50 703.06
230.00 739.17
230.50 679.42
231.00 170.92
231.50 717.39
232.00 734.58
232.50 725.36
233.00 714.65
233.50 525.04
234.00 418.05
234.50 146.31
235.00 6.61
235.50 8.15
236.00 5.64
236.50 566.41
237.00 632.87
237.50 823.83
238.00 788.14
238.50 701.55
239.00 720.23
239.50 724.38
240.00 681.20
240.50 730.24
241.00 741.35
241.50 762.19
242.00 744.79
242.50 741.83
243.00 749.46
243.50 773.87
244.00 730.10
244.50 661.32
245.00 777.74
245.50 746.40
246.00 738.68
246.50 769.63
247.00 724.76
247.50 745.40
248.00 772.31
248.50 730.98
249.00 702.76
249.50 833.14
250.00 172.39
250.50 877.85
251.00 765.56
251.50 828.87
252.00 761.50
252.50 719.84
253.00 746.66
253.50 704.49
254.00 782.29
254.50 750.49
255.00 749.08
255.50 740.44
256.00 658.29
256.50 694.33
257.00 747.06
257.50 712.57
258.00 760.23
258.50 708.14
259.00 486.53
259.50 730.10
260.00 817.34
260.50 787.11
261.00 732.49
261.50 487.82
262.00 685.88
262.50 800.75
263.00 812.32
263.50 724.14
264.00 702.90
264.50 833.23
265.00 868.37
265.50 852.30
266.00 704.92
266.50 749.80
267.00 642.35
267.50 677.85
268.00 795.01
268.50 834.42
269.00 757.29
269.50 856.09
270.00 0.00
270.50 765.75
271.00 768.10
271.50 774.64
272.00 789.04
272.50 775.67
273.00 339.98
273.50 309.84
274.00 555.93
274.50 810.96
275.00 768.92
275.50 607.47
276.00 715.84
276.50 708.87
277.00 646.39
277.50 741.69
278.00 701.80
278.50 708.71
279.00 715.20
279.50 757.54
280.00 761.15
280.50 744.06
281.00 712.25
281.50 732.51
282.00 734.18
282.50 725.05
283.00 729.80
283.50 714.35
284.00 771.92
284.50 730.91
285.00 714.17
285.50 707.90
286.00 696.82
286.50 692.75
287.00 719.05
287.50 659.36
288.00 748.77
288.50 723.88
289.00 722.73
289.50 900.00
290.00 854.31
290.50 813.69
291.00 723.77
291.50 709.49
292.00 713.27
292.50 725.76
293.00 737.73
293.50 675.97
294.00 680.02
294.50 695.06
295.00 675.85
295.50 697.03
296.00 692.29
296.50 710.08
297.00 747.14
297.50 694.79
298.00 734.27
298.50 787.01
299.00 677.62
299.50 888.21
