0.00 750.94
0.50 721.12
1.00 790.36
1.50 786.50
2.00 376.95
2.50 363.77
3.00 710.94
3.50 712.07
4.00 802.38
4.50 738.86
5.00 750.52
5.50 728.22
6.00 756.37
6.50 781.13
7.00 706.21
7.50 716.71
8.00 782.44
8.50 856.66
9.00 629.10
9.50 668.72
10.00 685.83
10.50 819.48
11.00 775.06
11.50 736.85
12.00 803.99
12.50 767.70
13.00 677.78
13.50 821.51
14.00 717.22
14.50 883.75
15.00 795.32
15.50 737.80
16.00 887.71
16.50 699.21
17.00 739.68
17.50 723.81
18.00 710.27
18.50 758.31
19.00 729.24
19.50 436.08
20.00 797.64
20.50 435.99
21.00 456.17
21.50 381.21
22.00 17.34
22.50 553.93
23.00 366.36
23.50 654.58
24.00 686.51
24.50 746.43
25.00 729.67
25.50 734.98
26.00 713.66
26.50 681.31
27.00 717.01
27.50 694.82
28.00 806.80
28.50 687.82
29.00 763.13
29.50 851.71
30.00 828.27
30.50 849.93
31.00 858.67
31.50 865.42
32.00 839.20
32.50 868.55
33.00 853.00
33.50 837.16
34.00 865.74
34.50 868.22
35.00 765.78
35.50 758.15
36.00 734.12
36.50 353.03
37.00 669.43
37.50 684.20
38.00 717.47
38.50 717.38
39.00 805.34
39.50 655.52
40.00 7.99
40.50 11.60
41.00 351.56
41.50 20.01
42.00 9.80
42.50 594.29
43.00 168.83
43.50 820.36
44.00 741.99
44.50 750.47
45.00 671.56
45.50 784.74
46.00 728.60
46.50 688.17
47.00 761.84
47.50 717.19
48.00 861.47
48.50 893.37
49.00 780.47
49.50 700.09
50.00 686.25
50.50 705.25
51.00 700.16
51.50 859.22
52.00 705.71
52.50 732.91
53.00 716.51
53.50 808.53
54.00 777.49
54.50 747.41
55.00 685.06
55.50 873.86
56.00 695.05
56.50 689.16
57.00 13.33
57.50 5.47
58.00 471.34
58.50 225.90
59.00 526.21
59.50 756.92
60.00 753.48
60.50 717.15
61.00 764.26
61.50 780.98
62.00 850.94
62.50 160.77
63.00 365.83
63.50 883.15
64.00 876.03
64.50 829.67
65.00 847.57
65.50 832.73
66.00 818.05
66.50 844.38
67.00 704.20
67.50 271.67
68.00 767.92
68.50 763.51
69.00 769.64
69.50 761.00
70.00 756.22
70.50 713.91
71.00 753.03
71.50 771.16
72.00 719.82
72.50 724.53
73.00 711.56
73.50 711.05
74.00 712.67
74.50 665.12
75.00 844.85
75.50 701.05
76.00 700.09
76.50 709.22
77.00 749.97
77.50 719.63
78.00 782.66
78.50 762.39
79.00 705.83
79.50 811.45
80.00 685.72
80.50 724.25
81.00 841.65
81.50 707.28
82.00 712.58
82.50 852.38
83.00 801.50
83.50 713.94
84.00 721.11
84.50 735.81
85.00 781.35
85.50 699.62
86.00 751.15
86.50 711.01
87.00 749.57
87.50 882.58
88.00 677.89
88.50 687.55
89.00 706.05
89.50 366.15
90.00 728.15
90.50 679.35
91.00 698.07
91.50 741.10
92.00 746.45
92.50 697.24
93.00 689.05
93.50 715.12
94.00 686.09
94.50 759.68
95.00 509.92
95.50 694.89
96.00 808.37
96.50 742.68
97.00 748.92
97.50 717.62
98.00 722.16
98.50 713.21
99.00 715.50
99.50 812.31
100.00 757.12
100.50 699.75
101.00 766.15
101.50 736.60
102.00 711.45
102.50 684.84
103.00 758.31
103.50 679.42
104.00 713.94
104.50 709.46
105.00 704.40
105.50 737.07
106.00 742.25
106.50 718.41
107.00 772.79
107.50 692.78
108.00 780.01
108.50 789.69
109.00 732.29
109.50 717.56
110.00 670.83
110.50 708.05
111.00 742.96
111.50 766.59
112.00 751.46
112.50 755.06
113.00 742.02
113.50 716.24
114.00 762.34
114.50 681.42
115.00 763.91
115.50 828.90
116.00 813.72
116.50 860.00
117.00 696.30
117.50 768.03
118.00 716.92
118.50 696.53
119.00 700.70
119.50 709.25
120.00 712.56
120.50 759.41
121.00 741.33
121.50 717.38
122.00 706.90
122.50 705.52
123.00 748.90
123.50 695.67
124.00 707.56
124.50 792.01
125.00 807.27
125.50 837.39
126.00 704.23
126.50 765.63
127.00 707.50
127.50 598.54
128.00 746.09
128.50 691.78
129.00 730.88
129.50 671.01
130.00 713.01
130.50 737.70
131.00 660.30
131.50 724.23
132.00 763.01
132.50 752.38
133.00 708.77
133.50 664.72
134.00 848.86
134.50 744.97
135.00 809.15
135.50 292.82
136.00 456.68
136.50 752.95
137.00 705.06
137.50 784.89
138.00 890.78
138.50 822.76
139.00 698.54
139.50 712.38
140.00 712.75
140.50 726.52
141.00 807.79
141.50 731.15
142.00 829.61
142.50 712.59
143.00 742.61
143.50 754.97
144.00 838.14
144.50 683.22
145.00 795.65
145.50 745.40
146.00 712.01
146.50 754.38
147.00 766.68
147.50 736.30
148.00 767.46
148.50 746.03
149.00 729.73
149.50 765.30
150.00 736.59
150.50 739.01
151.00 746.63
151.50 734.82
152.00 719.70
152.50 822.05
153.00 539.63
153.50 609.50
154.00 679.82
154.50 741.33
155.00 721.21
155.50 762.06
156.00 723.90
156.50 656.07
157.00 714.98
157.50 750.07
158.00 741.74
158.50 763.48
159.00 707.65
159.50 759.19
160.00 713.42
160.50 772.05
161.00 763.86
161.50 665.35
162.00 699.23
162.50 751.31
163.00 872.52
163.50 697.11
164.00 785.79
164.50 770.90
165.00 792.83
165.50 826.77
166.00 831.31
166.50 659.53
167.00 732.66
167.50 702.90
168.00 741.90
168.50 815.63
169.00 738.27
169.50 728.35
170.00 812.38
170.50 785.68
171.00 858.28
171.50 724.01
172.00 779.20
172.50 766.10
173.00 684.48
173.50 793.11
174.00 729.24
174.50 689.75
175.00 692.45
175.50 824.76
176.00 864.74
176.50 872.25
177.00 812.49
177.50 736.50
178.00 124.05
178.50 715.46
179.00 666.42
179.50 725.46
180.00 534.27
180.50 721.07
181.00 726.22
181.50 719.05
182.00 817.47
182.50 299.24
183.00 726.47
183.50 716.35
184.00 739.97
184.50 697.16
185.00 581.13
185.50 738.29
186.00 704.10
186.50 718.61
187.00 753.94
187.50 728.34
188.00 737.58
188.50 695.21
189.00 774.67
189.50 771.82
190.00 703.88
190.50 829.45
191.00 749.55
191.50 251.53
192.00 0.00
192.50 143.56
193.00 168.11
193.50 731.93
194.00 824.40
194.50 844.19
195.00 837.80
195.50 861.83
196.00 821.39
196.50 900.00
197.00 798.09
197.50 754.87
198.00 522.23
198.50 208.68
199.00 295.89
199.50 380.70
200.00 0.00
200.50 3.74
201.00 563.27
201.50 457.64
202.00 3.04
202.50 2.32
203.00 506.54
203.50 5.82
204.00 725.65
204.50 765.08
205.00 744.96
205.50 758.22
206.00 729.37
206.50 753.28
207.00 711.28
207.50 736.76
208.00 792.67
208.50 706.66
209.00 749.62
209.50 722.78
210.00 755.19
210.50 808.02
211.00 756.34
211.50 714.18
212.00 751.03
212.50 764.01
213.00 728.89
213.50 740.29
214.00 709.78
214.50 766.85
215.00 725.43
215.50 706.72
216.00 411.54
216.50 248.86
217.00 748.00
217.50 732.80
218.00 667.66
218.50 801.43
219.00 848.40
219.50 849.42
220.00 857.87
220.50 854.48
221.00 867.27
221.50 811.59
222.00 727.23
222.50 744.76
223.00 6.47
223.50 0.00
224.00 3.93
224.50 452.50
225.00 672.07
225.50 20.77
226.00 0.00
226.50 15.99
227.00 15.58
227.50 0.00
228.00 531.84
228.50 304.08
229.00 732.37
229.50 664.22
230.00 770.87
230.50 723.23
231.00 756.64
231.50 739.97
232.00 727.15
232.50 738.71
233.00 719.04
233.50 717.67
234.00 863.70
234.50 741.17
235.00 715.72
235.50 299.41
236.00 828.95
236.50 682.03
237.00 689.81
237.50 710.39
238.00 900.00
238.50 727.89
239.00 657.82
239.50 784.76
240.00 746.26
240.50 764.72
241.00 730.52
241.50 683.49
242.00 714.84
242.50 719.00
243.00 783.22
243.50 686.57
244.00 769.66
244.50 749.01
245.00 427.74
245.50 123.55
246.00 482.65
246.50 777.68
247.00 719.19
247.50 749.22
248.00 766.30
248.50 699.82
249.00 763.58
249.50 894.78
250.00 700.09
250.50 729.56
251.00 806.53
251.50 868.23
252.00 731.72
252.50 874.41
253.00 692.95
253.50 717.59
254.00 697.03
254.50 697.04
255.00 688.40
255.50 871.05
256.00 840.58
256.50 815.59
257.00 729.30
257.50 714.81
258.00 706.71
258.50 685.71
259.00 672.97
259.50 716.25
260.00 632.99
260.50 832.23
261.00 725.64
261.50 685.30
262.00 704.58
262.50 740.38
263.00 885.64
263.50 752.24
264.00 768.54
264.50 751.36
265.00 754.91
265.50 732.47
266.00 812.60
266.50 706.60
267.00 732.11
267.50 684.58
268.00 703.38
268.50 725.76
269.00 691.34
269.50 720.42
270.00 768.74
270.50 726.96
271.00 694.85
271.50 739.89
272.00 810.42
272.50 725.61
273.00 347.43
273.50 714.32
274.00 757.81
274.50 807.58
275.00 764.14
275.50 740.94
276.00 789.66
276.50 715.61
277.00 710.35
277.50 738.43
278.00 710.64
278.50 709.15
279.00 723.22
279.50 725.97
280.00 702.18
280.50 743.57
281.00 726.13
281.50 723.09
282.00 714.83
282.50 759.23
283.00 713.93
283.50 696.82
284.00 682.04
284.50 744.49
285.00 718.73
285.50 809.40
286.00 726.73
286.50 721.75
287.00 786.69
287.50 769.19
288.00 762.63
288.50 690.03
289.00 701.08
289.50 761.21
290.00 700.35
290.50 773.63
291.00 719.11
291.50 419.27
292.00 76.45
292.50 508.91
293.00 717.91
293.50 702.28
294.00 803.79
294.50 663.93
295.00 422.44
295.50 784.01
296.00 748.87
296.50 765.92
297.00 724.54
297.50 591.55
298.00 668.20
298.50 721.48
299.00 701.76
299.50 717.88
