0.00 686.11
0.50 729.00
1.00 712.76
1.50 713.86
2.00 750.79
2.50 737.67
3.00 726.29
3.50 615.78
4.00 757.30
4.50 761.98
5.00 385.92
5.50 172.02
6.00 78.99
6.50 399.50
7.00 109.21
7.50 14.20
8.00 2.13
8.50 31.70
9.00 10.76
9.50 5.52
10.00 14.27
10.50 19.72
11.00 492.45
11.50 779.80
12.00 356.72
12.50 538.35
13.00 505.09
13.50 17.49
14.00 1.29
14.50 4.63
15.00 0.00
15.50 229.69
16.00 571.05
16.50 780.93
17.00 714.49
17.50 808.77
18.00 814.34
18.50 841.18
19.00 846.33
19.50 806.72
20.00 687.53
20.50 662.82
21.00 738.90
21.50 750.81
22.00 733.43
22.50 762.72
23.00 777.85
23.50 780.98
24.00 774.37
24.50 780.72
25.00 787.44
25.50 686.33
26.00 726.81
26.50 689.82
27.00 779.69
27.50 748.28
28.00 673.59
28.50 693.29
29.00 733.39
29.50 715.62
30.00 742.43
30.50 729.49
31.00 702.88
31.50 721.29
32.00 719.82
32.50 776.58
33.00 687.38
33.50 763.63
34.00 717.40
34.50 789.47
35.00 752.39
35.50 696.39
36.00 683.23
36.50 682.67
37.00 684.30
37.50 861.47
38.00 765.17
38.50 703.55
39.00 705.06
39.50 732.30
40.00 833.82
40.50 756.04
41.00 785.51
41.50 714.09
42.00 691.19
42.50 740.96
43.00 713.65
43.50 718.26
44.00 688.54
44.50 508.84
45.00 742.07
45.50 680.18
46.00 671.55
46.50 732.38
47.00 705.22
47.50 496.45
48.00 747.48
48.50 725.78
49.00 748.79
49.50 692.79
50.00 850.98
50.50 698.02
51.00 689.97
51.50 481.09
52.00 743.30
52.50 429.88
53.00 27.03
53.50 554.37
54.00 705.90
54.50 855.62
55.00 886.87
55.50 729.29
56.00 471.31
56.50 406.13
57.00 773.23
57.50 728.27
58.00 757.54
58.50 346.15
59.00 773.72
59.50 710.99
60.00 767.33
60.50 755.17
61.00 673.69
61.50 843.22
62.00 729.23
62.50 707.72
63.00 785.73
63.50 784.38
64.00 833.25
64.50 849.24
65.00 850.12
65.50 824.40
66.00 870.14
66.50 742.00
67.00 766.76
67.50 852.65
68.00 841.07
68.50 846.42
69.00 825.30
69.50 839.77
70.00 886.01
70.50 847.32
71.00 751.85
71.50 744.04
72.00 687.88
72.50 719.81
73.00 690.73
73.50 714.42
74.00 755.02
74.50 739.58
75.00 735.14
75.50 746.04
76.00 726.88
76.50 724.61
77.00 718.47
77.50 716.14
78.00 729.07
78.50 688.72
79.00 689.40
79.50 756.59
80.00 726.39
80.50 705.85
81.00 705.86
81.50 677.35
82.00 713.71
82.50 730.34
83.00 709.56
83.50 718.43
84.00 764.14
84.50 779.97
85.00 720.91
85.50 732.95
86.00 816.08
86.50 714.35
87.00 722.80
87.50 667.74
88.00 748.45
88.50 0.00
89.00 730.65
89.50 731.46
90.00 793.14
90.50 723.86
91.00 787.97
91.50 766.35
92.00 747.24
92.50 758.35
93.00 728.94
93.50 6.50
94.00 683.08
94.50 728.38
95.00 734.54
95.50 677.42
96.00 722.33
96.50 662.19
97.00 783.91
97.50 748.66
98.00 729.27
98.50 748.24
99.00 753.21
99.50 678.85
100.00 699.74
100.50 784.51
101.00 691.19
101.50 647.88
102.00 811.59
102.50 698.90
103.00 789.09
103.50 482.48
104.00 713.10
104.50 844.58
105.00 699.06
105.50 689.02
106.00 684.26
106.50 895.90
107.00 750.45
107.50 752.44
108.00 747.21
108.50 687.16
109.00 741.04
109.50 694.74
110.00 820.00
110.50 698.79
111.00 773.74
111.50 739.57
112.00 822.37
112.50 734.50
113.00 680.72
113.50 728.69
114.00 726.43
114.50 697.08
115.00 702.42
115.50 630.99
116.00 220.55
116.50 228.85
117.00 751.00
117.50 752.82
118.00 699.15
118.50 728.72
119.00 674.85
119.50 761.33
120.00 754.38
120.50 730.31
121.00 702.79
121.50 758.76
122.00 726.45
122.50 711.42
123.00 847.10
123.50 886.73
124.00 873.47
124.50 801.48
125.00 805.04
125.50 816.86
126.00 436.96
126.50 0.00
127.00 667.21
127.50 1.03
128.00 19.01
128.50 14.98
129.00 8.29
129.50 736.95
130.00 749.41
130.50 694.56
131.00 744.26
131.50 731.08
132.00 698.21
132.50 757.19
133.00 781.53
133.50 751.89
134.00 704.22
134.50 743.23
135.00 739.20
135.50 706.09
136.00 759.51
136.50 711.68
137.00 782.02
137.50 739.59
138.00 678.50
138.50 740.38
139.00 760.76
139.50 754.14
140.00 731.80
140.50 727.95
141.00 741.65
141.50 728.73
142.00 680.17
142.50 765.64
143.00 709.38
143.50 743.30
144.00 728.64
144.50 775.69
145.00 710.47
145.50 793.93
146.00 750.66
146.50 735.77
147.00 732.50
147.50 729.46
148.00 696.10
148.50 685.82
149.00 757.18
149.50 721.27
150.00 720.55
150.50 695.74
151.00 719.83
151.50 708.81
152.00 826.55
152.50 740.20
153.00 735.83
153.50 721.43
154.00 836.27
154.50 769.79
155.00 835.96
155.50 739.45
156.00 736.30
156.50 718.63
157.00 713.91
157.50 900.00
158.00 702.19
158.50 739.47
159.00 767.74
159.50 716.83
160.00 793.18
160.50 831.51
161.00 870.84
161.50 702.82
162.00 636.41
162.50 9.91
163.00 7.04
163.50 3.17
164.00 0.00
164.50 4.27
165.00 25.68
165.50 13.95
166.00 1.22
166.50 327.73
167.00 664.52
167.50 672.33
168.00 813.26
168.50 836.38
169.00 850.74
169.50 841.27
170.00 854.20
170.50 850.22
171.00 862.32
171.50 829.42
172.00 815.53
172.50 844.26
173.00 824.82
173.50 852.52
174.00 826.10
174.50 850.87
175.00 862.23
175.50 841.82
176.00 619.40
176.50 714.49
177.00 755.81
177.50 696.77
178.00 764.99
178.50 693.93
179.00 848.74
179.50 783.17
180.00 855.92
180.50 765.14
181.00 680.59
181.50 762.10
182.00 882.05
182.50 769.07
183.00 695.46
183.50 704.11
184.00 725.31
184.50 696.80
185.00 642.05
185.50 797.51
186.00 237.38
186.50 779.14
187.00 867.64
187.50 836.72
188.00 839.33
188.50 790.46
189.00 812.44
189.50 651.38
190.00 828.43
190.50 732.14
191.00 900.00
191.50 746.86
192.00 694.99
192.50 691.46
193.00 715.90
193.50 690.36
194.00 448.81
194.50 705.55
195.00 165.83
195.50 791.19
196.00 716.91
196.50 310.72
197.00 711.72
197.50 717.86
198.00 701.48
198.50 800.69
199.00 715.38
199.50 717.73
200.00 806.65
200.50 684.25
201.00 785.34
201.50 738.08
202.00 721.12
202.50 777.97
203.00 775.89
203.50 782.91
204.00 725.86
204.50 713.84
205.00 702.20
205.50 727.94
206.00 346.15
206.50 359.17
207.00 722.42
207.50 677.94
208.00 778.78
208.50 716.90
209.00 728.51
209.50 708.49
210.00 859.76
210.50 836.54
211.00 873.49
211.50 826.88
212.00 864.20
212.50 868.72
213.00 849.58
213.50 892.66
214.00 845.67
214.50 822.62
215.00 802.86
215.50 820.15
216.00 850.28
216.50 859.54
217.00 868.44
217.50 640.88
218.00 702.87
218.50 698.77
219.00 746.97
219.50 712.85
220.00 810.31
220.50 484.99
221.00 1.27
221.50 0.00
222.00 7.91
222.50 12.46
223.00 441.50
223.50 693.17
224.00 359.04
224.50 695.72
225.00 741.27
225.50 206.23
226.00 0.00
226.50 410.88
227.00 505.46
227.50 1.78
228.00 7.76
228.50 757.01
229.00 367.54
229.50 694.45
230.00 721.11
230.50 739.86
231.00 738.68
231.50 718.91
232.00 745.61
232.50 739.08
233.00 701.09
233.50 787.39
234.00 740.86
234.50 785.26
235.00 732.58
235.50 743.30
236.00 731.08
236.50 721.16
237.00 725.55
237.50 697.03
238.00 751.64
238.50 750.29
239.00 765.49
239.50 744.71
240.00 849.81
240.50 487.61
241.00 736.70
241.50 831.52
242.00 825.68
242.50 850.53
243.00 728.20
243.50 755.38
244.00 832.83
244.50 654.98
245.00 456.87
245.50 712.79
246.00 710.77
246.50 692.41
247.00 697.56
247.50 702.52
248.00 700.49
248.50 715.10
249.00 356.73
249.50 697.45
250.00 711.58
250.50 722.01
251.00 735.82
251.50 676.08
252.00 702.75
252.50 768.53
253.00 790.39
253.50 696.84
254.00 711.27
254.50 732.43
255.00 701.62
255.50 683.58
256.00 696.26
256.50 720.18
257.00 733.09
257.50 762.58
258.00 737.47
258.50 743.60
259.00 838.42
259.50 723.72
260.00 710.47
260.50 771.07
261.00 744.56
261.50 730.22
262.00 707.53
262.50 719.51
263.00 787.50
263.50 718.54
264.00 15.57
264.50 0.00
265.00 690.95
265.50 0.00
266.00 5.77
266.50 168.23
267.00 250.17
267.50 271.23
268.00 486.19
268.50 0.00
269.00 569.02
269.50 268.77
270.00 18.63
270.50 347.54
271.00 770.58
271.50 800.62
272.00 272.68
272.50 557.28
273.00 720.27
273.50 724.38
274.00 684.08
274.50 687.92
275.00 824.38
275.50 826.22
276.00 618.76
276.50 716.68
277.00 826.88
277.50 724.32
278.00 620.16
278.50 774.54
279.00 705.05
279.50 394.49
280.00 683.95
280.50 729.48
281.00 696.62
281.50 202.32
282.00 411.19
282.50 799.03
283.00 733.12
283.50 682.46
284.00 755.32
284.50 773.82
285.00 727.25
285.50 804.79
286.00 682.40
286.50 716.89
287.00 315.60
287.50 760.11
288.00 0.00
288.50 224.55
289.00 0.00
289.50 14.51
290.00 350.47
290.50 199.15
291.00 710.70
291.50 229.50
292.00 177.78
292.50 798.77
293.00 7.89
293.50 3.87
294.00 203.08
294.50 739.96
295.00 735.93
295.50 780.93
296.00 690.53
296.50 686.48
297.00 709.84
297.50 768.38
298.00 294.14
298.50 26.79
299.00 722.16
299.50 709.02
