0.00 698.33
0.50 707.28
1.00 727.14
1.50 744.81
2.00 728.48
2.50 686.40
3.00 710.65
3.50 713.74
4.00 841.27
4.50 687.84
5.00 692.62
5.50 707.37
6.00 776.23
6.50 640.41
7.00 671.66
7.50 834.64
8.00 699.08
8.50 725.43
9.00 729.24
9.50 830.00
10.00 497.01
10.50 676.62
11.00 694.32
11.50 757.38
12.00 760.43
12.50 738.78
13.00 738.50
13.50 706.28
14.00 659.59
14.50 625.73
15.00 572.01
15.50 247.24
16.00 681.72
16.50 832.12
17.00 704.35
17.50 850.78
18.00 708.77
18.50 735.50
19.00 715.42
19.50 706.56
20.00 729.92
20.50 569.11
21.00 704.04
21.50 724.44
22.00 677.10
22.50 787.59
23.00 723.48
23.50 848.92
24.00 652.50
24.50 442.07
25.00 590.43
25.50 519.18
26.00 735.51
26.50 798.51
27.00 734.06
27.50 750.65
28.00 687.61
28.50 656.61
29.00 858.20
29.50 4.48
30.00 639.51
30.50 473.45
31.00 405.30
31.50 755.03
32.00 715.51
32.50 0.00
33.00 691.39
33.50 238.11
34.00 691.32
34.50 780.12
35.00 700.21
35.50 778.59
36.00 746.62
36.50 705.22
37.00 691.78
37.50 705.13
38.00 758.56
38.50 704.16
39.00 555.72
39.50 750.69
40.00 691.46
40.50 858.32
41.00 853.39
41.50 842.93
42.00 857.90
42.50 447.04
43.00 559.30
43.50 391.22
44.00 16.38
44.50 37.38
45.00 12.99
45.50 607.45
46.00 836.19
46.50 17.00
47.00 4.89
47.50 3.72
48.00 189.01
48.50 4.58
49.00 12.37
49.50 829.75
50.00 783.84
50.50 825.46
51.00 739.36
51.50 705.97
52.00 793.22
52.50 851.60
53.00 701.69
53.50 676.06
54.00 750.48
54.50 706.56
55.00 807.33
55.50 846.34
56.00 841.49
56.50 832.88
57.00 860.38
57.50 818.82
58.00 720.13
58.50 767.36
59.00 764.95
59.50 746.34
60.00 708.22
60.50 720.58
61.00 748.80
61.50 736.53
62.00 735.21
62.50 763.95
63.00 741.39
63.50 729.40
64.00 733.11
64.50 712.82
65.00 779.69
65.50 701.74
66.00 742.69
66.50 651.74
67.00 796.20
67.50 737.19
68.00 728.09
68.50 706.58
69.00 777.79
69.50 702.40
70.00 716.36
70.50 732.43
71.00 746.37
71.50 736.88
72.00 727.98
72.50 855.14
73.00 863.38
73.50 729.57
74.00 826.49
74.50 797.00
75.00 547.54
75.50 688.15
76.00 700.87
76.50 678.41
77.00 849.30
77.50 731.26
78.00 764.87
78.50 671.21
79.00 748.69
79.50 654.74
80.00 168.07
80.50 704.89
81.00 352.81
81.50 740.99
82.00 553.06
82.50 0.00
83.00 594.99
83.50 407.60
84.00 408.97
84.50 762.08
85.00 758.58
85.50 687.37
86.00 673.00
86.50 742.21
87.00 748.57
87.50 843.99
88.00 849.24
88.50 744.47
89.00 718.47
89.50 645.86
90.00 693.45
90.50 379.93
91.00 704.76
91.50 682.44
92.00 506.34
92.50 720.04
93.00 729.80
93.50 711.59
94.00 839.29
94.50 840.34
95.00 899.15
95.50 838.64
96.00 821.61
96.50 852.32
97.00 852.21
97.50 843.28
98.00 869.05
98.50 837.47
99.00 666.56
99.50 749.55
100.00 747.08
100.50 756.32
101.00 728.25
101.50 823.11
102.00 707.75
102.50 795.76
103.00 735.44
103.50 661.85
104.00 667.01
104.50 825.27
105.00 836.60
105.50 780.88
106.00 861.65
106.50 852.90
107.00 853.16
107.50 855.79
108.00 836.73
108.50 746.96
109.00 772.21
109.50 751.40
110.00 761.00
110.50 736.10
111.00 710.82
111.50 312.40
112.00 327.69
112.50 378.41
113.00 399.22
113.50 436.80
114.00 416.22
114.50 742.69
115.00 775.42
115.50 778.00
116.00 714.91
116.50 697.29
117.00 689.30
117.50 639.02
118.00 13.98
118.50 0.00
119.00 32.33
119.50 9.57
120.00 140.49
120.50 331.36
121.00 0.00
121.50 780.54
122.00 863.30
122.50 812.56
123.00 866.72
123.50 840.50
124.00 794.12
124.50 845.68
125.00 834.87
125.50 870.56
126.00 870.79
126.50 831.03
127.00 712.11
127.50 805.66
128.00 715.68
128.50 706.00
129.00 709.36
129.50 0.00
130.00 152.88
130.50 18.81
131.00 19.50
131.50 18.68
132.00 140.52
132.50 13.27
133.00 5.51
133.50 226.24
134.00 738.69
134.50 786.17
135.00 671.85
135.50 730.71
136.00 770.93
136.50 766.08
137.00 778.85
137.50 697.49
138.00 756.62
138.50 688.77
139.00 706.45
139.50 756.87
140.00 710.04
140.50 859.82
141.00 818.01
141.50 366.02
142.00 0.00
142.50 0.00
143.00 3.01
143.50 9.19
144.00 11.63
144.50 685.97
145.00 2.15
145.50 558.93
146.00 0.00
146.50 564.00
147.00 81.58
147.50 81.57
148.00 164.89
148.50 707.43
149.00 0.00
149.50 196.23
150.00 485.67
150.50 12.60
151.00 4.85
151.50 570.62
152.00 530.36
152.50 140.06
153.00 729.87
153.50 742.51
154.00 108.68
154.50 699.33
155.00 740.47
155.50 698.89
156.00 860.59
156.50 871.12
157.00 848.93
157.50 828.99
158.00 854.02
158.50 832.22
159.00 834.81
159.50 833.84
160.00 195.06
160.50 109.69
161.00 514.86
161.50 449.23
162.00 487.27
162.50 630.09
163.00 787.08
163.50 762.84
164.00 797.74
164.50 703.41
165.00 289.95
165.50 0.00
166.00 303.41
166.50 803.29
167.00 708.30
167.50 743.90
168.00 783.82
168.50 288.10
169.00 366.42
169.50 742.27
170.00 692.50
170.50 797.39
171.00 721.30
171.50 682.89
172.00 292.13
172.50 767.66
173.00 716.31
173.50 699.38
174.00 719.94
174.50 678.55
175.00 810.65
175.50 687.18
176.00 759.74
176.50 699.45
177.00 674.10
177.50 795.79
178.00 701.25
178.50 736.48
179.00 730.16
179.50 427.45
180.00 673.62
180.50 842.56
181.00 803.30
181.50 832.76
182.00 856.38
182.50 759.07
183.00 717.66
183.50 738.49
184.00 454.51
184.50 768.92
185.00 220.66
185.50 494.31
186.00 6.85
186.50 320.01
187.00 0.00
187.50 0.00
188.00 369.87
188.50 21.00
189.00 9.12
189.50 475.73
190.00 710.66
190.50 747.20
191.00 650.14
191.50 854.09
192.00 836.22
192.50 714.60
193.00 743.29
193.50 766.93
194.00 731.28
194.50 764.01
195.00 753.29
195.50 760.31
196.00 664.71
196.50 737.28
197.00 740.51
197.50 756.48
198.00 770.47
198.50 707.98
199.00 664.32
199.50 293.55
200.00 10.93
200.50 7.86
201.00 0.00
201.50 19.78
202.00 784.95
202.50 740.33
203.00 711.03
203.50 699.36
204.00 764.01
204.50 658.05
205.00 696.70
205.50 442.56
206.00 749.49
206.50 686.33
207.00 742.46
207.50 715.94
208.00 788.14
208.50 699.70
209.00 737.75
209.50 866.39
210.00 874.96
210.50 845.62
211.00 846.56
211.50 833.44
212.00 844.93
212.50 744.51
213.00 445.94
213.50 771.82
214.00 795.44
214.50 687.97
215.00 710.03
215.50 816.75
216.00 853.61
216.50 733.69
217.00 867.56
217.50 651.97
218.00 720.32
218.50 690.77
219.00 856.59
219.50 708.58
220.00 764.56
220.50 709.28
221.00 728.33
221.50 679.95
222.00 729.60
222.50 674.98
223.00 761.00
223.50 719.91
224.00 759.73
224.50 736.17
225.00 748.24
225.50 724.38
226.00 745.53
226.50 677.65
227.00 772.68
227.50 705.28
228.00 672.63
228.50 778.22
229.00 704.19
229.50 762.55
230.00 703.13
230.50 731.18
231.00 694.65
231.50 734.76
232.00 719.14
232.50 716.60
233.00 660.67
233.50 758.52
234.00 700.13
234.50 708.13
235.00 735.32
235.50 750.19
236.00 715.31
236.50 741.04
237.00 749.31
237.50 720.99
238.00 663.55
238.50 765.80
239.00 734.58
239.50 683.37
240.00 755.87
240.50 696.37
241.00 660.53
241.50 720.73
242.00 734.53
242.50 768.83
243.00 670.85
243.50 781.16
244.00 716.31
244.50 754.69
245.00 704.99
245.50 726.52
246.00 738.06
246.50 717.92
247.00 732.21
247.50 727.92
248.00 646.83
248.50 733.03
249.00 733.38
249.50 738.87
250.00 731.03
250.50 739.51
251.00 605.37
251.50 761.50
252.00 17.73
252.50 0.00
253.00 9.88
253.50 16.78
254.00 607.38
254.50 309.43
255.00 308.12
255.50 259.85
256.00 716.92
256.50 698.70
257.00 744.68
257.50 723.87
258.00 637.61
258.50 769.96
259.00 770.76
259.50 722.25
260.00 720.60
260.50 735.04
261.00 768.35
261.50 710.31
262.00 764.06
262.50 738.21
263.00 696.34
263.50 748.51
264.00 746.96
264.50 744.06
265.00 732.17
265.50 712.55
266.00 759.13
266.50 735.17
267.00 865.65
267.50 844.03
268.00 712.09
268.50 765.96
269.00 700.29
269.50 740.59
270.00 746.14
270.50 692.29
271.00 711.70
271.50 706.89
272.00 726.18
272.50 693.55
273.00 758.50
273.50 684.31
274.00 728.07
274.50 747.58
275.00 749.79
275.50 736.43
276.00 733.34
276.50 760.37
277.00 687.02
277.50 722.84
278.00 697.00
278.50 737.37
279.00 731.67
279.50 717.86
280.00 684.12
280.50 766.42
281.00 790.89
281.50 766.39
282.00 714.85
282.50 679.84
283.00 673.37
283.50 735.75
284.00 732.69
284.50 783.22
285.00 723.42
285.50 705.78
286.00 731.19
286.50 728.38
287.00 740.50
287.50 749.20
288.00 746.60
288.50 732.96
289.00 883.93
289.50 878.55
290.00 737.97
290.50 703.87
291.00 794.56
291.50 759.25
292.00 755.82
292.50 0.00
293.00 19.56
293.50 292.10
294.00 17.36
294.50 694.73
295.00 682.65
295.50 688.71
296.00 715.95
296.50 834.29
297.00 852.07
297.50 820.41
298.00 826.40
298.50 834.41
299.00 813.52
299.50 754.25
