0.00 785.81
0.50 787.07
1.00 739.44
1.50 734.83
2.00 737.06
2.50 739.05
3.00 703.78
3.50 758.33
4.00 736.08
4.50 778.33
5.00 788.06
5.50 732.62
6.00 712.04
6.50 751.39
7.00 787.85
7.50 780.26
8.00 733.89
8.50 768.32
9.00 694.84
9.50 716.09
10.00 446.75
10.50 677.00
11.00 827.02
11.50 724.79
12.00 807.09
12.50 867.73
13.00 672.78
13.50 770.19
14.00 733.14
14.50 707.20
15.00 737.59
15.50 719.97
16.00 732.63
16.50 716.08
17.00 754.96
17.50 732.21
18.00 728.89
18.50 677.05
19.00 697.00
19.50 743.78
20.00 768.17
20.50 732.16
21.00 713.43
21.50 702.14
22.00 711.92
22.50 753.14
23.00 679.58
23.50 700.62
24.00 739.27
24.50 701.79
25.00 761.67
25.50 720.35
26.00 701.94
26.50 743.24
27.00 736.04
27.50 692.71
28.00 714.39
28.50 756.46
29.00 736.73
29.50 720.86
30.00 691.51
30.50 584.87
31.00 718.62
31.50 635.25
32.00 817.51
32.50 824.62
33.00 824.96
33.50 799.57
34.00 827.12
34.50 853.67
35.00 733.27
35.50 824.96
36.00 746.05
36.50 782.17
37.00 733.06
37.50 689.00
38.00 798.88
38.50 809.88
39.00 710.24
39.50 770.61
40.00 668.64
40.50 741.93
41.00 669.86
41.50 765.87
42.00 708.00
42.50 709.68
43.00 727.51
43.50 766.89
44.00 761.61
44.50 692.86
45.00 706.35
45.50 810.91
46.00 689.29
46.50 711.80
47.00 726.04
47.50 707.07
48.00 740.38
48.50 794.18
49.00 659.43
49.50 719.65
50.00 847.08
50.50 856.70
51.00 721.85
51.50 771.85
52.00 514.83
52.50 835.19
53.00 857.39
53.50 364.17
54.00 761.97
54.50 730.89
55.00 769.85
55.50 762.98
56.00 230.55
56.50 146.98
57.00 248.00
57.50 403.21
58.00 754.28
58.50 749.32
59.00 758.87
59.50 753.30
60.00 747.20
60.50 738.88
61.00 728.54
61.50 666.87
62.00 117.37
62.50 688.40
63.00 213.31
63.50 166.19
64.00 349.50
64.50 278.13
65.00 771.03
65.50 735.33
66.00 771.10
66.50 699.76
67.00 713.15
67.50 803.48
68.00 816.15
68.50 718.92
69.00 756.73
69.50 894.48
70.00 814.53
70.50 672.58
71.00 701.70
71.50 710.26
72.00 777.98
72.50 738.61
73.00 727.72
73.50 683.05
74.00 704.24
74.50 702.25
75.00 760.88
75.50 731.76
76.00 681.09
76.50 710.98
77.00 719.96
77.50 710.33
78.00 729.29
78.50 845.74
79.00 813.41
79.50 701.37
80.00 709.31
80.50 311.90
81.00 697.25
81.50 711.21
82.00 698.61
82.50 663.12
83.00 810.45
83.50 855.20
84.00 882.29
84.50 817.50
85.00 848.00
85.50 863.91
86.00 861.88
86.50 850.16
87.00 719.60
87.50 717.97
88.00 666.53
88.50 858.77
89.00 683.63
89.50 690.86
90.00 692.74
90.50 692.95
91.00 829.08
91.50 810.57
92.00 734.17
92.50 694.48
93.00 711.65
93.50 710.41
94.00 683.67
94.50 721.96
95.00 703.20
95.50 685.25
96.00 693.66
96.50 144.01
97.00 740.21
97.50 685.97
98.00 741.43
98.50 699.09
99.00 760.24
99.50 826.32
100.00 696.72
100.50 774.10
101.00 830.67
101.50 698.16
102.00 683.07
102.50 694.89
103.00 691.79
103.50 682.41
104.00 731.13
104.50 748.89
105.00 708.57
105.50 659.12
106.00 731.26
106.50 731.19
107.00 828.71
107.50 721.68
108.00 754.13
108.50 869.59
109.00 811.82
109.50 789.38
110.00 684.00
110.50 725.09
111.00 734.51
111.50 365.77
112.00 684.53
112.50 804.06
113.00 494.30
113.50 6.14
114.00 412.77
114.50 7.11
115.00 188.41
115.50 621.51
116.00 736.63
116.50 765.76
117.00 714.41
117.50 712.40
118.00 734.82
118.50 709.18
119.00 693.07
119.50 733.22
120.00 749.51
120.50 727.81
121.00 750.01
121.50 774.94
122.00 738.17
122.50 767.91
123.00 673.62
123.50 730.04
124.00 728.56
124.50 743.09
125.00 752.88
125.50 744.35
126.00 747.69
126.50 667.15
127.00 744.85
127.50 734.84
128.00 759.73
128.50 724.92
129.00 724.97
129.50 720.37
130.00 774.03
130.50 663.14
131.00 690.34
131.50 681.34
132.00 893.74
132.50 702.64
133.00 852.16
133.50 705.07
134.00 641.55
134.50 832.24
135.00 741.62
135.50 674.37
136.00 691.78
136.50 677.58
137.00 804.97
137.50 886.11
138.00 829.14
138.50 705.45
139.00 718.77
139.50 650.81
140.00 841.15
140.50 716.99
141.00 878.04
141.50 803.94
142.00 841.61
142.50 857.84
143.00 853.45
143.50 777.26
144.00 464.73
144.50 717.48
145.00 670.69
145.50 748.04
146.00 752.71
146.50 743.98
147.00 771.11
147.50 755.60
148.00 796.31
148.50 770.48
149.00 769.42
149.50 787.40
150.00 774.49
150.50 741.24
151.00 829.41
151.50 855.11
152.00 834.69
152.50 849.15
153.00 850.81
153.50 351.79
154.00 629.94
154.50 5.97
155.00 6.87
155.50 18.21
156.00 512.15
156.50 166.79
157.00 423.03
157.50 279.02
158.00 718.26
158.50 726.31
159.00 768.12
159.50 748.20
160.00 711.45
160.50 794.34
161.00 698.21
161.50 729.20
162.00 718.52
162.50 754.79
163.00 746.83
163.50 705.33
164.00 780.87
164.50 726.31
165.00 744.57
165.50 691.79
166.00 712.80
166.50 681.37
167.00 413.50
167.50 570.57
168.00 357.98
168.50 8.99
169.00 354.27
169.50 268.36
170.00 442.47
170.50 443.35
171.00 633.70
171.50 557.89
172.00 625.56
172.50 694.60
173.00 807.20
173.50 834.78
174.00 779.31
174.50 707.87
175.00 787.56
175.50 716.32
176.00 282.52
176.50 682.98
177.00 876.95
177.50 698.36
178.00 726.34
178.50 733.41
179.00 714.71
179.50 742.79
180.00 777.42
180.50 711.76
181.00 802.45
181.50 736.45
182.00 700.76
182.50 730.97
183.00 776.42
183.50 780.76
184.00 734.88
184.50 760.85
185.00 723.00
185.50 734.08
186.00 741.12
186.50 733.59
187.00 745.07
187.50 749.80
188.00 712.72
188.50 717.75
189.00 707.10
189.50 798.29
190.00 716.37
190.50 810.10
191.00 774.55
191.50 626.61
192.00 657.31
192.50 770.26
193.00 661.61
193.50 807.85
194.00 715.91
194.50 735.71
195.00 870.78
195.50 837.00
196.00 850.25
196.50 807.52
197.00 853.16
197.50 832.11
198.00 841.64
198.50 740.09
199.00 246.19
199.50 473.65
200.00 4.56
200.50 445.55
201.00 382.81
201.50 693.87
202.00 835.63
202.50 723.84
203.00 735.49
203.50 724.16
204.00 855.22
204.50 831.48
205.00 852.57
205.50 840.79
206.00 793.36
206.50 827.94
207.00 831.93
207.50 871.38
208.00 838.21
208.50 863.98
209.00 868.54
209.50 738.73
210.00 770.28
210.50 710.83
211.00 853.56
211.50 827.74
212.00 528.31
212.50 753.51
213.00 722.67
213.50 772.43
214.00 777.02
214.50 686.49
215.00 705.16
215.50 701.76
216.00 732.51
216.50 725.99
217.00 736.27
217.50 692.99
218.00 766.75
218.50 724.83
219.00 749.17
219.50 788.25
220.00 741.77
220.50 710.13
221.00 739.15
221.50 717.14
222.00 713.98
222.50 780.02
223.00 821.36
223.50 830.71
224.00 843.75
224.50 844.39
225.00 739.70
225.50 862.75
226.00 666.77
226.50 106.76
227.00 465.79
227.50 373.10
228.00 738.59
228.50 754.16
229.00 734.18
229.50 752.74
230.00 755.87
230.50 758.25
231.00 657.14
231.50 732.73
232.00 822.76
232.50 857.04
233.00 854.79
233.50 832.39
234.00 819.88
234.50 851.68
235.00 851.72
235.50 794.66
236.00 819.79
236.50 841.13
237.00 173.20
237.50 444.00
238.00 665.20
238.50 363.58
239.00 710.75
239.50 686.39
240.00 817.44
240.50 808.70
241.00 830.10
241.50 809.96
242.00 708.10
242.50 605.31
243.00 715.11
243.50 694.95
244.00 718.38
244.50 688.66
245.00 791.45
245.50 697.11
246.00 709.70
246.50 727.72
247.00 678.18
247.50 732.81
248.00 761.15
248.50 737.45
249.00 738.42
249.50 721.77
250.00 641.27
250.50 695.21
251.00 710.47
251.50 715.08
252.00 690.66
252.50 710.55
253.00 734.04
253.50 709.61
254.00 683.14
254.50 700.69
255.00 724.01
255.50 813.70
256.00 722.10
256.50 740.03
257.00 695.94
257.50 748.35
258.00 708.79
258.50 731.88
259.00 698.81
259.50 754.03
260.00 710.13
260.50 739.23
261.00 849.37
261.50 868.41
262.00 863.21
262.50 841.61
263.00 869.46
263.50 778.52
264.00 708.78
264.50 738.91
265.00 709.21
265.50 755.92
266.00 760.15
266.50 670.24
267.00 276.17
267.50 707.37
268.00 711.28
268.50 775.81
269.00 723.96
269.50 698.58
270.00 743.13
270.50 752.06
271.00 856.23
271.50 679.38
272.00 724.63
272.50 818.72
273.00 734.34
273.50 121.69
274.00 685.23
274.50 711.76
275.00 803.19
275.50 713.78
276.00 798.59
276.50 690.44
277.00 854.75
277.50 684.19
278.00 709.15
278.50 728.59
279.00 677.13
279.50 690.91
280.00 688.51
280.50 737.64
281.00 714.96
281.50 795.09
282.00 720.88
282.50 711.10
283.00 731.21
283.50 728.82
284.00 878.14
284.50 693.57
285.00 688.81
285.50 604.82
286.00 734.12
286.50 696.80
287.00 703.82
287.50 831.52
288.00 728.97
288.50 692.92
289.00 703.33
289.50 805.73
290.00 788.40
290.50 820.51
291.00 209.45
291.50 337.78
292.00 697.61
292.50 730.21
293.00 688.09
293.50 486.66
294.00 704.14
294.50 668.87
295.00 724.73
295.50 684.36
296.00 759.12
296.50 704.51
297.00 597.60
297.50 553.11
298.00 709.78
298.50 689.35
299.00 476.42
299.50 724.09
