0.00 696.72
0.50 720.10
1.00 840.49
1.50 887.18
2.00 835.00
2.50 789.46
3.00 550.41
3.50 195.99
4.00 732.99
4.50 817.17
5.00 734.15
5.50 242.51
6.00 711.06
6.50 530.11
7.00 727.04
7.50 697.08
8.00 736.80
8.50 740.66
9.00 711.13
9.50 741.22
10.00 738.84
10.50 835.46
11.00 744.58
11.50 845.82
12.00 827.52
12.50 832.02
13.00 702.69
13.50 719.07
14.00 710.85
14.50 784.63
15.00 760.92
15.50 740.62
16.00 704.00
16.50 770.35
17.00 771.54
17.50 752.43
18.00 728.90
18.50 698.08
19.00 733.54
19.50 713.99
20.00 744.72
20.50 719.54
21.00 744.85
21.50 692.23
22.00 829.17
22.50 777.52
23.00 789.03
23.50 729.62
24.00 753.33
24.50 659.68
25.00 737.15
25.50 736.46
26.00 695.26
26.50 705.00
27.00 766.19
27.50 746.05
28.00 790.77
28.50 719.91
29.00 756.08
29.50 685.71
30.00 782.94
30.50 692.04
31.00 745.69
31.50 735.75
32.00 725.99
32.50 737.36
33.00 736.85
33.50 749.77
34.00 773.22
34.50 715.80
35.00 762.11
35.50 773.15
36.00 694.93
36.50 755.70
37.00 706.69
37.50 741.04
38.00 764.99
38.50 671.47
39.00 747.69
39.50 733.22
40.00 792.72
40.50 694.90
41.00 752.17
41.50 688.10
42.00 720.77
42.50 822.90
43.00 701.41
43.50 1.42
44.00 16.20
44.50 7.21
45.00 0.00
45.50 189.46
46.00 109.25
46.50 831.43
47.00 846.26
47.50 684.62
48.00 717.16
48.50 785.18
49.00 15.80
49.50 13.25
50.00 2.82
50.50 6.10
51.00 425.01
51.50 527.45
52.00 0.00
52.50 0.00
53.00 20.83
53.50 309.75
54.00 3.80
54.50 33.93
55.00 4.01
55.50 36.46
56.00 572.14
56.50 706.25
57.00 704.26
57.50 677.03
58.00 748.72
58.50 790.86
59.00 696.88
59.50 746.01
60.00 755.44
60.50 821.87
61.00 747.35
61.50 827.02
62.00 831.23
62.50 844.52
63.00 868.26
63.50 837.06
64.00 840.78
64.50 746.71
65.00 696.72
65.50 739.10
66.00 756.15
66.50 739.96
67.00 715.90
67.50 714.45
68.00 726.49
68.50 678.16
69.00 706.46
69.50 706.29
70.00 802.58
70.50 723.37
71.00 738.22
71.50 731.23
72.00 726.59
72.50 727.43
73.00 787.98
73.50 762.12
74.00 813.19
74.50 735.00
75.00 820.93
75.50 855.29
76.00 687.65
76.50 799.23
77.00 832.27
77.50 703.32
78.00 732.07
78.50 739.92
79.00 762.44
79.50 731.98
80.00 725.83
80.50 726.72
81.00 778.06
81.50 708.83
82.00 760.37
82.50 287.67
83.00 692.75
83.50 696.66
84.00 334.42
84.50 10.31
85.00 5.98
85.50 354.05
86.00 0.00
86.50 0.00
87.00 16.79
87.50 2.46
88.00 0.00
88.50 13.49
89.00 3.19
89.50 3.43
90.00 23.74
90.50 774.77
91.00 752.57
91.50 737.66
92.00 760.06
92.50 698.91
93.00 685.47
93.50 699.66
94.00 752.44
94.50 768.82
95.00 795.09
95.50 758.49
96.00 695.57
96.50 745.65
97.00 722.39
97.50 758.68
98.00 784.99
98.50 661.76
99.00 739.66
99.50 788.28
100.00 712.47
100.50 727.18
101.00 730.62
101.50 789.14
102.00 768.70
102.50 791.24
103.00 703.78
103.50 727.21
104.00 757.39
104.50 670.42
105.00 720.61
105.50 719.95
106.00 707.95
106.50 699.81
107.00 771.45
107.50 722.86
108.00 703.64
108.50 772.24
109.00 775.43
109.50 724.01
110.00 886.40
110.50 725.18
111.00 717.44
111.50 762.54
112.00 803.22
112.50 817.46
113.00 768.01
113.50 735.62
114.00 731.75
114.50 716.92
115.00 745.97
115.50 659.47
116.00 643.40
116.50 774.57
117.00 764.12
117.50 739.02
118.00 712.63
118.50 704.27
119.00 682.85
119.50 817.04
120.00 700.26
120.50 758.13
121.00 371.84
121.50 25.84
122.00 643.66
122.50 295.93
123.00 315.46
123.50 313.02
124.00 14.93
124.50 716.86
125.00 674.09
125.50 715.89
126.00 678.60
126.50 685.04
127.00 850.16
127.50 868.33
128.00 823.08
128.50 680.26
129.00 767.22
129.50 787.00
130.00 832.94
130.50 724.59
131.00 717.34
131.50 702.15
132.00 743.01
132.50 294.50
133.00 490.14
133.50 0.00
134.00 735.66
134.50 748.26
135.00 707.12
135.50 857.03
136.00 865.05
136.50 848.17
137.00 835.95
137.50 840.22
138.00 837.53
138.50 860.44
139.00 837.59
139.50 839.55
140.00 836.51
140.50 851.41
141.00 837.29
141.50 813.25
142.00 868.35
142.50 851.30
143.00 837.98
143.50 826.14
144.00 829.15
144.50 855.47
145.00 524.02
145.50 692.89
146.00 869.93
146.50 868.32
147.00 833.29
147.50 817.52
148.00 859.35
148.50 829.12
149.00 416.95
149.50 727.06
150.00 666.61
150.50 726.37
151.00 686.81
151.50 785.97
152.00 774.62
152.50 799.12
153.00 760.06
153.50 787.71
154.00 823.46
154.50 848.36
155.00 857.59
155.50 853.77
156.00 734.63
156.50 760.11
157.00 351.11
157.50 10.85
158.00 22.28
158.50 752.31
159.00 738.19
159.50 729.24
160.00 772.91
160.50 719.11
161.00 707.80
161.50 693.86
162.00 683.63
162.50 736.52
163.00 741.62
163.50 771.97
164.00 710.93
164.50 745.55
165.00 777.85
165.50 723.18
166.00 752.27
166.50 715.18
167.00 767.37
167.50 708.51
168.00 717.74
168.50 710.46
169.00 716.92
169.50 757.81
170.00 659.85
170.50 682.72
171.00 775.11
171.50 739.61
172.00 698.71
172.50 736.84
173.00 706.43
173.50 712.88
174.00 684.48
174.50 717.05
175.00 805.09
175.50 627.66
176.00 770.20
176.50 765.47
177.00 738.23
177.50 733.76
178.00 756.39
178.50 741.22
179.00 750.13
179.50 733.43
180.00 722.08
180.50 720.85
181.00 755.99
181.50 727.29
182.00 801.90
182.50 718.49
183.00 726.98
183.50 3.24
184.00 116.68
184.50 240.55
185.00 828.38
185.50 758.53
186.00 856.81
186.50 870.29
187.00 838.98
187.50 154.47
188.00 745.16
188.50 787.35
189.00 677.31
189.50 713.34
190.00 748.05
190.50 763.01
191.00 789.01
191.50 766.60
192.00 694.74
192.50 759.17
193.00 852.03
193.50 851.41
194.00 824.04
194.50 825.03
195.00 830.78
195.50 839.73
196.00 306.08
196.50 453.50
197.00 293.38
197.50 653.04
198.00 639.96
198.50 830.02
199.00 827.50
199.50 828.26
200.00 862.09
200.50 818.88
201.00 847.46
201.50 878.67
202.00 820.81
202.50 844.94
203.00 833.28
203.50 870.44
204.00 723.48
204.50 649.52
205.00 804.83
205.50 761.54
206.00 864.24
206.50 830.87
207.00 790.82
207.50 700.59
208.00 616.15
208.50 722.41
209.00 774.15
209.50 703.26
210.00 900.00
210.50 747.99
211.00 701.95
211.50 700.39
212.00 794.83
212.50 815.44
213.00 893.41
213.50 719.20
214.00 795.99
214.50 682.10
215.00 843.21
215.50 700.76
216.00 900.00
216.50 667.34
217.00 730.89
217.50 696.44
218.00 776.63
218.50 853.73
219.00 841.63
219.50 772.47
220.00 713.94
220.50 703.41
221.00 661.26
221.50 740.16
222.00 900.00
222.50 753.88
223.00 815.41
223.50 705.88
224.00 804.91
224.50 787.24
225.00 663.46
225.50 696.37
226.00 721.75
226.50 803.68
227.00 702.70
227.50 710.01
228.00 744.43
228.50 718.49
229.00 379.23
229.50 771.48
230.00 689.71
230.50 684.39
231.00 705.79
231.50 491.34
232.00 309.71
232.50 777.28
233.00 728.61
233.50 853.18
234.00 725.40
234.50 821.01
235.00 705.11
235.50 700.37
236.00 748.14
236.50 694.98
237.00 709.26
237.50 685.84
238.00 659.14
238.50 708.44
239.00 688.43
239.50 675.05
240.00 664.44
240.50 673.13
241.00 861.30
241.50 705.76
242.00 790.70
242.50 786.52
243.00 701.23
243.50 693.18
244.00 803.38
244.50 786.13
245.00 758.19
245.50 724.58
246.00 723.62
246.50 743.36
247.00 703.35
247.50 721.15
248.00 745.08
248.50 773.20
249.00 695.79
249.50 756.20
250.00 789.60
250.50 768.15
251.00 708.94
251.50 730.86
252.00 783.56
252.50 705.40
253.00 683.03
253.50 748.24
254.00 731.75
254.50 749.14
255.00 731.59
255.50 723.00
256.00 757.69
256.50 685.39
257.00 727.20
257.50 735.28
258.00 761.60
258.50 698.06
259.00 720.57
259.50 722.76
260.00 818.64
260.50 847.79
261.00 874.02
261.50 840.61
262.00 808.60
262.50 703.54
263.00 756.55
263.50 790.09
264.00 867.35
264.50 851.22
265.00 802.86
265.50 806.57
266.00 195.80
266.50 539.57
267.00 722.98
267.50 691.40
268.00 705.50
268.50 231.33
269.00 323.58
269.50 682.05
270.00 830.96
270.50 834.02
271.00 728.31
271.50 736.17
272.00 287.38
272.50 744.47
273.00 710.26
273.50 666.31
274.00 360.63
274.50 348.84
275.00 0.00
275.50 0.00
276.00 860.20
276.50 847.81
277.00 861.29
277.50 737.59
278.00 678.54
278.50 762.20
279.00 747.38
279.50 858.56
280.00 807.57
280.50 852.40
281.00 841.59
281.50 852.23
282.00 865.43
282.50 864.08
283.00 829.82
283.50 717.12
284.00 756.62
284.50 417.83
285.00 0.00
285.50 21.70
286.00 609.94
286.50 777.77
287.00 854.48
287.50 820.86
288.00 798.12
288.50 827.82
289.00 725.57
289.50 676.82
290.00 663.89
290.50 740.19
291.00 751.77
291.50 728.37
292.00 805.68
292.50 717.99
293.00 699.36
293.50 2.19
294.00 546.72
294.50 517.06
295.00 467.44
295.50 839.10
296.00 736.56
296.50 726.32
297.00 718.53
297.50 693.81
298.00 799.97
298.50 764.43
299.00 707.59
299.50 677.67
