0.00 728.02
0.50 748.18
1.00 716.34
1.50 725.64
2.00 788.63
2.50 768.28
3.00 756.75
3.50 733.79
4.00 749.84
4.50 684.30
5.00 697.58
5.50 717.32
6.00 729.37
6.50 742.87
7.00 754.36
7.50 688.37
8.00 708.58
8.50 752.49
9.00 768.41
9.50 754.72
10.00 669.86
10.50 678.53
11.00 763.31
11.50 698.99
12.00 703.49
12.50 695.62
13.00 537.06
13.50 9.18
14.00 229.82
14.50 0.00
15.00 13.95
15.50 16.87
16.00 7.59
16.50 571.39
17.00 0.00
17.50 761.14
18.00 836.56
18.50 829.65
19.00 670.32
19.50 708.88
20.00 760.04
20.50 0.07
21.00 13.07
21.50 0.00
22.00 574.44
22.50 662.26
23.00 664.69
23.50 619.28
24.00 5.86
24.50 149.91
25.00 2.44
25.50 2.26
26.00 176.83
26.50 89.52
27.00 734.88
27.50 765.68
28.00 512.37
28.50 735.77
29.00 236.29
29.50 74.69
30.00 397.70
30.50 643.93
31.00 671.46
31.50 731.12
32.00 813.23
32.50 855.18
33.00 838.25
33.50 831.30
34.00 831.70
34.50 740.38
35.00 376.03
35.50 754.76
36.00 761.89
36.50 619.74
37.00 815.35
37.50 865.19
38.00 844.78
38.50 741.33
39.00 736.40
39.50 835.84
40.00 830.14
40.50 715.27
41.00 840.10
41.50 843.83
42.00 801.13
42.50 696.08
43.00 719.00
43.50 717.45
44.00 637.75
44.50 858.56
45.00 775.52
45.50 724.31
46.00 764.32
46.50 744.12
47.00 696.70
47.50 713.28
48.00 735.68
48.50 761.53
49.00 766.07
49.50 696.26
50.00 722.09
50.50 717.48
51.00 722.94
51.50 708.38
52.00 725.66
52.50 873.08
53.00 728.63
53.50 742.90
54.00 696.61
54.50 856.63
55.00 737.76
55.50 704.22
56.00 701.66
56.50 708.25
57.00 705.18
57.50 376.69
58.00 735.02
58.50 710.47
59.00 697.61
59.50 735.07
60.00 821.47
60.50 846.95
61.00 900.00
61.50 812.66
62.00 748.25
62.50 725.50
63.00 672.71
63.50 708.77
64.00 824.44
64.50 687.47
65.00 753.31
65.50 805.34
66.00 724.31
66.50 764.31
67.00 769.06
67.50 143.34
68.00 525.95
68.50 128.30
69.00 733.57
69.50 743.82
70.00 685.44
70.50 720.03
71.00 773.09
71.50 717.75
72.00 697.06
72.50 690.80
73.00 658.03
73.50 891.46
74.00 696.79
74.50 689.17
75.00 780.63
75.50 721.80
76.00 688.24
76.50 704.04
77.00 730.63
77.50 728.55
78.00 865.49
78.50 699.72
79.00 704.42
79.50 727.52
80.00 684.69
80.50 713.94
81.00 814.45
81.50 683.17
82.00 720.82
82.50 720.03
83.00 620.61
83.50 756.71
84.00 692.09
84.50 852.22
85.00 774.24
85.50 656.04
86.00 695.11
86.50 686.01
87.00 731.68
87.50 630.13
88.00 228.23
88.50 9.34
89.00 9.07
89.50 2.91
90.00 10.04
90.50 8.21
91.00 206.16
91.50 97.65
92.00 134.12
92.50 507.50
93.00 773.87
93.50 704.54
94.00 784.30
94.50 714.41
95.00 734.93
95.50 707.77
96.00 711.88
96.50 792.50
97.00 762.65
97.50 731.42
98.00 752.60
98.50 692.37
99.00 763.73
99.50 755.17
100.00 714.43
100.50 722.78
101.00 745.90
101.50 777.30
102.00 665.26
102.50 720.24
103.00 692.75
103.50 712.89
104.00 681.97
104.50 837.97
105.00 846.22
105.50 834.33
106.00 840.65
106.50 692.48
107.00 733.48
107.50 767.60
108.00 730.34
108.50 728.36
109.00 726.16
109.50 682.80
110.00 731.39
110.50 678.84
111.00 773.68
111.50 680.46
112.00 520.10
112.50 688.99
113.00 701.87
113.50 686.36
114.00 541.01
114.50 361.89
115.00 315.32
115.50 9.15
116.00 516.45
116.50 731.28
117.00 12.80
117.50 3.15
118.00 0.00
118.50 0.00
119.00 19.01
119.50 0.00
120.00 758.64
120.50 734.53
121.00 749.80
121.50 772.11
122.00 746.70
122.50 749.75
123.00 673.90
123.50 706.90
124.00 741.02
124.50 787.92
125.00 706.45
125.50 743.55
126.00 747.55
126.50 704.95
127.00 762.26
127.50 703.53
128.00 690.74
128.50 712.50
129.00 730.69
129.50 756.41
130.00 684.14
130.50 775.39
131.00 729.27
131.50 737.82
132.00 726.28
132.50 789.95
133.00 794.13
133.50 739.06
134.00 755.43
134.50 502.19
135.00 572.45
135.50 670.64
136.00 1.03
136.50 495.55
137.00 744.10
137.50 670.98
138.00 790.51
138.50 802.75
139.00 778.62
139.50 709.34
140.00 752.91
140.50 717.07
141.00 739.45
141.50 725.57
142.00 727.71
142.50 789.94
143.00 728.95
143.50 697.57
144.00 780.29
144.50 718.24
145.00 763.30
145.50 703.22
146.00 713.31
146.50 742.10
147.00 704.91
147.50 719.75
148.00 794.70
148.50 758.73
149.00 771.82
149.50 749.52
150.00 719.86
150.50 788.01
151.00 659.84
151.50 674.38
152.00 733.17
152.50 660.85
153.00 848.40
153.50 836.80
154.00 869.35
154.50 841.58
155.00 813.70
155.50 701.63
156.00 848.24
156.50 773.93
157.00 847.25
157.50 831.11
158.00 828.19
158.50 816.39
159.00 762.05
159.50 722.22
160.00 787.35
160.50 754.42
161.00 782.79
161.50 856.40
162.00 858.90
162.50 687.36
163.00 432.88
163.50 753.13
164.00 717.02
164.50 730.06
165.00 840.59
165.50 873.58
166.00 860.69
166.50 850.35
167.00 832.69
167.50 793.46
168.00 733.35
168.50 690.85
169.00 785.67
169.50 290.49
170.00 150.88
170.50 262.11
171.00 516.43
171.50 357.85
172.00 3.47
172.50 14.16
173.00 401.40
173.50 344.68
174.00 434.37
174.50 194.56
175.00 0.00
175.50 220.48
176.00 769.94
176.50 457.41
177.00 209.71
177.50 14.89
178.00 4.39
178.50 10.12
179.00 12.81
179.50 23.26
180.00 13.56
180.50 712.54
181.00 694.17
181.50 721.02
182.00 694.94
182.50 771.12
183.00 732.20
183.50 771.90
184.00 377.80
184.50 658.48
185.00 0.17
185.50 729.22
186.00 797.43
186.50 741.00
187.00 700.15
187.50 737.25
188.00 699.77
188.50 754.22
189.00 739.92
189.50 728.55
190.00 708.82
190.50 713.12
191.00 714.76
191.50 507.29
192.00 705.43
192.50 701.67
193.00 237.61
193.50 822.88
194.00 821.43
194.50 784.46
195.00 716.24
195.50 842.64
196.00 709.40
196.50 710.58
197.00 840.26
197.50 870.23
198.00 772.16
198.50 755.32
199.00 703.68
199.50 698.99
200.00 703.28
200.50 702.76
201.00 695.35
201.50 776.42
202.00 731.41
202.50 755.86
203.00 698.81
203.50 718.48
204.00 856.60
204.50 681.15
205.00 728.14
205.50 680.67
206.00 733.77
206.50 859.28
207.00 768.90
207.50 562.45
208.00 21.77
208.50 13.30
209.00 0.00
209.50 13.93
210.00 864.45
210.50 881.75
211.00 778.91
211.50 710.41
212.00 703.74
212.50 706.04
213.00 712.83
213.50 900.00
214.00 900.00
214.50 703.61
215.00 769.20
215.50 900.00
216.00 785.89
216.50 785.43
217.00 818.10
217.50 870.32
218.00 795.35
218.50 704.31
219.00 755.04
219.50 669.27
220.00 4.28
220.50 0.00
221.00 211.39
221.50 662.80
222.00 764.80
222.50 699.84
223.00 738.48
223.50 765.21
224.00 676.10
224.50 811.85
225.00 850.23
225.50 618.55
226.00 680.76
226.50 795.35
227.00 566.66
227.50 743.87
228.00 717.40
228.50 748.25
229.00 718.64
229.50 750.36
230.00 761.18
230.50 696.39
231.00 785.03
231.50 725.14
232.00 723.30
232.50 738.86
233.00 710.47
233.50 796.59
234.00 723.87
234.50 720.46
235.00 739.71
235.50 729.80
236.00 769.60
236.50 776.97
237.00 687.22
237.50 746.39
238.00 693.07
238.50 799.91
239.00 772.46
239.50 721.97
240.00 756.97
240.50 737.05
241.00 749.55
241.50 764.34
242.00 794.95
242.50 695.71
243.00 479.40
243.50 705.64
244.00 667.90
244.50 286.72
245.00 661.98
245.50 759.96
246.00 724.36
246.50 661.58
247.00 708.80
247.50 569.73
248.00 642.08
248.50 699.24
249.00 712.19
249.50 749.78
250.00 680.94
250.50 687.35
251.00 680.46
251.50 725.33
252.00 836.79
252.50 858.55
253.00 809.97
253.50 858.63
254.00 684.62
254.50 732.79
255.00 716.15
255.50 736.13
256.00 740.01
256.50 764.50
257.00 762.23
257.50 700.48
258.00 718.66
258.50 759.75
259.00 700.96
259.50 695.15
260.00 746.19
260.50 708.80
261.00 716.35
261.50 755.33
262.00 702.52
262.50 705.50
263.00 708.21
263.50 705.88
264.00 717.28
264.50 394.88
265.00 241.28
265.50 603.41
266.00 26.55
266.50 17.13
267.00 173.80
267.50 719.01
268.00 402.98
268.50 685.12
269.00 802.99
269.50 412.36
270.00 18.00
270.50 658.99
271.00 719.86
271.50 870.04
272.00 681.51
272.50 721.83
273.00 766.69
273.50 782.61
274.00 842.32
274.50 711.56
275.00 869.02
275.50 701.26
276.00 816.03
276.50 783.49
277.00 607.45
277.50 394.37
278.00 512.85
278.50 728.93
279.00 731.34
279.50 719.85
280.00 691.77
280.50 708.18
281.00 700.12
281.50 882.02
282.00 723.04
282.50 703.47
283.00 715.37
283.50 445.74
284.00 793.09
284.50 723.57
285.00 682.81
285.50 682.97
286.00 858.65
286.50 632.36
287.00 715.56
287.50 684.93
288.00 709.76
288.50 721.80
289.00 701.43
289.50 737.94
290.00 742.93
290.50 761.54
291.00 748.52
291.50 756.81
292.00 742.78
292.50 732.84
293.00 900.00
293.50 309.14
294.00 135.78
294.50 545.86
295.00 731.66
295.50 12.06
296.00 0.10
296.50 350.72
297.00 733.10
297.50 744.94
298.00 722.37
298.50 735.45
299.00 745.54
299.50 704.96
