0.00 761.98
0.50 791.77
1.00 748.23
1.50 752.47
2.00 750.39
2.50 655.95
3.00 696.50
3.50 710.46
4.00 718.44
4.50 676.64
5.00 733.33
5.50 746.82
6.00 775.70
6.50 755.67
7.00 729.97
7.50 697.29
8.00 701.90
8.50 779.08
9.00 879.28
9.50 758.67
10.00 676.74
10.50 701.93
11.00 750.15
11.50 675.28
12.00 685.45
12.50 695.80
13.00 687.99
13.50 702.05
14.00 735.16
14.50 786.29
15.00 807.36
15.50 676.44
16.00 702.21
16.50 698.66
17.00 804.94
17.50 786.18
18.00 887.29
18.50 853.10
19.00 839.37
19.50 863.54
20.00 805.69
20.50 806.44
21.00 20.88
21.50 0.00
22.00 10.70
22.50 320.73
23.00 779.55
23.50 713.83
24.00 735.06
24.50 727.82
25.00 704.36
25.50 705.42
26.00 714.36
26.50 724.15
27.00 777.69
27.50 791.63
28.00 742.55
28.50 691.46
29.00 734.14
29.50 751.58
30.00 659.32
30.50 791.69
31.00 757.37
31.50 685.73
32.00 761.16
32.50 748.52
33.00 675.21
33.50 736.95
34.00 706.96
34.50 687.47
35.00 708.49
35.50 747.21
36.00 679.32
36.50 784.14
37.00 795.58
37.50 760.61
38.00 702.32
38.50 707.03
39.00 742.52
39.50 717.32
40.00 760.92
40.50 754.02
41.00 729.27
41.50 688.99
42.00 678.29
42.50 689.82
43.00 716.80
43.50 72.87
44.00 0.00
44.50 0.00
45.00 0.00
45.50 834.85
46.00 0.00
46.50 711.01
47.00 726.83
47.50 807.84
48.00 720.25
48.50 691.04
49.00 732.11
49.50 725.55
50.00 712.43
50.50 768.27
51.00 763.84
51.50 764.69
52.00 742.21
52.50 722.43
53.00 776.23
53.50 702.98
54.00 726.35
54.50 718.73
55.00 748.93
55.50 750.23
56.00 671.08
56.50 705.94
57.00 737.80
57.50 709.68
58.00 702.61
58.50 711.72
59.00 720.12
59.50 703.53
60.00 787.30
60.50 729.23
61.00 733.18
61.50 697.85
62.00 766.11
62.50 725.09
63.00 740.28
63.50 729.93
64.00 737.66
64.50 895.64
65.00 287.61
65.50 840.61
66.00 731.68
66.50 451.83
67.00 726.06
67.50 733.33
68.00 734.92
68.50 716.99
69.00 599.27
69.50 722.53
70.00 743.90
70.50 481.89
71.00 689.52
71.50 696.94
72.00 802.10
72.50 832.58
73.00 842.19
73.50 859.22
74.00 724.22
74.50 740.54
75.00 806.06
75.50 692.86
76.00 607.35
76.50 719.47
77.00 699.95
77.50 813.32
78.00 857.68
78.50 853.07
79.00 745.09
79.50 741.19
80.00 721.12
80.50 778.99
81.00 753.87
81.50 815.33
82.00 724.63
82.50 737.44
83.00 699.54
83.50 765.61
84.00 676.23
84.50 746.23
85.00 713.73
85.50 737.68
86.00 705.06
86.50 741.73
87.00 727.85
87.50 867.05
88.00 757.39
88.50 720.24
89.00 683.38
89.50 732.21
90.00 826.56
90.50 758.09
91.00 832.76
91.50 880.76
92.00 682.46
92.50 791.04
93.00 765.44
93.50 736.85
94.00 706.43
94.50 842.51
95.00 823.77
95.50 729.41
96.00 818.58
96.50 727.71
97.00 837.84
97.50 843.85
98.00 830.79
98.50 208.80
99.00 380.12
99.50 709.89
100.00 836.84
100.50 828.58
101.00 857.74
101.50 870.61
102.00 845.34
102.50 823.79
103.00 722.61
103.50 841.03
104.00 838.56
104.50 817.41
105.00 802.38
105.50 626.63
106.00 861.11
106.50 868.73
107.00 829.70
107.50 867.93
108.00 845.40
108.50 657.31
109.00 753.81
109.50 848.94
110.00 828.76
110.50 840.22
111.00 896.77
111.50 822.32
112.00 698.67
112.50 743.75
113.00 713.98
113.50 756.59
114.00 689.12
114.50 725.63
115.00 200.65
115.50 1.95
116.00 23.68
116.50 346.48
117.00 744.74
117.50 716.18
118.00 694.81
118.50 756.07
119.00 680.36
119.50 782.95
120.00 840.26
120.50 847.30
121.00 805.89
121.50 753.48
122.00 854.22
122.50 844.25
123.00 823.59
123.50 121.36
124.00 665.79
124.50 733.61
125.00 727.09
125.50 746.41
126.00 710.77
126.50 732.08
127.00 736.39
127.50 725.48
128.00 732.52
128.50 817.74
129.00 814.62
129.50 851.20
130.00 826.94
130.50 853.68
131.00 852.92
131.50 805.07
132.00 128.86
132.50 264.44
133.00 0.00
133.50 484.28
134.00 3.85
134.50 774.48
135.00 854.49
135.50 825.59
136.00 806.78
136.50 837.08
137.00 817.90
137.50 845.82
138.00 807.61
138.50 715.17
139.00 900.00
139.50 900.00
140.00 667.63
140.50 721.45
141.00 685.70
141.50 779.73
142.00 817.38
142.50 700.58
143.00 715.66
143.50 681.39
144.00 711.71
144.50 740.52
145.00 658.15
145.50 695.20
146.00 730.57
146.50 826.26
147.00 700.19
147.50 712.18
148.00 686.04
148.50 769.60
149.00 866.98
149.50 763.62
150.00 772.69
150.50 723.47
151.00 713.53
151.50 879.09
152.00 498.95
152.50 686.91
153.00 830.14
153.50 734.24
154.00 736.38
154.50 693.48
155.00 785.15
155.50 744.41
156.00 734.56
156.50 656.86
157.00 701.76
157.50 715.33
158.00 724.54
158.50 694.68
159.00 773.77
159.50 725.52
160.00 732.77
160.50 810.57
161.00 764.16
161.50 759.45
162.00 727.37
162.50 716.20
163.00 752.45
163.50 747.82
164.00 754.50
164.50 275.04
165.00 715.47
165.50 724.50
166.00 732.15
166.50 701.73
167.00 693.99
167.50 756.89
168.00 647.34
168.50 758.21
169.00 732.09
169.50 820.04
170.00 833.26
170.50 857.51
171.00 845.33
171.50 742.66
172.00 763.38
172.50 770.21
173.00 812.40
173.50 686.11
174.00 691.28
174.50 683.30
175.00 774.33
175.50 702.87
176.00 741.21
176.50 848.65
177.00 806.41
177.50 831.00
178.00 776.72
178.50 710.47
179.00 846.79
179.50 748.99
180.00 776.58
180.50 856.83
181.00 745.82
181.50 707.40
182.00 725.01
182.50 715.93
183.00 733.43
183.50 742.46
184.00 575.38
184.50 0.10
185.00 26.76
185.50 8.18
186.00 29.95
186.50 264.25
187.00 451.45
187.50 675.10
188.00 344.39
188.50 310.10
189.00 16.04
189.50 318.43
190.00 772.14
190.50 825.33
191.00 809.91
191.50 856.27
192.00 844.44
192.50 855.05
193.00 797.66
193.50 801.65
194.00 849.01
194.50 862.75
195.00 836.62
195.50 836.16
196.00 850.55
196.50 714.48
197.00 825.82
197.50 894.26
198.00 779.93
198.50 840.70
199.00 841.25
199.50 838.39
200.00 837.43
200.50 861.91
201.00 833.82
201.50 698.63
202.00 727.45
202.50 769.24
203.00 699.78
203.50 749.75
204.00 742.29
204.50 712.23
205.00 796.54
205.50 739.01
206.00 756.34
206.50 737.12
207.00 708.86
207.50 687.00
208.00 779.70
208.50 744.03
209.00 684.13
209.50 723.46
210.00 732.19
210.50 772.77
211.00 731.39
211.50 787.41
212.00 731.65
212.50 757.13
213.00 743.47
213.50 717.41
214.00 761.15
214.50 738.27
215.00 738.18
215.50 691.90
216.00 705.22
216.50 729.74
217.00 722.97
217.50 652.51
218.00 714.11
218.50 738.75
219.00 742.03
219.50 709.65
220.00 804.08
220.50 718.97
221.00 696.38
221.50 724.39
222.00 869.21
222.50 203.93
223.00 860.54
223.50 845.56
224.00 831.36
224.50 812.72
225.00 834.78
225.50 839.72
226.00 653.27
226.50 195.80
227.00 609.02
227.50 762.25
228.00 683.51
228.50 708.95
229.00 701.69
229.50 721.93
230.00 832.55
230.50 826.70
231.00 862.15
231.50 763.19
232.00 830.28
232.50 588.83
233.00 685.44
233.50 713.48
234.00 713.81
234.50 684.07
235.00 827.53
235.50 716.40
236.00 420.32
236.50 684.73
237.00 705.67
237.50 736.29
238.00 662.23
238.50 718.57
239.00 686.45
239.50 699.61
240.00 687.72
240.50 808.94
241.00 645.01
241.50 842.75
242.00 776.97
242.50 775.32
243.00 817.88
243.50 717.19
244.00 772.82
244.50 866.29
245.00 873.51
245.50 680.22
246.00 715.11
246.50 750.04
247.00 749.50
247.50 696.81
248.00 705.87
248.50 734.97
249.00 706.18
249.50 774.12
250.00 696.03
250.50 731.21
251.00 748.65
251.50 776.81
252.00 694.80
252.50 750.24
253.00 746.79
253.50 754.05
254.00 790.75
254.50 768.21
255.00 747.15
255.50 739.39
256.00 717.63
256.50 515.86
257.00 386.57
257.50 0.00
258.00 124.10
258.50 836.69
259.00 851.78
259.50 857.70
260.00 856.11
260.50 821.25
261.00 866.45
261.50 862.47
262.00 860.41
262.50 825.74
263.00 135.75
263.50 546.41
264.00 357.46
264.50 790.05
265.00 749.23
265.50 659.59
266.00 181.45
266.50 5.85
267.00 413.86
267.50 729.82
268.00 710.18
268.50 855.55
269.00 842.60
269.50 747.61
270.00 766.58
270.50 757.23
271.00 744.66
271.50 824.59
272.00 822.98
272.50 832.45
273.00 866.35
273.50 854.32
274.00 142.27
274.50 27.59
275.00 10.52
275.50 680.89
276.00 364.31
276.50 0.00
277.00 735.18
277.50 704.59
278.00 812.69
278.50 824.10
279.00 841.79
279.50 845.58
280.00 842.65
280.50 816.29
281.00 725.16
281.50 851.50
282.00 811.97
282.50 840.99
283.00 825.58
283.50 180.76
284.00 513.33
284.50 10.66
285.00 545.59
285.50 400.93
286.00 723.50
286.50 704.26
287.00 812.38
287.50 846.60
288.00 836.43
288.50 836.05
289.00 852.54
289.50 840.70
290.00 879.77
290.50 742.39
291.00 342.05
291.50 693.72
292.00 498.50
292.50 765.98
293.00 818.88
293.50 827.91
294.00 826.05
294.50 827.12
295.00 858.22
295.50 860.47
296.00 866.52
296.50 811.61
297.00 856.32
297.50 875.25
298.00 815.13
298.50 823.20
299.00 821.99
299.50 855.42
