0.00 808.12
0.50 776.26
1.00 767.17
1.50 716.66
2.00 706.34
2.50 739.50
3.00 696.49
3.50 716.88
4.00 714.18
4.50 731.75
5.00 673.15
5.50 704.64
6.00 761.17
6.50 735.80
7.00 688.80
7.50 759.53
8.00 732.59
8.50 752.62
9.00 811.72
9.50 701.90
10.00 181.19
10.50 702.04
11.00 149.29
11.50 629.15
12.00 420.47
12.50 720.41
13.00 692.94
13.50 708.43
14.00 715.35
14.50 893.32
15.00 832.77
15.50 779.98
16.00 875.43
16.50 736.05
17.00 682.15
17.50 698.00
18.00 678.56
18.50 4.31
19.00 751.11
19.50 726.60
20.00 794.30
20.50 691.33
21.00 709.73
21.50 703.41
22.00 750.87
22.50 739.62
23.00 709.25
23.50 670.93
24.00 780.39
24.50 695.92
25.00 573.70
25.50 701.01
26.00 735.61
26.50 787.08
27.00 671.35
27.50 776.14
28.00 754.47
28.50 769.84
29.00 702.04
29.50 735.76
30.00 685.24
30.50 764.46
31.00 684.75
31.50 758.33
32.00 774.88
32.50 751.22
33.00 761.64
33.50 730.98
34.00 762.17
34.50 753.35
35.00 732.99
35.50 724.43
36.00 814.61
36.50 711.60
37.00 728.89
37.50 696.02
38.00 720.30
38.50 411.72
39.00 728.51
39.50 715.50
40.00 900.00
40.50 787.89
41.00 773.20
41.50 788.38
42.00 450.12
42.50 727.25
43.00 731.48
43.50 684.67
44.00 687.53
44.50 736.24
45.00 709.89
45.50 866.49
46.00 696.53
46.50 838.43
47.00 718.49
47.50 853.61
48.00 531.12
48.50 610.92
49.00 0.00
49.50 10.24
50.00 263.65
50.50 355.68
51.00 705.83
51.50 643.56
52.00 308.22
52.50 276.77
53.00 360.20
53.50 465.46
54.00 338.58
54.50 683.39
55.00 781.84
55.50 744.56
56.00 683.36
56.50 706.09
57.00 720.35
57.50 755.65
58.00 699.88
58.50 672.38
59.00 721.09
59.50 770.16
60.00 0.00
60.50 0.00
61.00 0.00
61.50 0.00
62.00 716.10
62.50 692.64
63.00 809.40
63.50 501.07
64.00 705.76
64.50 717.62
65.00 679.93
65.50 680.67
66.00 747.63
66.50 711.65
67.00 900.00
67.50 724.57
68.00 807.65
68.50 675.50
69.00 702.33
69.50 608.82
70.00 740.37
70.50 555.14
71.00 702.94
71.50 689.80
72.00 748.93
72.50 708.35
73.00 716.01
73.50 727.00
74.00 898.12
74.50 8.32
75.00 0.00
75.50 339.18
76.00 69.09
76.50 606.46
77.00 21.51
77.50 8.21
78.00 19.88
78.50 178.13
79.00 654.13
79.50 740.33
80.00 737.51
80.50 706.12
81.00 370.93
81.50 738.12
82.00 717.19
82.50 834.00
83.00 900.00
83.50 728.17
84.00 767.26
84.50 696.62
85.00 763.90
85.50 762.07
86.00 783.04
86.50 740.89
87.00 733.05
87.50 697.61
88.00 695.63
88.50 742.81
89.00 710.83
89.50 740.90
90.00 663.71
90.50 716.53
91.00 754.66
91.50 754.29
92.00 714.40
92.50 752.19
93.00 675.84
93.50 778.05
94.00 706.09
94.50 699.07
95.00 763.91
95.50 731.67
96.00 753.15
96.50 735.14
97.00 712.56
97.50 731.16
98.00 785.58
98.50 751.99
99.00 649.02
99.50 692.52
100.00 692.93
100.50 726.21
101.00 789.81
101.50 713.35
102.00 689.31
102.50 773.84
103.00 486.62
103.50 900.00
104.00 694.23
104.50 694.06
105.00 731.70
105.50 769.84
106.00 699.09
106.50 744.29
107.00 708.92
107.50 711.17
108.00 749.99
108.50 746.11
109.00 701.30
109.50 735.31
110.00 728.89
110.50 683.22
111.00 709.30
111.50 433.79
112.00 720.50
112.50 814.83
113.00 860.82
113.50 734.39
114.00 712.52
114.50 759.58
115.00 746.99
115.50 787.14
116.00 721.66
116.50 715.32
117.00 690.70
117.50 728.98
118.00 724.83
118.50 702.89
119.00 675.24
119.50 718.44
120.00 686.51
120.50 825.60
121.00 863.41
121.50 845.40
122.00 798.71
122.50 796.10
123.00 874.83
123.50 832.51
124.00 829.79
124.50 849.28
125.00 853.49
125.50 822.74
126.00 713.86
126.50 695.79
127.00 295.26
127.50 49.13
128.00 729.43
128.50 858.69
129.00 841.44
129.50 856.49
130.00 658.07
130.50 740.41
131.00 703.39
131.50 707.82
132.00 773.35
132.50 711.39
133.00 694.62
133.50 700.23
134.00 677.49
134.50 710.37
135.00 713.20
135.50 822.08
136.00 739.92
136.50 723.52
137.00 739.30
137.50 749.12
138.00 698.19
138.50 760.91
139.00 757.39
139.50 702.12
140.00 696.10
140.50 750.65
141.00 703.00
141.50 749.34
142.00 748.64
142.50 728.70
143.00 683.45
143.50 718.01
144.00 771.39
144.50 732.96
145.00 816.55
145.50 702.29
146.00 796.45
146.50 726.77
147.00 724.93
147.50 756.97
148.00 751.19
148.50 738.80
149.00 707.89
149.50 754.24
150.00 703.79
150.50 756.37
151.00 760.81
151.50 762.03
152.00 762.92
152.50 698.74
153.00 783.12
153.50 713.54
154.00 758.93
154.50 770.12
155.00 709.03
155.50 735.78
156.00 722.58
156.50 748.39
157.00 771.43
157.50 711.88
158.00 753.16
158.50 709.26
159.00 732.62
159.50 738.31
160.00 780.67
160.50 744.23
161.00 712.62
161.50 735.33
162.00 713.44
162.50 717.12
163.00 688.40
163.50 723.62
164.00 763.60
164.50 749.05
165.00 785.97
165.50 738.83
166.00 717.38
166.50 682.42
167.00 728.74
167.50 740.63
168.00 698.06
168.50 716.01
169.00 717.93
169.50 848.60
170.00 581.66
170.50 795.98
171.00 801.94
171.50 718.13
172.00 409.06
172.50 900.00
173.00 559.56
173.50 702.96
174.00 729.84
174.50 733.51
175.00 792.16
175.50 855.70
176.00 837.42
176.50 847.45
177.00 892.68
177.50 844.09
178.00 833.21
178.50 872.11
179.00 814.23
179.50 826.01
180.00 796.28
180.50 693.29
181.00 182.25
181.50 745.65
182.00 693.50
182.50 699.22
183.00 765.58
183.50 753.96
184.00 803.08
184.50 854.55
185.00 866.12
185.50 766.07
186.00 748.31
186.50 226.22
187.00 0.00
187.50 82.65
188.00 753.38
188.50 728.55
189.00 807.43
189.50 709.20
190.00 639.04
190.50 726.79
191.00 721.90
191.50 706.65
192.00 746.73
192.50 766.52
193.00 725.70
193.50 714.56
194.00 676.89
194.50 750.63
195.00 841.29
195.50 382.53
196.00 797.12
196.50 873.63
197.00 837.27
197.50 707.49
198.00 696.86
198.50 773.49
199.00 757.78
199.50 704.82
200.00 768.47
200.50 723.53
201.00 695.19
201.50 717.02
202.00 766.64
202.50 777.68
203.00 759.79
203.50 710.75
204.00 712.19
204.50 708.16
205.00 748.29
205.50 730.93
206.00 754.43
206.50 754.54
207.00 715.02
207.50 768.76
208.00 771.41
208.50 746.55
209.00 710.12
209.50 726.32
210.00 849.95
210.50 797.18
211.00 0.00
211.50 8.79
212.00 0.29
212.50 7.43
213.00 107.52
213.50 630.87
214.00 366.54
214.50 687.07
215.00 729.76
215.50 702.51
216.00 214.65
216.50 237.70
217.00 836.64
217.50 773.08
218.00 507.98
218.50 0.00
219.00 763.59
219.50 704.70
220.00 834.41
220.50 844.52
221.00 804.86
221.50 850.28
222.00 835.73
222.50 836.00
223.00 721.16
223.50 707.79
224.00 730.58
224.50 735.69
225.00 719.04
225.50 785.00
226.00 741.23
226.50 665.84
227.00 732.94
227.50 779.87
228.00 821.32
228.50 813.98
229.00 786.20
229.50 657.12
230.00 734.08
230.50 664.96
231.00 746.30
231.50 379.91
232.00 285.77
232.50 562.52
233.00 747.52
233.50 766.03
234.00 741.58
234.50 855.31
235.00 836.47
235.50 826.24
236.00 872.39
236.50 825.61
237.00 839.93
237.50 842.48
238.00 846.47
238.50 852.04
239.00 793.73
239.50 173.43
240.00 0.00
240.50 744.63
241.00 725.85
241.50 706.16
242.00 744.33
242.50 762.44
243.00 773.07
243.50 788.79
244.00 737.13
244.50 739.46
245.00 746.84
245.50 712.23
246.00 745.86
246.50 735.67
247.00 696.51
247.50 719.37
248.00 731.24
248.50 674.52
249.00 856.15
249.50 847.33
250.00 851.31
250.50 827.81
251.00 845.35
251.50 831.00
252.00 869.46
252.50 843.28
253.00 816.88
253.50 815.33
254.00 855.00
254.50 792.76
255.00 855.01
255.50 660.60
256.00 851.88
256.50 844.70
257.00 864.88
257.50 858.54
258.00 826.90
258.50 836.48
259.00 689.83
259.50 679.68
260.00 757.63
260.50 707.93
261.00 697.24
261.50 763.94
262.00 701.84
262.50 733.58
263.00 782.18
263.50 704.62
264.00 717.14
264.50 707.61
265.00 709.87
265.50 693.99
266.00 741.20
266.50 824.60
267.00 735.18
267.50 676.25
268.00 739.19
268.50 831.33
269.00 731.55
269.50 893.42
270.00 831.95
270.50 675.73
271.00 680.26
271.50 719.43
272.00 733.05
272.50 746.06
273.00 724.16
273.50 693.42
274.00 697.30
274.50 748.49
275.00 707.10
275.50 785.32
276.00 769.88
276.50 792.78
277.00 707.29
277.50 659.70
278.00 765.20
278.50 740.71
279.00 784.65
279.50 694.54
280.00 739.54
280.50 691.00
281.00 695.61
281.50 793.57
282.00 759.70
282.50 711.89
283.00 773.46
283.50 753.39
284.00 750.30
284.50 756.31
285.00 775.08
285.50 702.07
286.00 759.59
286.50 724.89
287.00 754.06
287.50 776.44
288.00 761.86
288.50 716.16
289.00 764.57
289.50 759.96
290.00 778.19
290.50 719.45
291.00 749.34
291.50 702.99
292.00 797.71
292.50 723.69
293.00 682.40
293.50 727.42
294.00 820.41
294.50 798.55
295.00 837.15
295.50 859.18
296.00 835.07
296.50 843.91
297.00 857.11
297.50 713.84
298.00 689.35
298.50 736.49
299.00 323.99
299.50 767.97
