0.00 727.79
0.50 765.48
1.00 734.55
1.50 726.36
2.00 690.69
2.50 707.41
3.00 753.92
3.50 376.04
4.00 447.59
4.50 714.46
5.00 729.10
5.50 723.75
6.00 745.25
6.50 839.53
7.00 807.20
7.50 707.68
8.00 785.00
8.50 670.14
9.00 698.36
9.50 723.43
10.00 520.32
10.50 782.49
11.00 717.49
11.50 512.25
12.00 719.88
12.50 682.73
13.00 729.93
13.50 634.66
14.00 761.65
14.50 716.15
15.00 757.01
15.50 794.76
16.00 688.98
16.50 820.43
17.00 657.19
17.50 733.81
18.00 761.19
18.50 690.40
19.00 737.12
19.50 767.53
20.00 759.69
20.50 740.69
21.00 777.61
21.50 702.62
22.00 726.16
22.50 742.26
23.00 749.16
23.50 792.65
24.00 736.75
24.50 856.55
25.00 819.32
25.50 838.04
26.00 834.52
26.50 842.87
27.00 826.93
27.50 851.63
28.00 845.31
28.50 726.42
29.00 690.29
29.50 467.23
30.00 398.03
30.50 763.92
31.00 709.70
31.50 860.45
32.00 726.12
32.50 676.70
33.00 721.42
33.50 744.27
34.00 686.80
34.50 733.66
35.00 736.98
35.50 768.74
36.00 730.28
36.50 780.49
37.00 746.80
37.50 738.85
38.00 756.19
38.50 735.23
39.00 688.62
39.50 731.90
40.00 726.42
40.50 812.74
41.00 607.45
41.50 2.63
42.00 310.50
42.50 354.70
43.00 507.28
43.50 305.21
44.00 258.92
44.50 520.76
45.00 492.81
45.50 698.22
46.00 684.50
46.50 701.65
47.00 696.71
47.50 800.78
48.00 730.15
48.50 811.12
49.00 742.19
49.50 682.91
50.00 692.35
50.50 740.62
51.00 705.64
51.50 841.35
52.00 21.40
52.50 339.81
53.00 0.00
53.50 728.70
54.00 831.70
54.50 828.51
55.00 854.18
55.50 824.81
56.00 850.18
56.50 522.92
57.00 209.66
57.50 405.41
58.00 338.46
58.50 762.58
59.00 695.04
59.50 513.76
60.00 769.71
60.50 668.06
61.00 793.93
61.50 798.37
62.00 752.11
62.50 743.23
63.00 738.88
63.50 762.83
64.00 719.03
64.50 748.15
65.00 725.09
65.50 741.84
66.00 706.82
66.50 746.75
67.00 712.09
67.50 690.51
68.00 744.62
68.50 765.78
69.00 745.70
69.50 771.59
70.00 737.09
70.50 722.62
71.00 753.57
71.50 734.76
72.00 719.34
72.50 745.94
73.00 733.48
73.50 716.42
74.00 735.11
74.50 717.01
75.00 749.35
75.50 900.00
76.00 676.05
76.50 734.61
77.00 715.67
77.50 725.75
78.00 734.93
78.50 720.41
79.00 697.75
79.50 706.50
80.00 729.94
80.50 703.11
81.00 675.98
81.50 683.46
82.00 684.23
82.50 730.96
83.00 719.96
83.50 773.57
84.00 720.73
84.50 254.94
85.00 498.29
85.50 436.43
86.00 718.85
86.50 698.66
87.00 793.98
87.50 104.25
88.00 754.92
88.50 707.63
89.00 849.55
89.50 854.20
90.00 658.81
90.50 692.43
91.00 835.00
91.50 704.31
92.00 808.66
92.50 900.00
93.00 692.28
93.50 777.76
94.00 864.57
94.50 789.73
95.00 779.88
95.50 829.38
96.00 832.06
96.50 900.00
97.00 778.32
97.50 707.47
98.00 737.89
98.50 735.68
99.00 694.22
99.50 716.45
100.00 728.94
100.50 834.61
101.00 735.67
101.50 714.45
102.00 725.94
102.50 758.99
103.00 801.31
103.50 857.28
104.00 723.70
104.50 674.81
105.00 763.95
105.50 752.04
106.00 751.41
106.50 752.16
107.00 751.69
107.50 739.40
108.00 779.17
108.50 692.89
109.00 718.15
109.50 737.97
110.00 838.34
110.50 846.95
111.00 723.19
111.50 737.14
112.00 724.02
112.50 820.51
113.00 744.89
113.50 694.66
114.00 776.32
114.50 671.23
115.00 832.67
115.50 848.73
116.00 859.12
116.50 831.67
117.00 825.64
117.50 282.28
118.00 669.34
118.50 672.35
119.00 130.11
119.50 676.21
120.00 707.86
120.50 721.80
121.00 699.55
121.50 762.94
122.00 830.24
122.50 696.06
123.00 801.77
123.50 724.48
124.00 772.62
124.50 780.89
125.00 657.41
125.50 754.16
126.00 795.19
126.50 677.48
127.00 868.63
127.50 339.57
128.00 567.92
128.50 0.00
129.00 10.39
129.50 16.40
130.00 344.30
130.50 16.51
131.00 11.25
131.50 12.66
132.00 9.78
132.50 385.56
133.00 728.80
133.50 737.20
134.00 352.56
134.50 730.18
135.00 283.52
135.50 747.84
136.00 854.85
136.50 832.32
137.00 853.94
137.50 849.55
138.00 831.12
138.50 858.23
139.00 719.16
139.50 847.47
140.00 857.06
140.50 798.07
141.00 820.42
141.50 435.09
142.00 30.87
142.50 703.00
143.00 707.44
143.50 767.08
144.00 723.61
144.50 737.13
145.00 780.82
145.50 784.00
146.00 663.54
146.50 766.29
147.00 754.54
147.50 759.05
148.00 715.02
148.50 682.19
149.00 782.74
149.50 592.14
150.00 7.20
150.50 466.49
151.00 732.57
151.50 776.98
152.00 681.12
152.50 687.52
153.00 899.56
153.50 19.10
154.00 729.83
154.50 719.86
155.00 736.92
155.50 752.52
156.00 699.94
156.50 765.33
157.00 808.20
157.50 701.33
158.00 738.74
158.50 729.30
159.00 713.45
159.50 696.69
160.00 709.03
160.50 722.00
161.00 871.71
161.50 829.28
162.00 841.02
162.50 713.02
163.00 730.68
163.50 740.10
164.00 750.85
164.50 829.03
165.00 706.22
165.50 682.06
166.00 701.91
166.50 720.87
167.00 695.62
167.50 731.22
168.00 349.73
168.50 189.68
169.00 783.96
169.50 708.67
170.00 713.97
170.50 836.45
171.00 312.29
171.50 731.83
172.00 653.39
172.50 753.61
173.00 732.34
173.50 760.44
174.00 683.29
174.50 791.17
175.00 762.05
175.50 728.83
176.00 716.76
176.50 702.17
177.00 730.25
177.50 778.40
178.00 746.21
178.50 700.03
179.00 735.64
179.50 729.20
180.00 704.52
180.50 739.49
181.00 740.62
181.50 737.63
182.00 665.46
182.50 719.90
183.00 821.62
183.50 770.38
184.00 817.89
184.50 665.36
185.00 784.81
185.50 823.13
186.00 791.47
186.50 845.58
187.00 732.91
187.50 833.58
188.00 710.59
188.50 758.48
189.00 753.29
189.50 788.90
190.00 793.63
190.50 804.67
191.00 873.16
191.50 838.46
192.00 828.95
192.50 296.40
193.00 725.56
193.50 750.08
194.00 770.35
194.50 47.77
195.00 75.65
195.50 16.45
196.00 10.76
196.50 23.89
197.00 15.19
197.50 100.40
198.00 751.34
198.50 94.54
199.00 741.84
199.50 724.54
200.00 808.10
200.50 842.43
201.00 814.02
201.50 832.05
202.00 864.57
202.50 320.52
203.00 9.38
203.50 0.99
204.00 0.00
204.50 16.10
205.00 12.22
205.50 30.79
206.00 7.75
206.50 1.75
207.00 0.00
207.50 1.76
208.00 629.23
208.50 0.81
209.00 1.15
209.50 583.03
210.00 725.85
210.50 728.26
211.00 772.76
211.50 723.70
212.00 750.69
212.50 713.45
213.00 761.42
213.50 714.06
214.00 684.71
214.50 900.00
215.00 681.01
215.50 740.64
216.00 736.79
216.50 721.11
217.00 729.39
217.50 694.08
218.00 668.28
218.50 709.15
219.00 711.17
219.50 705.04
220.00 850.62
220.50 846.82
221.00 401.26
221.50 109.66
222.00 723.61
222.50 561.61
223.00 713.67
223.50 718.59
224.00 707.30
224.50 662.44
225.00 705.47
225.50 717.55
226.00 740.98
226.50 735.02
227.00 741.81
227.50 759.28
228.00 737.19
228.50 755.92
229.00 733.00
229.50 707.11
230.00 751.74
230.50 758.79
231.00 698.52
231.50 780.59
232.00 690.18
232.50 770.56
233.00 714.74
233.50 771.70
234.00 709.36
234.50 670.88
235.00 737.58
235.50 709.16
236.00 731.10
236.50 727.81
237.00 712.86
237.50 823.31
238.00 738.03
238.50 669.01
239.00 707.85
239.50 685.77
240.00 679.38
240.50 680.31
241.00 717.61
241.50 720.39
242.00 838.22
242.50 710.60
243.00 718.19
243.50 818.06
244.00 791.42
244.50 774.51
245.00 678.95
245.50 887.96
246.00 756.59
246.50 766.47
247.00 676.84
247.50 812.81
248.00 771.06
248.50 750.45
249.00 695.94
249.50 740.78
250.00 835.53
250.50 871.08
251.00 783.75
251.50 0.00
252.00 520.84
252.50 360.93
253.00 4.00
253.50 45.92
254.00 754.81
254.50 761.50
255.00 731.47
255.50 795.34
256.00 742.47
256.50 850.40
257.00 848.07
257.50 854.51
258.00 213.63
258.50 126.52
259.00 769.56
259.50 838.53
260.00 828.80
260.50 683.88
261.00 760.64
261.50 744.65
262.00 831.19
262.50 843.88
263.00 833.57
263.50 900.00
264.00 840.29
264.50 741.00
265.00 774.44
265.50 786.65
266.00 832.31
266.50 782.04
267.00 624.67
267.50 203.39
268.00 25.76
268.50 163.82
269.00 293.88
269.50 4.50
270.00 667.72
270.50 0.00
271.00 476.78
271.50 348.27
272.00 641.02
272.50 0.00
273.00 761.90
273.50 592.25
274.00 735.29
274.50 767.57
275.00 734.74
275.50 825.47
276.00 740.82
276.50 705.76
277.00 729.74
277.50 711.83
278.00 768.10
278.50 681.59
279.00 870.82
279.50 855.28
280.00 815.74
280.50 713.41
281.00 746.40
281.50 669.69
282.00 701.84
282.50 700.14
283.00 666.61
283.50 708.98
284.00 721.69
284.50 668.08
285.00 700.75
285.50 748.72
286.00 103.95
286.50 692.49
287.00 737.23
287.50 682.29
288.00 729.33
288.50 736.22
289.00 754.51
289.50 876.72
290.00 662.02
290.50 712.73
291.00 683.09
291.50 747.61
292.00 798.71
292.50 846.30
293.00 813.44
293.50 752.79
294.00 714.28
294.50 767.83
295.00 732.17
295.50 866.45
296.00 769.27
296.50 725.86
297.00 684.32
297.50 770.65
298.00 617.65
298.50 900.00
299.00 490.74
299.50 518.82
