0.00 725.45
0.50 751.98
1.00 730.91
1.50 768.98
2.00 701.00
2.50 749.13
3.00 709.46
3.50 766.40
4.00 745.38
4.50 749.06
5.00 778.77
5.50 729.99
6.00 706.31
6.50 764.02
7.00 669.51
7.50 726.02
8.00 769.77
8.50 724.38
9.00 772.80
9.50 712.31
10.00 726.59
10.50 713.99
11.00 686.45
11.50 709.97
12.00 726.63
12.50 788.34
13.00 703.05
13.50 711.26
14.00 701.12
14.50 799.21
15.00 737.31
15.50 693.05
16.00 662.31
16.50 736.29
17.00 753.83
17.50 733.85
18.00 742.83
18.50 731.70
19.00 732.90
19.50 784.41
20.00 779.94
20.50 712.94
21.00 742.13
21.50 702.82
22.00 701.73
22.50 791.49
23.00 734.41
23.50 721.82
24.00 778.96
24.50 680.19
25.00 705.82
25.50 712.56
26.00 748.11
26.50 778.01
27.00 752.45
27.50 777.62
28.00 704.13
28.50 745.77
29.00 697.55
29.50 690.10
30.00 747.41
30.50 730.30
31.00 777.03
31.50 276.61
32.00 682.12
32.50 716.52
33.00 516.74
33.50 676.51
34.00 72.57
34.50 179.27
35.00 768.34
35.50 755.23
36.00 705.45
36.50 772.59
37.00 687.70
37.50 787.81
38.00 789.13
38.50 758.34
39.00 738.40
39.50 682.95
40.00 675.57
40.50 673.35
41.00 722.80
41.50 720.19
42.00 677.97
42.50 672.04
43.00 729.02
43.50 845.75
44.00 722.79
44.50 704.35
45.00 700.57
45.50 725.99
46.00 699.34
46.50 859.95
47.00 740.01
47.50 900.00
48.00 677.22
48.50 733.94
49.00 706.07
49.50 706.46
50.00 718.14
50.50 831.12
51.00 795.34
51.50 812.81
52.00 710.25
52.50 851.85
53.00 707.00
53.50 701.71
54.00 829.44
54.50 788.56
55.00 726.27
55.50 729.37
56.00 801.41
56.50 793.95
57.00 820.43
57.50 725.59
58.00 741.19
58.50 835.71
59.00 778.66
59.50 736.63
60.00 749.65
60.50 718.62
61.00 783.78
61.50 764.00
62.00 760.63
62.50 782.42
63.00 841.40
63.50 762.37
64.00 768.65
64.50 753.76
65.00 805.04
65.50 732.13
66.00 703.14
66.50 703.06
67.00 655.06
67.50 764.23
68.00 700.64
68.50 790.72
69.00 727.69
69.50 718.80
70.00 698.80
70.50 720.59
71.00 671.64
71.50 729.15
72.00 760.28
72.50 727.65
73.00 726.58
73.50 718.09
74.00 754.31
74.50 699.88
75.00 726.39
75.50 765.21
76.00 798.57
76.50 758.68
77.00 694.35
77.50 774.21
78.00 771.17
78.50 735.99
79.00 728.00
79.50 687.66
80.00 703.11
80.50 710.52
81.00 679.93
81.50 706.87
82.00 725.75
82.50 747.18
83.00 748.58
83.50 695.02
84.00 754.32
84.50 759.66
85.00 705.58
85.50 780.69
86.00 739.15
86.50 714.57
87.00 759.22
87.50 796.44
88.00 702.72
88.50 683.18
89.00 742.19
89.50 730.61
90.00 781.12
90.50 774.18
91.00 775.04
91.50 764.19
92.00 685.33
92.50 775.86
93.00 776.92
93.50 694.82
94.00 746.05
94.50 727.07
95.00 715.12
95.50 785.86
96.00 676.96
96.50 705.67
97.00 742.26
97.50 766.10
98.00 749.85
98.50 678.24
99.00 744.94
99.50 753.98
100.00 690.90
100.50 509.63
101.00 654.33
101.50 867.80
102.00 723.49
102.50 715.67
103.00 732.68
103.50 716.80
104.00 751.14
104.50 775.63
105.00 725.57
105.50 750.08
106.00 695.59
106.50 730.15
107.00 757.45
107.50 720.10
108.00 708.40
108.50 844.28
109.00 700.59
109.50 376.17
110.00 714.97
110.50 713.56
111.00 771.51
111.50 765.11
112.00 744.78
112.50 741.89
113.00 727.74
113.50 716.50
114.00 735.77
114.50 672.36
115.00 743.32
115.50 38.23
116.00 273.53
116.50 266.80
117.00 724.19
117.50 872.61
118.00 816.34
118.50 868.23
119.00 742.79
119.50 676.64
120.00 404.73
120.50 403.69
121.00 457.16
121.50 822.77
122.00 853.06
122.50 860.65
123.00 857.38
123.50 362.95
124.00 750.76
124.50 697.36
125.00 710.24
125.50 681.56
126.00 764.02
126.50 719.88
127.00 696.23
127.50 716.04
128.00 698.24
128.50 749.32
129.00 732.77
129.50 713.83
130.00 698.44
130.50 28.33
131.00 178.05
131.50 774.16
132.00 151.49
132.50 859.16
133.00 842.73
133.50 174.40
134.00 721.98
134.50 726.37
135.00 726.02
135.50 709.83
136.00 829.15
136.50 713.40
137.00 766.73
137.50 795.32
138.00 690.49
138.50 672.58
139.00 759.18
139.50 716.36
140.00 758.31
140.50 863.84
141.00 756.39
141.50 819.10
142.00 775.72
142.50 796.84
143.00 733.17
143.50 658.26
144.00 763.97
144.50 707.45
145.00 245.40
145.50 685.21
146.00 737.39
146.50 707.87
147.00 886.58
147.50 684.94
148.00 802.78
148.50 786.35
149.00 696.72
149.50 769.30
150.00 709.74
150.50 480.61
151.00 733.91
151.50 733.93
152.00 757.70
152.50 790.34
153.00 712.98
153.50 730.82
154.00 727.45
154.50 678.36
155.00 724.10
155.50 735.64
156.00 796.85
156.50 739.62
157.00 714.01
157.50 760.88
158.00 710.88
158.50 724.18
159.00 695.19
159.50 772.84
160.00 741.91
160.50 759.85
161.00 666.87
161.50 743.46
162.00 685.11
162.50 729.04
163.00 781.28
163.50 754.25
164.00 749.57
164.50 719.19
165.00 779.53
165.50 740.30
166.00 706.17
166.50 696.04
167.00 696.58
167.50 715.75
168.00 730.74
168.50 723.31
169.00 699.71
169.50 728.34
170.00 729.69
170.50 772.64
171.00 793.08
171.50 705.22
172.00 719.26
172.50 745.28
173.00 693.41
173.50 716.07
174.00 752.23
174.50 747.16
175.00 725.05
175.50 736.66
176.00 745.23
176.50 742.95
177.00 716.71
177.50 852.84
178.00 858.24
178.50 820.13
179.00 867.57
179.50 830.98
180.00 854.80
180.50 863.54
181.00 855.96
181.50 786.51
182.00 577.15
182.50 47.75
183.00 744.26
183.50 759.58
184.00 701.42
184.50 708.75
185.00 761.99
185.50 866.65
186.00 816.18
186.50 711.29
187.00 691.25
187.50 745.56
188.00 715.39
188.50 755.68
189.00 690.34
189.50 760.53
190.00 715.69
190.50 714.09
191.00 726.93
191.50 723.99
192.00 786.83
192.50 795.29
193.00 695.27
193.50 452.64
194.00 699.04
194.50 291.67
195.00 127.88
195.50 704.20
196.00 711.81
196.50 760.78
197.00 848.85
197.50 764.93
198.00 734.39
198.50 843.27
199.00 667.84
199.50 704.34
200.00 729.88
200.50 205.96
201.00 727.90
201.50 753.33
202.00 719.26
202.50 746.30
203.00 725.52
203.50 781.01
204.00 728.99
204.50 754.90
205.00 705.76
205.50 701.37
206.00 716.82
206.50 702.37
207.00 694.09
207.50 712.11
208.00 704.14
208.50 743.72
209.00 774.99
209.50 781.51
210.00 683.68
210.50 736.04
211.00 757.45
211.50 751.92
212.00 746.38
212.50 772.00
213.00 739.39
213.50 764.23
214.00 724.50
214.50 738.62
215.00 713.24
215.50 686.94
216.00 822.53
216.50 848.93
217.00 855.71
217.50 838.84
218.00 851.13
218.50 824.11
219.00 817.05
219.50 827.90
220.00 671.27
220.50 491.88
221.00 710.40
221.50 0.00
222.00 4.90
222.50 224.40
223.00 746.51
223.50 753.64
224.00 710.36
224.50 725.68
225.00 652.00
225.50 697.42
226.00 761.83
226.50 204.62
227.00 424.99
227.50 479.98
228.00 115.98
228.50 566.07
229.00 0.00
229.50 318.45
230.00 207.99
230.50 822.28
231.00 808.75
231.50 729.36
232.00 751.30
232.50 708.47
233.00 705.90
233.50 785.20
234.00 735.15
234.50 753.66
235.00 721.83
235.50 735.84
236.00 723.35
236.50 829.54
237.00 900.00
237.50 694.17
238.00 722.61
238.50 524.30
239.00 699.46
239.50 723.06
240.00 698.77
240.50 858.00
241.00 680.54
241.50 754.49
242.00 787.34
242.50 887.37
243.00 830.39
243.50 827.25
244.00 839.10
244.50 819.39
245.00 737.75
245.50 707.28
246.00 734.60
246.50 729.95
247.00 732.13
247.50 713.19
248.00 800.18
248.50 753.45
249.00 735.26
249.50 698.33
250.00 722.52
250.50 739.60
251.00 745.11
251.50 714.32
252.00 761.76
252.50 681.82
253.00 746.78
253.50 683.75
254.00 746.89
254.50 741.24
255.00 89.58
255.50 0.00
256.00 114.48
256.50 167.35
257.00 704.26
257.50 838.63
258.00 844.18
258.50 844.41
259.00 821.46
259.50 871.02
260.00 820.29
260.50 791.92
261.00 735.99
261.50 700.35
262.00 808.81
262.50 735.82
263.00 779.83
263.50 764.03
264.00 757.50
264.50 696.44
265.00 841.64
265.50 765.21
266.00 770.98
266.50 793.42
267.00 843.07
267.50 708.00
268.00 625.79
268.50 9.11
269.00 2.75
269.50 13.99
270.00 287.90
270.50 712.25
271.00 735.15
271.50 712.71
272.00 669.87
272.50 743.56
273.00 726.18
273.50 711.73
274.00 675.35
274.50 711.71
275.00 681.65
275.50 751.79
276.00 674.74
276.50 766.94
277.00 737.15
277.50 783.47
278.00 775.87
278.50 806.14
279.00 699.51
279.50 766.90
280.00 761.87
280.50 711.81
281.00 748.53
281.50 717.72
282.00 712.99
282.50 779.04
283.00 714.11
283.50 706.27
284.00 776.05
284.50 736.56
285.00 738.58
285.50 687.40
286.00 754.38
286.50 750.94
287.00 739.36
287.50 731.85
288.00 708.02
288.50 689.25
289.00 737.66
289.50 704.49
290.00 728.20
290.50 764.32
291.00 780.97
291.50 762.91
292.00 727.78
292.50 728.53
293.00 773.51
293.50 733.74
294.00 721.38
294.50 749.32
295.00 715.45
295.50 776.01
296.00 729.67
296.50 696.20
297.00 722.69
297.50 733.86
298.00 705.55
298.50 766.59
299.00 766.27
299.50 700.47
