0.00 667.18
0.50 718.14
1.00 715.22
1.50 778.77
2.00 725.03
2.50 700.67
3.00 686.41
3.50 855.44
4.00 852.81
4.50 862.92
5.00 697.35
5.50 756.51
6.00 826.79
6.50 828.20
7.00 832.27
7.50 837.06
8.00 885.57
8.50 657.44
9.00 725.51
9.50 832.70
10.00 817.66
10.50 859.31
11.00 832.49
11.50 229.23
12.00 240.49
12.50 713.68
13.00 765.97
13.50 697.41
14.00 711.55
14.50 786.48
15.00 805.55
15.50 705.45
16.00 721.31
16.50 476.00
17.00 269.50
17.50 682.81
18.00 729.28
18.50 723.80
19.00 737.50
19.50 674.98
20.00 786.10
20.50 814.73
21.00 688.76
21.50 890.35
22.00 703.29
22.50 760.09
23.00 694.32
23.50 787.77
24.00 701.33
24.50 708.75
25.00 743.96
25.50 750.85
26.00 727.76
26.50 445.85
27.00 863.97
27.50 843.90
28.00 827.31
28.50 756.42
29.00 873.24
29.50 844.61
30.00 833.52
30.50 849.41
31.00 836.03
31.50 865.12
32.00 864.39
32.50 843.74
33.00 845.46
33.50 673.51
34.00 666.91
34.50 703.64
35.00 705.51
35.50 759.50
36.00 759.22
36.50 779.12
37.00 743.56
37.50 827.51
38.00 825.62
38.50 845.09
39.00 704.76
39.50 662.53
40.00 341.98
40.50 295.41
41.00 821.96
41.50 718.14
42.00 723.47
42.50 699.76
43.00 836.95
43.50 791.06
44.00 712.83
44.50 870.14
45.00 774.52
45.50 882.49
46.00 719.01
46.50 678.94
47.00 732.54
47.50 745.16
48.00 723.40
48.50 733.39
49.00 799.72
49.50 663.10
50.00 275.81
50.50 900.00
51.00 694.40
51.50 781.58
52.00 698.41
52.50 769.64
53.00 726.42
53.50 756.33
54.00 794.32
54.50 762.40
55.00 688.79
55.50 0.00
56.00 12.74
56.50 1.30
57.00 477.08
57.50 631.86
58.00 331.21
58.50 409.82
59.00 415.77
59.50 18.78
60.00 586.42
60.50 0.00
61.00 9.47
61.50 388.06
62.00 479.07
62.50 762.20
63.00 688.99
63.50 882.25
64.00 815.12
64.50 839.69
65.00 633.57
65.50 720.79
66.00 716.60
66.50 692.77
67.00 662.85
67.50 854.29
68.00 867.96
68.50 709.45
69.00 844.59
69.50 865.52
70.00 719.18
70.50 790.32
71.00 749.98
71.50 819.33
72.00 664.30
72.50 732.17
73.00 350.33
73.50 750.87
74.00 749.29
74.50 701.91
75.00 714.24
75.50 798.17
76.00 790.62
76.50 709.41
77.00 724.97
77.50 900.00
78.00 702.28
78.50 733.41
79.00 805.11
79.50 726.35
80.00 668.22
80.50 710.41
81.00 843.45
81.50 616.88
82.00 711.33
82.50 738.93
83.00 697.55
83.50 724.57
84.00 704.98
84.50 781.70
85.00 685.75
85.50 837.42
86.00 701.98
86.50 741.23
87.00 874.44
87.50 830.27
88.00 688.64
88.50 691.99
89.00 479.50
89.50 694.24
90.00 727.28
90.50 680.06
91.00 689.75
91.50 810.17
92.00 837.99
92.50 687.98
93.00 734.05
93.50 735.37
94.00 707.44
94.50 840.04
95.00 718.98
95.50 798.12
96.00 693.01
96.50 699.68
97.00 815.68
97.50 815.02
98.00 679.91
98.50 722.10
99.00 740.57
99.50 744.97
100.00 712.41
100.50 824.07
101.00 700.19
101.50 687.74
102.00 716.17
102.50 781.62
103.00 719.29
103.50 681.33
104.00 649.82
104.50 771.34
105.00 829.08
105.50 840.54
106.00 872.81
106.50 826.60
107.00 829.37
107.50 822.83
108.00 710.25
108.50 705.57
109.00 696.12
109.50 708.15
110.00 715.62
110.50 720.51
111.00 784.96
111.50 708.89
112.00 759.25
112.50 804.17
113.00 745.56
113.50 778.43
114.00 736.63
114.50 807.94
115.00 774.83
115.50 727.10
116.00 678.51
116.50 720.82
117.00 746.62
117.50 717.83
118.00 760.93
118.50 672.34
119.00 727.83
119.50 747.90
120.00 828.17
120.50 824.41
121.00 715.78
121.50 830.81
122.00 739.66
122.50 708.04
123.00 717.38
123.50 295.99
124.00 816.81
124.50 727.75
125.00 718.79
125.50 691.52
126.00 882.84
126.50 782.20
127.00 741.90
127.50 755.99
128.00 664.58
128.50 800.91
129.00 695.92
129.50 740.93
130.00 701.87
130.50 798.51
131.00 738.66
131.50 712.08
132.00 737.91
132.50 709.66
133.00 742.20
133.50 721.52
134.00 733.98
134.50 783.92
135.00 734.94
135.50 799.77
136.00 744.49
136.50 762.62
137.00 706.83
137.50 727.99
138.00 727.20
138.50 746.90
139.00 730.42
139.50 766.96
140.00 722.84
140.50 712.40
141.00 695.92
141.50 708.27
142.00 818.66
142.50 714.28
143.00 716.47
143.50 732.44
144.00 393.10
144.50 124.72
145.00 674.42
145.50 840.07
146.00 839.06
146.50 816.43
147.00 867.62
147.50 817.39
148.00 777.07
148.50 857.58
149.00 851.66
149.50 678.32
150.00 744.20
150.50 765.51
151.00 697.11
151.50 779.03
152.00 829.60
152.50 855.54
153.00 837.82
153.50 697.71
154.00 337.32
154.50 738.75
155.00 835.02
155.50 735.67
156.00 745.75
156.50 709.42
157.00 719.18
157.50 755.60
158.00 647.35
158.50 729.16
159.00 775.38
159.50 699.68
160.00 803.15
160.50 705.62
161.00 726.19
161.50 813.94
162.00 739.10
162.50 817.91
163.00 759.83
163.50 707.24
164.00 689.25
164.50 708.52
165.00 789.67
165.50 680.38
166.00 731.23
166.50 863.04
167.00 690.97
167.50 815.13
168.00 813.50
168.50 744.33
169.00 738.99
169.50 363.56
170.00 701.28
170.50 691.78
171.00 705.07
171.50 882.99
172.00 726.99
172.50 750.50
173.00 698.81
173.50 781.96
174.00 766.56
174.50 709.33
175.00 729.47
175.50 704.68
176.00 0.00
176.50 0.00
177.00 3.16
177.50 14.34
178.00 0.00
178.50 17.40
179.00 7.70
179.50 0.00
180.00 682.41
180.50 831.45
181.00 721.19
181.50 730.73
182.00 738.02
182.50 746.69
183.00 809.57
183.50 788.83
184.00 736.64
184.50 900.00
185.00 705.83
185.50 730.22
186.00 666.68
186.50 711.95
187.00 706.92
187.50 579.32
188.00 707.08
188.50 733.57
189.00 681.15
189.50 744.84
190.00 732.96
190.50 727.93
191.00 800.37
191.50 701.36
192.00 794.80
192.50 704.11
193.00 673.79
193.50 764.63
194.00 745.94
194.50 653.10
195.00 470.84
195.50 309.14
196.00 766.93
196.50 756.54
197.00 485.95
197.50 702.43
198.00 832.52
198.50 820.01
199.00 719.03
199.50 262.20
200.00 140.77
200.50 740.74
201.00 731.38
201.50 799.95
202.00 831.89
202.50 847.29
203.00 521.09
203.50 698.65
204.00 741.59
204.50 583.17
205.00 741.84
205.50 686.09
206.00 852.82
206.50 861.48
207.00 859.34
207.50 848.31
208.00 840.72
208.50 855.69
209.00 852.82
209.50 846.00
210.00 828.27
210.50 812.33
211.00 688.92
211.50 742.49
212.00 727.19
212.50 752.19
213.00 739.01
213.50 725.88
214.00 792.63
214.50 700.07
215.00 790.94
215.50 744.24
216.00 760.37
216.50 723.81
217.00 776.38
217.50 786.25
218.00 710.73
218.50 752.93
219.00 682.24
219.50 760.47
220.00 732.61
220.50 758.17
221.00 712.52
221.50 727.61
222.00 739.83
222.50 702.96
223.00 807.70
223.50 846.90
224.00 802.19
224.50 741.38
225.00 714.59
225.50 756.79
226.00 663.64
226.50 705.08
227.00 730.59
227.50 721.55
228.00 34.22
228.50 0.00
229.00 0.00
229.50 6.53
230.00 817.33
230.50 706.09
231.00 726.27
231.50 724.61
232.00 815.88
232.50 767.16
233.00 730.89
233.50 700.96
234.00 694.41
234.50 853.28
235.00 779.50
235.50 816.69
236.00 778.23
236.50 706.79
237.00 831.86
237.50 891.06
238.00 769.18
238.50 804.46
239.00 779.58
239.50 726.80
240.00 681.41
240.50 690.32
241.00 727.23
241.50 724.39
242.00 776.03
242.50 727.34
243.00 741.48
243.50 685.31
244.00 774.02
244.50 0.00
245.00 43.19
245.50 751.15
246.00 868.15
246.50 728.87
247.00 734.90
247.50 833.72
248.00 822.24
248.50 733.07
249.00 839.74
249.50 821.36
250.00 713.84
250.50 478.00
251.00 103.42
251.50 741.99
252.00 759.56
252.50 704.92
253.00 748.83
253.50 697.03
254.00 322.65
254.50 717.24
255.00 892.07
255.50 537.03
256.00 717.18
256.50 680.35
257.00 242.94
257.50 14.15
258.00 383.24
258.50 219.12
259.00 3.41
259.50 676.59
260.00 743.55
260.50 671.28
261.00 688.01
261.50 679.05
262.00 716.43
262.50 716.77
263.00 721.26
263.50 836.42
264.00 729.85
264.50 721.54
265.00 740.32
265.50 674.53
266.00 683.69
266.50 715.72
267.00 897.46
267.50 755.70
268.00 785.58
268.50 817.43
269.00 900.00
269.50 795.87
270.00 715.51
270.50 379.28
271.00 724.95
271.50 841.90
272.00 684.71
272.50 705.15
273.00 668.48
273.50 714.30
274.00 711.57
274.50 701.41
275.00 703.63
275.50 705.12
276.00 683.39
276.50 759.28
277.00 807.31
277.50 756.21
278.00 717.83
278.50 757.10
279.00 743.17
279.50 726.77
280.00 730.23
280.50 780.83
281.00 721.13
281.50 698.37
282.00 752.78
282.50 750.01
283.00 754.15
283.50 781.75
284.00 686.65
284.50 770.38
285.00 747.36
285.50 712.95
286.00 752.62
286.50 733.22
287.00 722.08
287.50 690.71
288.00 746.53
288.50 754.18
289.00 729.22
289.50 682.18
290.00 753.41
290.50 703.54
291.00 839.21
291.50 839.64
292.00 721.92
292.50 701.95
293.00 751.49
293.50 732.04
294.00 738.59
294.50 718.77
295.00 735.40
295.50 669.14
296.00 762.11
296.50 763.07
297.00 722.18
297.50 737.63
298.00 746.51
298.50 732.66
299.00 673.69
299.50 700.05
