0.00 696.69
0.50 669.73
1.00 797.36
1.50 753.17
2.00 368.44
2.50 311.52
3.00 85.41
3.50 730.25
4.00 700.93
4.50 712.17
5.00 334.92
5.50 15.01
6.00 2.62
6.50 8.70
7.00 763.94
7.50 622.94
8.00 380.58
8.50 727.85
9.00 835.05
9.50 844.14
10.00 816.42
10.50 841.45
11.00 835.01
11.50 812.85
12.00 860.39
12.50 840.52
13.00 268.23
13.50 716.26
14.00 721.43
14.50 748.92
15.00 757.46
15.50 687.29
16.00 808.46
16.50 849.76
17.00 823.74
17.50 696.74
18.00 759.89
18.50 717.27
19.00 669.63
19.50 171.37
20.00 7.35
20.50 449.19
21.00 765.25
21.50 755.54
22.00 703.94
22.50 747.54
23.00 781.60
23.50 731.61
24.00 727.50
24.50 719.82
25.00 769.07
25.50 685.08
26.00 722.77
26.50 700.72
27.00 709.00
27.50 774.05
28.00 757.43
28.50 702.64
29.00 900.00
29.50 0.00
30.00 31.52
30.50 575.72
31.00 0.00
31.50 4.32
32.00 16.49
32.50 15.16
33.00 84.16
33.50 5.95
34.00 12.90
34.50 23.70
35.00 305.27
35.50 696.70
36.00 753.80
36.50 748.68
37.00 394.07
37.50 776.94
38.00 779.50
38.50 716.28
39.00 741.32
39.50 818.12
40.00 825.95
40.50 872.75
41.00 725.62
41.50 711.09
42.00 797.87
42.50 800.73
43.00 723.44
43.50 708.31
44.00 531.19
44.50 339.21
45.00 751.12
45.50 722.05
46.00 779.42
46.50 706.21
47.00 729.96
47.50 707.01
48.00 754.53
48.50 741.95
49.00 688.48
49.50 746.73
50.00 712.63
50.50 712.74
51.00 631.91
51.50 747.72
52.00 705.24
52.50 727.66
53.00 747.24
53.50 760.28
54.00 722.19
54.50 749.82
55.00 736.38
55.50 789.28
56.00 708.67
56.50 737.36
57.00 709.03
57.50 773.13
58.00 726.80
58.50 753.03
59.00 748.30
59.50 672.63
60.00 701.11
60.50 711.17
61.00 710.76
61.50 699.49
62.00 745.57
62.50 692.90
63.00 747.27
63.50 71.29
64.00 447.05
64.50 724.24
65.00 754.29
65.50 723.10
66.00 747.46
66.50 799.00
67.00 668.35
67.50 699.44
68.00 782.61
68.50 748.40
69.00 667.04
69.50 732.25
70.00 726.01
70.50 658.03
71.00 790.93
71.50 866.90
72.00 778.54
72.50 702.26
73.00 739.00
73.50 729.99
74.00 86.25
74.50 755.66
75.00 215.40
75.50 9.25
76.00 674.50
76.50 764.09
77.00 773.78
77.50 710.06
78.00 787.50
78.50 765.33
79.00 747.74
79.50 751.56
80.00 714.63
80.50 682.51
81.00 786.04
81.50 768.91
82.00 727.65
82.50 734.71
83.00 717.53
83.50 755.78
84.00 587.97
84.50 709.29
85.00 799.63
85.50 719.06
86.00 817.26
86.50 699.43
87.00 693.04
87.50 703.14
88.00 701.14
88.50 706.56
89.00 749.71
89.50 795.40
90.00 853.36
90.50 457.56
91.00 741.29
91.50 786.46
92.00 847.70
92.50 711.09
93.00 772.49
93.50 726.94
94.00 754.73
94.50 876.02
95.00 746.24
95.50 700.76
96.00 793.96
96.50 725.26
97.00 706.70
97.50 714.25
98.00 771.29
98.50 729.79
99.00 684.32
99.50 697.04
100.00 694.28
100.50 305.68
101.00 431.62
101.50 742.79
102.00 717.86
102.50 704.36
103.00 751.14
103.50 736.05
104.00 785.78
104.50 741.90
105.00 764.86
105.50 703.10
106.00 705.82
106.50 777.14
107.00 710.49
107.50 718.65
108.00 900.00
108.50 739.89
109.00 900.00
109.50 725.61
110.00 815.28
110.50 767.65
111.00 850.75
111.50 745.16
112.00 714.93
112.50 744.61
113.00 707.61
113.50 739.85
114.00 745.50
114.50 744.06
115.00 661.77
115.50 738.44
116.00 316.18
116.50 383.67
117.00 370.87
117.50 6.35
118.00 8.06
118.50 13.95
119.00 0.00
119.50 30.10
120.00 0.00
120.50 339.97
121.00 13.30
121.50 38.63
122.00 500.23
122.50 742.98
123.00 744.57
123.50 798.22
124.00 743.27
124.50 746.64
125.00 797.33
125.50 738.66
126.00 741.80
126.50 857.54
127.00 812.83
127.50 832.55
128.00 811.69
128.50 858.40
129.00 863.21
129.50 829.09
130.00 838.33
130.50 665.19
131.00 750.90
131.50 755.74
132.00 716.29
132.50 721.01
133.00 688.82
133.50 760.16
134.00 763.48
134.50 770.58
135.00 756.97
135.50 782.01
136.00 727.00
136.50 754.91
137.00 715.77
137.50 731.44
138.00 734.84
138.50 768.26
139.00 156.34
139.50 633.99
140.00 688.09
140.50 692.95
141.00 112.90
141.50 274.13
142.00 738.16
142.50 274.26
143.00 281.50
143.50 10.88
144.00 382.87
144.50 124.27
145.00 489.15
145.50 723.09
146.00 743.54
146.50 850.31
147.00 687.40
147.50 746.91
148.00 787.34
148.50 848.37
149.00 823.08
149.50 646.28
150.00 765.13
150.50 776.24
151.00 694.52
151.50 753.87
152.00 730.64
152.50 697.51
153.00 826.45
153.50 803.21
154.00 742.70
154.50 183.88
155.00 729.22
155.50 737.25
156.00 730.38
156.50 767.34
157.00 68.57
157.50 807.39
158.00 0.00
158.50 842.78
159.00 849.87
159.50 755.65
160.00 586.06
160.50 657.77
161.00 834.36
161.50 726.59
162.00 687.90
162.50 722.86
163.00 714.51
163.50 679.72
164.00 554.88
164.50 414.48
165.00 467.37
165.50 723.87
166.00 764.00
166.50 754.53
167.00 715.64
167.50 717.34
168.00 739.83
168.50 707.69
169.00 636.60
169.50 789.92
170.00 752.17
170.50 673.56
171.00 711.47
171.50 695.80
172.00 685.80
172.50 746.34
173.00 808.98
173.50 864.66
174.00 690.65
174.50 736.07
175.00 864.15
175.50 877.72
176.00 844.44
176.50 872.12
177.00 849.75
177.50 733.74
178.00 560.36
178.50 723.59
179.00 847.78
179.50 871.45
180.00 757.21
180.50 24.12
181.00 769.85
181.50 848.10
182.00 682.09
182.50 824.86
183.00 895.52
183.50 770.76
184.00 740.44
184.50 698.45
185.00 703.64
185.50 699.86
186.00 764.21
186.50 814.07
187.00 696.84
187.50 811.28
188.00 762.37
188.50 783.63
189.00 728.04
189.50 676.93
190.00 797.39
190.50 716.98
191.00 786.64
191.50 857.41
192.00 716.43
192.50 743.45
193.00 848.61
193.50 847.59
194.00 567.72
194.50 785.83
195.00 752.23
195.50 785.87
196.00 783.18
196.50 731.96
197.00 750.30
197.50 792.87
198.00 787.60
198.50 785.62
199.00 683.36
199.50 701.65
200.00 729.08
200.50 676.32
201.00 710.02
201.50 762.10
202.00 750.79
202.50 744.49
203.00 771.83
203.50 756.36
204.00 701.25
204.50 718.48
205.00 755.89
205.50 727.53
206.00 684.17
206.50 741.96
207.00 756.98
207.50 711.30
208.00 810.49
208.50 783.52
209.00 735.12
209.50 755.64
210.00 742.63
210.50 724.44
211.00 727.62
211.50 738.75
212.00 766.35
212.50 715.38
213.00 750.53
213.50 694.81
214.00 798.91
214.50 784.86
215.00 769.66
215.50 746.47
216.00 715.74
216.50 744.55
217.00 709.21
217.50 821.76
218.00 724.91
218.50 720.36
219.00 666.73
219.50 740.72
220.00 711.39
220.50 722.44
221.00 543.02
221.50 737.67
222.00 680.97
222.50 875.32
223.00 853.79
223.50 681.49
224.00 864.99
224.50 853.86
225.00 817.19
225.50 855.14
226.00 818.90
226.50 739.16
227.00 843.04
227.50 853.64
228.00 827.12
228.50 693.66
229.00 755.48
229.50 700.51
230.00 692.03
230.50 713.43
231.00 738.64
231.50 794.04
232.00 731.77
232.50 763.64
233.00 785.53
233.50 704.92
234.00 754.11
234.50 696.05
235.00 744.65
235.50 770.04
236.00 706.35
236.50 746.49
237.00 4.00
237.50 484.60
238.00 144.15
238.50 445.84
239.00 1.91
239.50 7.04
240.00 492.19
240.50 5.61
241.00 504.19
241.50 737.35
242.00 794.20
242.50 701.80
243.00 744.61
243.50 735.93
244.00 756.18
244.50 762.44
245.00 784.42
245.50 801.30
246.00 790.51
246.50 771.17
247.00 786.29
247.50 806.92
248.00 739.38
248.50 734.70
249.00 762.75
249.50 664.99
250.00 311.71
250.50 107.64
251.00 738.92
251.50 772.55
252.00 727.31
252.50 755.20
253.00 674.73
253.50 350.38
254.00 698.24
254.50 516.99
255.00 716.01
255.50 698.71
256.00 713.38
256.50 376.74
257.00 403.22
257.50 659.88
258.00 706.15
258.50 697.36
259.00 741.97
259.50 703.57
260.00 900.00
260.50 696.80
261.00 726.64
261.50 707.87
262.00 698.98
262.50 698.68
263.00 748.98
263.50 714.26
264.00 746.84
264.50 231.31
265.00 756.30
265.50 774.68
266.00 749.66
266.50 769.66
267.00 759.99
267.50 792.97
268.00 756.79
268.50 817.57
269.00 717.54
269.50 787.17
270.00 674.48
270.50 744.52
271.00 731.76
271.50 732.56
272.00 825.90
272.50 682.52
273.00 746.06
273.50 695.49
274.00 795.90
274.50 823.41
275.00 661.10
275.50 720.58
276.00 719.79
276.50 833.45
277.00 843.50
277.50 853.93
278.00 464.04
278.50 713.01
279.00 776.56
279.50 694.02
280.00 733.13
280.50 702.14
281.00 692.98
281.50 777.23
282.00 740.17
282.50 731.78
283.00 717.73
283.50 741.44
284.00 696.34
284.50 736.75
285.00 748.89
285.50 713.39
286.00 665.09
286.50 690.58
287.00 714.02
287.50 758.60
288.00 697.68
288.50 734.23
289.00 731.88
289.50 717.89
290.00 732.77
290.50 693.24
291.00 709.33
291.50 734.55
292.00 733.04
292.50 845.59
293.00 658.01
293.50 842.70
294.00 688.13
294.50 772.88
295.00 804.88
295.50 746.16
296.00 714.89
296.50 779.38
297.00 648.69
297.50 731.02
298.00 665.90
298.50 743.77
299.00 747.88
299.50 704.45
