0.00 721.09
0.50 791.60
1.00 686.83
1.50 740.25
2.00 699.51
2.50 771.68
3.00 686.33
3.50 703.91
4.00 743.42
4.50 694.19
5.00 747.18
5.50 752.91
6.00 734.91
6.50 771.88
7.00 729.12
7.50 779.57
8.00 754.51
8.50 737.65
9.00 704.88
9.50 698.60
10.00 754.15
10.50 722.65
11.00 841.65
11.50 687.24
12.00 636.25
12.50 530.01
13.00 704.19
13.50 698.16
14.00 776.42
14.50 722.00
15.00 717.11
15.50 678.94
16.00 411.08
16.50 710.24
17.00 717.79
17.50 900.00
18.00 723.34
18.50 681.90
19.00 709.70
19.50 738.09
20.00 819.67
20.50 727.55
21.00 714.39
21.50 798.63
22.00 758.72
22.50 723.54
23.00 767.04
23.50 763.95
24.00 713.90
24.50 772.16
25.00 715.23
25.50 750.21
26.00 694.76
26.50 724.04
27.00 768.15
27.50 686.97
28.00 717.21
28.50 714.80
29.00 679.52
29.50 712.11
30.00 724.68
30.50 727.09
31.00 688.02
31.50 667.61
32.00 791.69
32.50 784.62
33.00 742.34
33.50 698.43
34.00 838.14
34.50 703.56
35.00 0.00
35.50 81.02
36.00 847.37
36.50 807.30
37.00 840.63
37.50 826.59
38.00 845.16
38.50 813.29
39.00 809.59
39.50 742.54
40.00 770.96
40.50 719.98
41.00 741.94
41.50 688.41
42.00 721.02
42.50 660.36
43.00 702.30
43.50 707.71
44.00 727.91
44.50 661.72
45.00 795.26
45.50 711.76
46.00 738.34
46.50 826.37
47.00 900.00
47.50 726.47
48.00 595.82
48.50 882.96
49.00 610.50
49.50 709.97
50.00 730.21
50.50 751.09
51.00 686.30
51.50 770.81
52.00 866.64
52.50 826.34
53.00 817.02
53.50 887.66
54.00 732.66
54.50 707.01
55.00 677.51
55.50 727.16
56.00 735.32
56.50 718.82
57.00 710.58
57.50 703.06
58.00 498.96
58.50 694.54
59.00 711.51
59.50 734.42
60.00 752.35
60.50 828.53
61.00 720.88
61.50 709.01
62.00 784.85
62.50 658.02
63.00 546.70
63.50 274.23
64.00 705.82
64.50 796.10
65.00 5.79
65.50 0.60
66.00 11.08
66.50 110.30
67.00 465.75
67.50 550.16
68.00 474.61
68.50 287.26
69.00 327.14
69.50 320.55
70.00 481.82
70.50 811.68
71.00 814.62
71.50 731.05
72.00 745.55
72.50 769.65
73.00 804.20
73.50 859.22
74.00 866.91
74.50 603.15
75.00 6.94
75.50 644.50
76.00 626.69
76.50 707.37
77.00 804.55
77.50 761.02
78.00 722.08
78.50 651.40
79.00 760.80
79.50 759.47
80.00 755.02
80.50 738.56
81.00 750.67
81.50 741.01
82.00 753.30
82.50 760.27
83.00 722.92
83.50 646.57
84.00 707.79
84.50 746.27
85.00 710.98
85.50 772.86
86.00 718.16
86.50 722.03
87.00 746.55
87.50 748.14
88.00 745.83
88.50 706.50
89.00 748.07
89.50 745.52
90.00 757.10
90.50 765.37
91.00 710.14
91.50 777.06
92.00 736.05
92.50 760.69
93.00 761.65
93.50 725.63
94.00 743.85
94.50 671.69
95.00 725.30
95.50 827.85
96.00 792.94
96.50 683.49
97.00 710.85
97.50 818.12
98.00 699.09
98.50 760.60
99.00 714.22
99.50 861.69
100.00 753.02
100.50 744.93
101.00 830.57
101.50 827.68
102.00 764.30
102.50 737.38
103.00 885.45
103.50 708.62
104.00 710.45
104.50 882.83
105.00 818.91
105.50 785.76
106.00 698.78
106.50 693.11
107.00 711.97
107.50 719.21
108.00 708.44
108.50 537.57
109.00 757.25
109.50 773.54
110.00 724.12
110.50 706.83
111.00 792.79
111.50 714.07
112.00 682.14
112.50 711.93
113.00 673.52
113.50 741.48
114.00 722.10
114.50 772.06
115.00 803.11
115.50 768.14
116.00 786.66
116.50 782.85
117.00 739.76
117.50 697.58
118.00 678.29
118.50 789.24
119.00 730.53
119.50 753.82
120.00 728.81
120.50 753.88
121.00 739.82
121.50 735.19
122.00 695.25
122.50 747.38
123.00 694.05
123.50 727.18
124.00 736.57
124.50 790.41
125.00 787.10
125.50 778.37
126.00 754.15
126.50 761.80
127.00 705.32
127.50 737.99
128.00 696.75
128.50 724.61
129.00 725.73
129.50 686.04
130.00 749.45
130.50 716.65
131.00 732.78
131.50 700.01
132.00 0.00
132.50 406.25
133.00 637.90
133.50 693.57
134.00 3.46
134.50 7.13
135.00 198.88
135.50 689.50
136.00 784.04
136.50 783.58
137.00 644.86
137.50 676.29
138.00 826.22
138.50 788.86
139.00 468.20
139.50 877.70
140.00 836.64
140.50 846.81
141.00 854.87
141.50 860.35
142.00 710.30
142.50 281.33
143.00 446.15
143.50 232.67
144.00 18.23
144.50 2.62
145.00 28.30
145.50 461.82
146.00 809.00
146.50 844.35
147.00 424.78
147.50 343.86
148.00 0.21
148.50 657.01
149.00 818.27
149.50 849.44
150.00 246.36
150.50 279.29
151.00 6.06
151.50 23.66
152.00 712.78
152.50 779.64
153.00 686.75
153.50 754.20
154.00 780.94
154.50 719.11
155.00 695.00
155.50 737.50
156.00 710.66
156.50 747.44
157.00 857.43
157.50 831.80
158.00 847.77
158.50 866.42
159.00 851.12
159.50 861.32
160.00 114.00
160.50 528.46
161.00 9.48
161.50 767.79
162.00 751.67
162.50 743.24
163.00 753.22
163.50 707.13
164.00 730.49
164.50 651.46
165.00 680.04
165.50 705.64
166.00 749.85
166.50 712.33
167.00 736.55
167.50 715.33
168.00 760.77
168.50 749.19
169.00 750.29
169.50 748.19
170.00 760.33
170.50 731.43
171.00 841.04
171.50 704.02
172.00 702.75
172.50 730.21
173.00 736.96
173.50 770.66
174.00 785.57
174.50 727.20
175.00 704.97
175.50 722.88
176.00 714.90
176.50 721.98
177.00 742.57
177.50 759.06
178.00 767.60
178.50 831.29
179.00 783.01
179.50 752.34
180.00 747.15
180.50 360.26
181.00 590.00
181.50 162.97
182.00 407.87
182.50 648.18
183.00 754.10
183.50 724.80
184.00 286.62
184.50 490.65
185.00 647.33
185.50 664.87
186.00 704.61
186.50 688.48
187.00 849.05
187.50 710.90
188.00 729.54
188.50 852.07
189.00 784.79
189.50 691.45
190.00 788.68
190.50 773.09
191.00 886.71
191.50 685.61
192.00 699.90
192.50 682.46
193.00 695.16
193.50 683.07
194.00 756.09
194.50 712.24
195.00 802.34
195.50 516.89
196.00 900.00
196.50 706.42
197.00 877.19
197.50 900.00
198.00 707.11
198.50 796.71
199.00 887.41
199.50 48.04
200.00 10.06
200.50 2.33
201.00 73.41
201.50 544.96
202.00 0.00
202.50 251.15
203.00 111.33
203.50 647.98
204.00 0.00
204.50 0.64
205.00 10.43
205.50 0.00
206.00 201.96
206.50 724.10
207.00 707.49
207.50 821.55
208.00 724.03
208.50 837.23
209.00 717.01
209.50 716.74
210.00 711.91
210.50 679.71
211.00 738.21
211.50 763.96
212.00 684.46
212.50 767.89
213.00 720.74
213.50 792.10
214.00 691.56
214.50 0.00
215.00 517.82
215.50 378.92
216.00 646.10
216.50 718.43
217.00 677.16
217.50 724.85
218.00 735.81
218.50 712.43
219.00 793.73
219.50 764.55
220.00 765.18
220.50 684.68
221.00 726.55
221.50 797.30
222.00 712.42
222.50 713.06
223.00 704.56
223.50 834.78
224.00 815.35
224.50 900.00
225.00 806.18
225.50 735.25
226.00 728.00
226.50 701.59
227.00 726.45
227.50 712.55
228.00 811.36
228.50 711.81
229.00 797.54
229.50 727.90
230.00 740.20
230.50 841.73
231.00 848.75
231.50 841.18
232.00 854.08
232.50 728.40
233.00 751.49
233.50 834.90
234.00 709.00
234.50 809.49
235.00 714.34
235.50 762.58
236.00 740.77
236.50 732.28
237.00 747.03
237.50 698.29
238.00 682.97
238.50 734.15
239.00 672.12
239.50 710.07
240.00 699.22
240.50 720.19
241.00 681.90
241.50 714.32
242.00 703.47
242.50 787.26
243.00 688.48
243.50 688.02
244.00 733.11
244.50 682.14
245.00 701.33
245.50 705.01
246.00 758.34
246.50 682.88
247.00 771.45
247.50 735.48
248.00 757.44
248.50 757.65
249.00 709.74
249.50 699.43
250.00 749.44
250.50 731.51
251.00 711.46
251.50 738.58
252.00 848.11
252.50 787.87
253.00 760.55
253.50 735.61
254.00 741.74
254.50 730.89
255.00 857.41
255.50 844.37
256.00 721.58
256.50 701.49
257.00 659.24
257.50 746.52
258.00 827.37
258.50 844.42
259.00 899.74
259.50 829.96
260.00 846.82
260.50 760.54
261.00 742.13
261.50 872.15
262.00 729.21
262.50 704.06
263.00 747.99
263.50 750.96
264.00 760.01
264.50 397.92
265.00 819.68
265.50 667.34
266.00 4.88
266.50 265.69
267.00 268.36
267.50 532.30
268.00 75.36
268.50 580.75
269.00 776.34
269.50 871.70
270.00 758.71
270.50 843.35
271.00 869.89
271.50 726.70
272.00 704.20
272.50 705.63
273.00 743.02
273.50 718.54
274.00 691.31
274.50 697.58
275.00 818.73
275.50 772.95
276.00 709.39
276.50 732.99
277.00 801.59
277.50 721.79
278.00 717.55
278.50 703.49
279.00 753.18
279.50 789.15
280.00 731.04
280.50 713.16
281.00 727.95
281.50 840.27
282.00 679.04
282.50 646.48
283.00 756.39
283.50 710.84
284.00 721.06
284.50 715.39
285.00 826.50
285.50 695.27
286.00 775.02
286.50 735.31
287.00 776.70
287.50 833.98
288.00 759.84
288.50 732.30
289.00 716.26
289.50 681.47
290.00 735.70
290.50 894.98
291.00 733.96
291.50 742.05
292.00 769.74
292.50 884.60
293.00 791.00
293.50 731.29
294.00 160.32
294.50 3.81
295.00 17.64
295.50 721.71
296.00 342.49
296.50 8.40
297.00 8.30
297.50 27.96
298.00 10.77
298.50 16.93
299.00 760.12
299.50 795.35
