0.00 745.00
0.50 750.54
1.00 692.21
1.50 742.29
2.00 764.18
2.50 767.36
3.00 727.36
3.50 743.00
4.00 832.60
4.50 823.24
5.00 875.41
5.50 806.79
6.00 861.93
6.50 891.65
7.00 825.09
7.50 825.66
8.00 850.80
8.50 844.66
9.00 825.72
9.50 829.68
10.00 900.00
10.50 871.75
11.00 863.56
11.50 856.76
12.00 694.43
12.50 693.07
13.00 705.71
13.50 868.07
14.00 879.57
14.50 728.91
15.00 720.40
15.50 714.90
16.00 707.14
16.50 716.08
17.00 706.03
17.50 659.35
18.00 720.63
18.50 697.62
19.00 695.79
19.50 698.31
20.00 407.24
20.50 686.03
21.00 697.71
21.50 760.27
22.00 747.13
22.50 650.74
23.00 736.04
23.50 689.18
24.00 172.27
24.50 86.30
25.00 0.00
25.50 15.15
26.00 11.76
26.50 438.33
27.00 750.05
27.50 172.88
28.00 363.43
28.50 501.60
29.00 0.45
29.50 23.78
30.00 3.70
30.50 436.03
31.00 6.11
31.50 2.27
32.00 6.65
32.50 0.00
33.00 0.00
33.50 0.00
34.00 0.00
34.50 8.32
35.00 236.21
35.50 791.50
36.00 859.73
36.50 831.36
37.00 845.70
37.50 829.36
38.00 856.53
38.50 754.83
39.00 781.89
39.50 692.71
40.00 711.71
40.50 748.17
41.00 732.13
41.50 755.30
42.00 687.19
42.50 663.21
43.00 650.76
43.50 697.09
44.00 720.45
44.50 723.89
45.00 757.83
45.50 698.41
46.00 813.20
46.50 818.98
47.00 623.44
47.50 745.71
48.00 711.58
48.50 731.85
49.00 724.18
49.50 734.77
50.00 741.62
50.50 788.69
51.00 679.17
51.50 830.30
52.00 788.07
52.50 743.34
53.00 222.31
53.50 321.85
54.00 380.37
54.50 517.18
55.00 0.00
55.50 709.80
56.00 707.46
56.50 861.30
57.00 860.99
57.50 853.02
58.00 770.86
58.50 731.41
59.00 777.48
59.50 729.16
60.00 772.02
60.50 754.28
61.00 741.17
61.50 710.93
62.00 778.40
62.50 757.62
63.00 702.25
63.50 689.44
64.00 753.95
64.50 679.27
65.00 794.08
65.50 762.13
66.00 772.32
66.50 638.44
67.00 665.61
67.50 754.03
68.00 777.57
68.50 738.62
69.00 750.93
69.50 690.00
70.00 720.63
70.50 271.03
71.00 13.89
71.50 24.37
72.00 22.92
72.50 6.87
73.00 175.38
73.50 244.57
74.00 0.00
74.50 8.52
75.00 0.00
75.50 818.56
76.00 730.47
76.50 762.88
77.00 781.21
77.50 721.83
78.00 756.32
78.50 719.71
79.00 701.83
79.50 701.30
80.00 712.30
80.50 733.93
81.00 667.95
81.50 697.91
82.00 822.42
82.50 870.27
83.00 703.38
83.50 712.34
84.00 724.69
84.50 759.80
85.00 900.00
85.50 771.37
86.00 818.62
86.50 756.38
87.00 786.87
87.50 700.00
88.00 793.97
88.50 705.68
89.00 705.73
89.50 701.75
90.00 681.71
90.50 670.47
91.00 825.65
91.50 827.74
92.00 739.73
92.50 705.63
93.00 732.96
93.50 726.49
94.00 747.45
94.50 742.39
95.00 776.95
95.50 720.22
96.00 680.68
96.50 709.45
97.00 686.77
97.50 712.12
98.00 796.14
98.50 781.70
99.00 703.56
99.50 711.50
100.00 818.86
100.50 797.56
101.00 485.39
101.50 726.20
102.00 836.31
102.50 810.81
103.00 740.14
103.50 673.61
104.00 864.26
104.50 653.44
105.00 847.44
105.50 708.88
106.00 649.46
106.50 789.87
107.00 723.14
107.50 713.95
108.00 772.70
108.50 813.31
109.00 701.42
109.50 735.33
110.00 686.19
110.50 719.10
111.00 798.58
111.50 369.99
112.00 740.00
112.50 802.42
113.00 749.16
113.50 762.36
114.00 733.22
114.50 704.86
115.00 710.95
115.50 738.87
116.00 696.38
116.50 735.04
117.00 755.27
117.50 681.18
118.00 719.84
118.50 762.98
119.00 758.49
119.50 735.16
120.00 734.05
120.50 709.36
121.00 707.04
121.50 768.07
122.00 656.80
122.50 727.14
123.00 744.52
123.50 830.61
124.00 755.43
124.50 749.22
125.00 737.37
125.50 703.20
126.00 700.70
126.50 766.33
127.00 764.24
127.50 765.01
128.00 790.18
128.50 718.93
129.00 765.76
129.50 273.82
130.00 532.20
130.50 732.53
131.00 680.34
131.50 732.03
132.00 703.33
132.50 674.52
133.00 711.89
133.50 818.32
134.00 700.05
134.50 749.65
135.00 779.73
135.50 738.69
136.00 718.18
136.50 760.48
137.00 779.79
137.50 770.01
138.00 756.90
138.50 732.12
139.00 401.50
139.50 534.96
140.00 356.95
140.50 440.83
141.00 707.21
141.50 814.44
142.00 729.09
142.50 772.44
143.00 556.72
143.50 0.00
144.00 630.47
144.50 23.64
145.00 424.65
145.50 729.38
146.00 54.31
146.50 643.92
147.00 174.24
147.50 32.38
148.00 18.01
148.50 23.29
149.00 7.72
149.50 9.64
150.00 549.40
150.50 709.39
151.00 752.07
151.50 735.17
152.00 722.41
152.50 776.30
153.00 766.91
153.50 765.55
154.00 695.67
154.50 718.19
155.00 744.97
155.50 712.69
156.00 760.60
156.50 860.58
157.00 870.65
157.50 872.94
158.00 853.45
158.50 758.25
159.00 750.57
159.50 724.21
160.00 758.08
160.50 814.79
161.00 275.51
161.50 252.89
162.00 219.88
162.50 0.00
163.00 123.53
163.50 7.70
164.00 9.39
164.50 12.22
165.00 0.00
165.50 51.42
166.00 3.19
166.50 0.00
167.00 778.72
167.50 801.88
168.00 819.73
168.50 759.58
169.00 789.07
169.50 755.17
170.00 684.60
170.50 712.28
171.00 533.37
171.50 785.19
172.00 791.99
172.50 785.67
173.00 739.38
173.50 636.07
174.00 719.57
174.50 793.15
175.00 705.96
175.50 711.77
176.00 683.59
176.50 750.33
177.00 413.78
177.50 583.74
178.00 274.43
178.50 220.50
179.00 693.13
179.50 384.92
180.00 484.93
180.50 704.34
181.00 689.81
181.50 669.86
182.00 731.19
182.50 691.51
183.00 716.68
183.50 773.68
184.00 369.15
184.50 313.39
185.00 155.33
185.50 315.70
186.00 626.32
186.50 10.54
187.00 167.83
187.50 772.04
188.00 485.11
188.50 306.43
189.00 455.00
189.50 12.91
190.00 22.67
190.50 377.40
191.00 708.23
191.50 744.16
192.00 723.28
192.50 739.06
193.00 709.51
193.50 721.12
194.00 732.12
194.50 688.93
195.00 763.39
195.50 732.36
196.00 734.53
196.50 656.90
197.00 704.47
197.50 712.11
198.00 806.05
198.50 886.39
199.00 738.30
199.50 725.26
200.00 673.12
200.50 739.90
201.00 711.53
201.50 700.82
202.00 714.92
202.50 746.71
203.00 737.83
203.50 690.49
204.00 696.64
204.50 759.52
205.00 742.26
205.50 438.70
206.00 774.85
206.50 746.39
207.00 734.60
207.50 694.60
208.00 795.85
208.50 716.21
209.00 715.01
209.50 723.45
210.00 751.17
210.50 700.28
211.00 726.89
211.50 732.40
212.00 758.84
212.50 724.55
213.00 748.93
213.50 746.14
214.00 770.25
214.50 141.16
215.00 599.17
215.50 700.82
216.00 743.76
216.50 670.22
217.00 751.70
217.50 528.24
218.00 757.56
218.50 867.19
219.00 479.12
219.50 327.06
220.00 205.75
220.50 20.19
221.00 13.26
221.50 604.48
222.00 38.01
222.50 25.02
223.00 614.35
223.50 343.35
224.00 821.68
224.50 816.18
225.00 828.24
225.50 275.12
226.00 772.70
226.50 705.02
227.00 715.87
227.50 762.82
228.00 778.80
228.50 693.71
229.00 668.05
229.50 726.21
230.00 747.39
230.50 736.06
231.00 724.66
231.50 764.90
232.00 774.08
232.50 710.90
233.00 747.86
233.50 705.09
234.00 775.01
234.50 747.56
235.00 753.49
235.50 684.15
236.00 760.48
236.50 740.18
237.00 760.02
237.50 756.89
238.00 750.67
238.50 790.42
239.00 706.58
239.50 732.82
240.00 754.50
240.50 730.55
241.00 707.16
241.50 0.00
242.00 448.79
242.50 9.72
243.00 531.82
243.50 849.44
244.00 783.16
244.50 774.21
245.00 752.84
245.50 751.44
246.00 734.91
246.50 703.98
247.00 760.11
247.50 744.08
248.00 738.73
248.50 695.18
249.00 30.49
249.50 764.73
250.00 549.69
250.50 82.99
251.00 732.18
251.50 729.87
252.00 213.67
252.50 775.66
253.00 761.09
253.50 13.75
254.00 707.83
254.50 709.57
255.00 676.99
255.50 723.55
256.00 461.23
256.50 791.62
257.00 741.35
257.50 721.67
258.00 736.95
258.50 714.35
259.00 843.32
259.50 748.20
260.00 277.20
260.50 526.36
261.00 278.30
261.50 590.12
262.00 766.18
262.50 646.86
263.00 777.66
263.50 731.41
264.00 727.85
264.50 770.78
265.00 768.99
265.50 739.90
266.00 733.08
266.50 749.04
267.00 731.13
267.50 771.29
268.00 698.34
268.50 697.11
269.00 872.66
269.50 738.10
270.00 741.71
270.50 703.77
271.00 791.48
271.50 799.07
272.00 722.00
272.50 846.87
273.00 711.77
273.50 1.28
274.00 25.30
274.50 0.00
275.00 140.57
275.50 0.00
276.00 353.53
276.50 7.89
277.00 5.86
277.50 223.24
278.00 691.36
278.50 703.84
279.00 715.94
279.50 670.49
280.00 685.63
280.50 748.84
281.00 779.76
281.50 839.77
282.00 900.00
282.50 683.54
283.00 701.42
283.50 693.90
284.00 496.87
284.50 689.71
285.00 842.00
285.50 838.04
286.00 680.65
286.50 759.71
287.00 673.90
287.50 779.11
288.00 853.92
288.50 894.38
289.00 845.46
289.50 832.05
290.00 869.98
290.50 832.00
291.00 860.72
291.50 853.70
292.00 823.41
292.50 744.76
293.00 761.07
293.50 675.08
294.00 756.08
294.50 455.78
295.00 266.07
295.50 147.60
296.00 496.46
296.50 651.76
297.00 177.72
297.50 803.38
298.00 709.88
298.50 675.41
299.00 693.02
299.50 716.44
