0.00 704.28
0.50 697.53
1.00 681.55
1.50 719.81
2.00 771.87
2.50 705.00
3.00 5.95
3.50 590.57
4.00 238.28
4.50 0.00
5.00 13.90
5.50 3.58
6.00 400.75
6.50 731.20
7.00 712.92
7.50 696.37
8.00 758.42
8.50 751.38
9.00 722.88
9.50 699.94
10.00 780.34
10.50 476.76
11.00 690.03
11.50 778.96
12.00 754.24
12.50 401.76
13.00 569.60
13.50 737.08
14.00 757.36
14.50 861.01
15.00 896.83
15.50 885.01
16.00 279.25
16.50 0.00
17.00 0.00
17.50 758.70
18.00 697.62
18.50 708.70
19.00 675.39
19.50 694.09
20.00 703.78
20.50 699.72
21.00 757.45
21.50 718.53
22.00 719.11
22.50 713.82
23.00 739.50
23.50 740.07
24.00 808.98
24.50 740.50
25.00 752.64
25.50 768.25
26.00 687.91
26.50 775.77
27.00 702.06
27.50 713.69
28.00 734.97
28.50 848.66
29.00 601.54
29.50 713.16
30.00 790.18
30.50 733.93
31.00 376.93
31.50 741.24
32.00 782.76
32.50 702.32
33.00 725.23
33.50 738.94
34.00 788.11
34.50 700.57
35.00 730.39
35.50 796.16
36.00 760.46
36.50 765.84
37.00 727.28
37.50 768.95
38.00 711.10
38.50 731.60
39.00 785.01
39.50 677.64
40.00 739.40
40.50 754.93
41.00 699.40
41.50 4.56
42.00 12.50
42.50 756.72
43.00 741.23
43.50 734.86
44.00 711.14
44.50 745.38
45.00 777.24
45.50 738.13
46.00 782.97
46.50 766.33
47.00 759.60
47.50 711.18
48.00 739.90
48.50 798.01
49.00 80.84
49.50 832.21
50.00 871.73
50.50 835.89
51.00 864.83
51.50 712.86
52.00 755.16
52.50 769.26
53.00 755.41
53.50 850.60
54.00 869.73
54.50 826.29
55.00 862.25
55.50 839.77
56.00 775.49
56.50 853.99
57.00 783.08
57.50 806.19
58.00 723.70
58.50 711.75
59.00 766.59
59.50 677.24
60.00 715.75
60.50 730.72
61.00 695.95
61.50 735.79
62.00 779.17
62.50 736.75
63.00 763.85
63.50 759.15
64.00 731.36
64.50 741.52
65.00 750.13
65.50 725.73
66.00 767.36
66.50 684.47
67.00 696.27
67.50 752.79
68.00 731.43
68.50 729.64
69.00 712.60
69.50 796.86
70.00 724.45
70.50 695.30
71.00 809.38
71.50 741.87
72.00 790.03
72.50 798.68
73.00 677.10
73.50 155.42
74.00 717.54
74.50 727.34
75.00 801.68
75.50 752.02
76.00 722.39
76.50 723.02
77.00 856.27
77.50 758.84
78.00 793.98
78.50 727.39
79.00 705.14
79.50 705.25
80.00 790.38
80.50 744.86
81.00 721.29
81.50 766.60
82.00 719.64
82.50 777.03
83.00 838.27
83.50 709.49
84.00 855.82
84.50 822.54
85.00 719.49
85.50 900.00
86.00 859.38
86.50 849.47
87.00 856.51
87.50 874.32
88.00 870.36
88.50 810.60
89.00 825.70
89.50 722.54
90.00 784.65
90.50 832.72
91.00 853.24
91.50 834.05
92.00 832.67
92.50 837.83
93.00 735.18
93.50 750.41
94.00 742.25
94.50 695.75
95.00 734.82
95.50 734.02
96.00 734.40
96.50 755.01
97.00 5.27
97.50 0.00
98.00 826.63
98.50 13.12
99.00 13.71
99.50 4.60
100.00 50.38
100.50 402.54
101.00 723.09
101.50 754.14
102.00 345.13
102.50 0.00
103.00 26.96
103.50 7.83
104.00 3.32
104.50 296.39
105.00 738.37
105.50 637.49
106.00 742.13
106.50 829.25
107.00 836.75
107.50 837.21
108.00 841.11
108.50 871.35
109.00 679.27
109.50 724.38
110.00 765.00
110.50 722.89
111.00 688.70
111.50 709.98
112.00 748.31
112.50 698.30
113.00 809.77
113.50 721.59
114.00 727.23
114.50 689.14
115.00 697.91
115.50 703.37
116.00 677.39
116.50 655.85
117.00 707.21
117.50 805.61
118.00 768.73
118.50 725.51
119.00 695.28
119.50 682.67
120.00 697.81
120.50 743.28
121.00 900.00
121.50 735.65
122.00 679.32
122.50 822.18
123.00 874.43
123.50 715.49
124.00 743.80
124.50 785.56
125.00 704.85
125.50 739.33
126.00 708.39
126.50 708.10
127.00 600.65
127.50 693.30
128.00 882.24
128.50 710.70
129.00 697.06
129.50 178.92
130.00 699.56
130.50 825.31
131.00 711.29
131.50 847.71
132.00 721.79
132.50 758.82
133.00 730.61
133.50 671.88
134.00 772.39
134.50 741.13
135.00 743.90
135.50 748.02
136.00 714.86
136.50 677.09
137.00 742.31
137.50 747.10
138.00 669.50
138.50 693.50
139.00 733.52
139.50 721.84
140.00 731.29
140.50 734.62
141.00 771.05
141.50 744.61
142.00 741.78
142.50 738.75
143.00 761.41
143.50 718.34
144.00 297.96
144.50 406.68
145.00 700.05
145.50 751.09
146.00 743.44
146.50 722.38
147.00 753.34
147.50 756.24
148.00 772.48
148.50 671.34
149.00 739.25
149.50 775.37
150.00 831.53
150.50 822.42
151.00 840.77
151.50 832.74
152.00 870.58
152.50 852.10
153.00 889.86
153.50 840.44
154.00 742.05
154.50 707.39
155.00 780.38
155.50 703.37
156.00 711.45
156.50 699.64
157.00 751.65
157.50 759.85
158.00 733.76
158.50 461.52
159.00 3.13
159.50 377.64
160.00 746.99
160.50 734.72
161.00 769.90
161.50 697.23
162.00 740.20
162.50 772.11
163.00 734.51
163.50 779.15
164.00 713.36
164.50 707.43
165.00 833.69
165.50 894.32
166.00 818.38
166.50 807.22
167.00 856.65
167.50 849.53
168.00 346.57
168.50 195.49
169.00 749.97
169.50 763.92
170.00 738.80
170.50 692.56
171.00 734.69
171.50 724.95
172.00 476.55
172.50 617.06
173.00 685.66
173.50 836.47
174.00 862.90
174.50 730.36
175.00 794.05
175.50 711.74
176.00 730.32
176.50 690.77
177.00 683.74
177.50 671.43
178.00 491.01
178.50 487.99
179.00 717.18
179.50 681.77
180.00 692.81
180.50 723.85
181.00 736.80
181.50 849.84
182.00 741.56
182.50 712.67
183.00 803.40
183.50 718.26
184.00 787.67
184.50 679.26
185.00 809.97
185.50 677.69
186.00 760.69
186.50 837.40
187.00 795.82
187.50 900.00
188.00 749.15
188.50 767.17
189.00 662.86
189.50 255.91
190.00 705.94
190.50 686.75
191.00 711.20
191.50 701.83
192.00 725.60
192.50 744.70
193.00 837.84
193.50 775.37
194.00 747.44
194.50 10.81
195.00 0.00
195.50 7.42
196.00 23.57
196.50 721.16
197.00 3.35
197.50 38.21
198.00 4.00
198.50 0.00
199.00 681.03
199.50 844.79
200.00 373.30
200.50 712.61
201.00 837.94
201.50 424.13
202.00 719.12
202.50 728.25
203.00 713.89
203.50 757.77
204.00 754.71
204.50 721.68
205.00 443.29
205.50 723.56
206.00 720.27
206.50 864.12
207.00 844.70
207.50 838.79
208.00 690.75
208.50 711.73
209.00 848.84
209.50 734.78
210.00 686.82
210.50 596.99
211.00 777.45
211.50 871.07
212.00 732.06
212.50 669.23
213.00 728.86
213.50 709.75
214.00 736.63
214.50 725.74
215.00 835.67
215.50 699.19
216.00 728.27
216.50 721.80
217.00 708.42
217.50 703.46
218.00 694.43
218.50 746.56
219.00 722.58
219.50 739.21
220.00 758.39
220.50 691.56
221.00 900.00
221.50 738.77
222.00 731.27
222.50 379.76
223.00 494.51
223.50 443.91
224.00 743.09
224.50 699.05
225.00 707.05
225.50 809.96
226.00 733.20
226.50 818.80
227.00 704.65
227.50 685.37
228.00 694.26
228.50 673.55
229.00 765.08
229.50 823.43
230.00 710.84
230.50 764.28
231.00 752.17
231.50 680.40
232.00 700.91
232.50 868.09
233.00 806.26
233.50 743.78
234.00 710.79
234.50 688.58
235.00 741.90
235.50 695.44
236.00 731.90
236.50 718.46
237.00 708.59
237.50 698.44
238.00 900.00
238.50 677.59
239.00 719.62
239.50 742.33
240.00 654.25
240.50 685.48
241.00 833.97
241.50 818.48
242.00 810.11
242.50 853.18
243.00 827.75
243.50 870.65
244.00 846.78
244.50 850.97
245.00 843.57
245.50 737.29
246.00 851.64
246.50 836.51
247.00 511.12
247.50 273.24
248.00 776.59
248.50 674.02
249.00 654.11
249.50 694.86
250.00 729.02
250.50 822.53
251.00 851.57
251.50 877.61
252.00 877.34
252.50 886.19
253.00 878.45
253.50 749.92
254.00 46.46
254.50 687.56
255.00 762.56
255.50 700.89
256.00 703.11
256.50 700.93
257.00 744.66
257.50 753.77
258.00 694.02
258.50 763.74
259.00 713.60
259.50 717.75
260.00 729.62
260.50 773.73
261.00 738.53
261.50 773.04
262.00 717.26
262.50 741.65
263.00 681.15
263.50 844.87
264.00 868.00
264.50 864.32
265.00 833.81
265.50 760.91
266.00 694.43
266.50 824.41
267.00 794.88
267.50 837.82
268.00 704.55
268.50 703.11
269.00 760.33
269.50 722.70
270.00 682.28
270.50 687.22
271.00 683.29
271.50 683.50
272.00 706.53
272.50 762.97
273.00 732.85
273.50 779.93
274.00 802.14
274.50 686.61
275.00 788.22
275.50 707.11
276.00 708.71
276.50 732.89
277.00 718.27
277.50 776.90
278.00 703.14
278.50 764.00
279.00 750.54
279.50 770.72
280.00 748.74
280.50 701.03
281.00 766.43
281.50 704.27
282.00 728.99
282.50 718.98
283.00 738.35
283.50 692.56
284.00 700.89
284.50 759.48
285.00 873.84
285.50 766.64
286.00 743.54
286.50 767.49
287.00 725.26
287.50 777.40
288.00 328.42
288.50 785.96
289.00 697.98
289.50 866.37
290.00 765.32
290.50 674.08
291.00 696.99
291.50 705.62
292.00 763.82
292.50 701.39
293.00 779.80
293.50 765.50
294.00 745.22
294.50 670.72
295.00 709.37
295.50 731.91
296.00 831.19
296.50 691.98
297.00 276.23
297.50 75.90
298.00 264.24
298.50 259.86
299.00 369.59
299.50 422.92
