0.00 728.82
0.50 777.84
1.00 763.14
1.50 703.17
2.00 773.27
2.50 721.47
3.00 786.93
3.50 712.36
4.00 744.49
4.50 705.76
5.00 720.05
5.50 739.42
6.00 737.18
6.50 722.36
7.00 759.38
7.50 730.40
8.00 688.42
8.50 753.99
9.00 713.16
9.50 699.81
10.00 747.75
10.50 707.77
11.00 741.91
11.50 750.43
12.00 751.95
12.50 723.53
13.00 718.10
13.50 726.84
14.00 754.86
14.50 719.04
15.00 731.30
15.50 744.24
16.00 725.84
16.50 711.73
17.00 778.44
17.50 742.55
18.00 729.78
18.50 745.54
19.00 713.51
19.50 750.18
20.00 728.35
20.50 734.80
21.00 768.09
21.50 725.59
22.00 688.27
22.50 756.66
23.00 687.02
23.50 123.77
24.00 12.34
24.50 17.78
25.00 350.29
25.50 69.87
26.00 598.08
26.50 4.59
27.00 18.12
27.50 0.30
28.00 28.97
28.50 458.94
29.00 7.12
29.50 562.06
30.00 737.16
30.50 702.17
31.00 736.14
31.50 757.92
32.00 744.48
32.50 764.03
33.00 703.33
33.50 727.08
34.00 748.07
34.50 709.10
35.00 741.00
35.50 753.79
36.00 706.52
36.50 740.73
37.00 739.24
37.50 751.10
38.00 737.99
38.50 696.50
39.00 716.78
39.50 739.43
40.00 723.63
40.50 761.46
41.00 724.38
41.50 765.01
42.00 723.61
42.50 717.82
43.00 715.05
43.50 720.55
44.00 722.58
44.50 699.08
45.00 778.17
45.50 804.29
46.00 711.44
46.50 723.46
47.00 713.61
47.50 724.24
48.00 766.25
48.50 737.20
49.00 704.09
49.50 720.18
50.00 738.32
50.50 739.35
51.00 723.90
51.50 710.34
52.00 741.76
52.50 683.98
53.00 669.83
53.50 691.79
54.00 825.26
54.50 802.20
55.00 563.44
55.50 708.79
56.00 801.63
56.50 717.20
57.00 697.27
57.50 720.16
58.00 821.41
58.50 736.73
59.00 583.58
59.50 676.75
60.00 712.79
60.50 811.77
61.00 687.82
61.50 671.36
62.00 696.88
62.50 767.64
63.00 772.32
63.50 710.24
64.00 780.39
64.50 715.11
65.00 757.45
65.50 714.21
66.00 725.79
66.50 751.52
67.00 842.96
67.50 858.47
68.00 695.85
68.50 696.52
69.00 728.26
69.50 833.17
70.00 689.77
70.50 734.66
71.00 726.75
71.50 757.72
72.00 802.98
72.50 711.14
73.00 704.88
73.50 697.02
74.00 712.14
74.50 611.49
75.00 322.97
75.50 365.32
76.00 187.12
76.50 635.25
77.00 866.45
77.50 750.77
78.00 705.90
78.50 806.74
79.00 714.56
79.50 776.85
80.00 848.94
80.50 829.10
81.00 863.37
81.50 834.10
82.00 900.00
82.50 701.63
83.00 0.00
83.50 466.25
84.00 512.99
84.50 0.00
85.00 10.43
85.50 627.48
86.00 826.39
86.50 735.16
87.00 826.32
87.50 820.05
88.00 762.28
88.50 711.87
89.00 721.25
89.50 695.81
90.00 699.07
90.50 900.00
91.00 761.05
91.50 725.51
92.00 749.55
92.50 741.07
93.00 726.16
93.50 709.34
94.00 690.13
94.50 794.63
95.00 751.89
95.50 715.01
96.00 751.43
96.50 737.36
97.00 734.84
97.50 754.76
98.00 762.22
98.50 753.94
99.00 716.62
99.50 757.05
100.00 753.95
100.50 757.08
101.00 709.43
101.50 707.83
102.00 759.25
102.50 775.54
103.00 801.06
103.50 754.35
104.00 735.19
104.50 714.86
105.00 731.26
105.50 719.83
106.00 736.90
106.50 660.67
107.00 731.97
107.50 732.05
108.00 754.93
108.50 713.21
109.00 756.50
109.50 689.30
110.00 799.04
110.50 834.64
111.00 838.04
111.50 860.19
112.00 843.20
112.50 852.68
113.00 846.52
113.50 823.38
114.00 521.87
114.50 889.47
115.00 843.04
115.50 746.15
116.00 672.65
116.50 0.00
117.00 754.47
117.50 0.00
118.00 531.51
118.50 2.82
119.00 517.48
119.50 31.88
120.00 364.80
120.50 652.54
121.00 749.47
121.50 757.37
122.00 796.46
122.50 137.28
123.00 421.69
123.50 428.98
124.00 408.30
124.50 757.26
125.00 700.53
125.50 716.13
126.00 779.28
126.50 688.94
127.00 684.10
127.50 694.33
128.00 900.00
128.50 839.10
129.00 862.52
129.50 836.22
130.00 818.38
130.50 711.99
131.00 746.10
131.50 709.16
132.00 25.22
132.50 0.00
133.00 366.05
133.50 263.42
134.00 720.00
134.50 707.53
135.00 845.33
135.50 822.70
136.00 814.58
136.50 825.45
137.00 855.07
137.50 768.37
138.00 738.44
138.50 751.89
139.00 751.24
139.50 770.39
140.00 757.50
140.50 699.46
141.00 754.51
141.50 726.12
142.00 736.41
142.50 455.13
143.00 503.69
143.50 185.13
144.00 595.42
144.50 0.00
145.00 765.86
145.50 835.44
146.00 890.96
146.50 674.87
147.00 729.64
147.50 712.78
148.00 697.12
148.50 724.04
149.00 779.24
149.50 687.93
150.00 761.48
150.50 740.61
151.00 763.47
151.50 759.90
152.00 770.92
152.50 823.72
153.00 670.88
153.50 729.90
154.00 759.69
154.50 747.79
155.00 407.09
155.50 667.76
156.00 866.91
156.50 749.10
157.00 716.21
157.50 712.05
158.00 724.29
158.50 826.53
159.00 827.85
159.50 728.64
160.00 809.01
160.50 842.48
161.00 682.38
161.50 733.93
162.00 559.88
162.50 900.00
163.00 736.57
163.50 710.01
164.00 3.76
164.50 443.79
165.00 869.44
165.50 486.23
166.00 0.00
166.50 679.73
167.00 860.59
167.50 832.95
168.00 851.78
168.50 850.58
169.00 861.81
169.50 820.27
170.00 705.74
170.50 442.81
171.00 561.44
171.50 765.92
172.00 690.12
172.50 15.70
173.00 289.02
173.50 758.90
174.00 744.69
174.50 661.37
175.00 715.92
175.50 686.64
176.00 784.58
176.50 765.08
177.00 747.31
177.50 742.17
178.00 755.17
178.50 0.00
179.00 752.22
179.50 833.55
180.00 820.92
180.50 860.73
181.00 865.96
181.50 827.75
182.00 622.49
182.50 229.76
183.00 0.00
183.50 20.80
184.00 238.45
184.50 210.23
185.00 745.54
185.50 792.77
186.00 817.33
186.50 841.88
187.00 869.57
187.50 829.54
188.00 855.05
188.50 845.38
189.00 776.98
189.50 751.78
190.00 668.05
190.50 715.80
191.00 512.29
191.50 537.08
192.00 746.76
192.50 745.43
193.00 298.30
193.50 3.13
194.00 8.52
194.50 312.10
195.00 165.94
195.50 509.89
196.00 288.54
196.50 399.00
197.00 69.70
197.50 0.00
198.00 279.14
198.50 764.25
199.00 809.62
199.50 719.60
200.00 660.42
200.50 745.47
201.00 705.95
201.50 697.64
202.00 686.42
202.50 719.89
203.00 723.14
203.50 738.36
204.00 730.77
204.50 706.69
205.00 733.03
205.50 634.72
206.00 726.77
206.50 75.94
207.00 531.15
207.50 713.62
208.00 701.49
208.50 754.77
209.00 105.84
209.50 280.28
210.00 7.91
210.50 134.00
211.00 299.66
211.50 200.82
212.00 493.83
212.50 724.86
213.00 743.70
213.50 740.80
214.00 21.68
214.50 774.26
215.00 734.65
215.50 813.71
216.00 342.90
216.50 384.97
217.00 9.70
217.50 0.00
218.00 11.60
218.50 0.00
219.00 1.05
219.50 20.85
220.00 212.97
220.50 674.25
221.00 722.78
221.50 805.74
222.00 824.21
222.50 674.08
223.00 797.87
223.50 735.07
224.00 364.61
224.50 265.89
225.00 723.00
225.50 749.03
226.00 731.74
226.50 761.19
227.00 733.52
227.50 758.50
228.00 404.12
228.50 667.34
229.00 794.96
229.50 823.42
230.00 870.12
230.50 722.37
231.00 830.71
231.50 834.41
232.00 849.62
232.50 823.39
233.00 323.84
233.50 382.95
234.00 759.51
234.50 419.04
235.00 10.21
235.50 4.83
236.00 526.13
236.50 653.20
237.00 584.40
237.50 15.52
238.00 435.71
238.50 14.32
239.00 29.68
239.50 10.49
240.00 639.85
240.50 280.45
241.00 729.85
241.50 550.43
242.00 694.95
242.50 858.00
243.00 696.45
243.50 696.00
244.00 748.19
244.50 740.76
245.00 674.73
245.50 596.44
246.00 239.68
246.50 754.94
247.00 689.66
247.50 790.26
248.00 823.98
248.50 696.03
249.00 716.50
249.50 684.88
250.00 777.72
250.50 712.15
251.00 900.00
251.50 763.75
252.00 699.57
252.50 736.38
253.00 692.10
253.50 260.85
254.00 737.52
254.50 35.71
255.00 164.37
255.50 260.32
256.00 463.41
256.50 732.76
257.00 659.74
257.50 738.46
258.00 718.79
258.50 760.89
259.00 725.01
259.50 718.25
260.00 724.97
260.50 742.20
261.00 726.61
261.50 39.11
262.00 206.04
262.50 704.54
263.00 708.04
263.50 715.29
264.00 722.33
264.50 811.20
265.00 306.63
265.50 0.00
266.00 479.69
266.50 722.34
267.00 722.78
267.50 702.77
268.00 712.16
268.50 727.67
269.00 786.37
269.50 770.17
270.00 744.99
270.50 671.94
271.00 694.86
271.50 833.49
272.00 801.95
272.50 845.93
273.00 518.42
273.50 683.39
274.00 784.50
274.50 695.75
275.00 778.50
275.50 670.14
276.00 705.84
276.50 799.89
277.00 691.56
277.50 719.35
278.00 730.45
278.50 723.89
279.00 704.43
279.50 827.32
280.00 818.28
280.50 829.66
281.00 718.99
281.50 737.06
282.00 724.32
282.50 768.20
283.00 730.16
283.50 714.24
284.00 731.11
284.50 804.10
285.00 713.24
285.50 745.58
286.00 664.10
286.50 777.96
287.00 705.52
287.50 760.82
288.00 673.02
288.50 695.45
289.00 760.67
289.50 711.48
290.00 741.20
290.50 782.08
291.00 667.98
291.50 784.22
292.00 764.64
292.50 719.66
293.00 713.47
293.50 738.62
294.00 695.18
294.50 710.49
295.00 754.04
295.50 745.29
296.00 735.51
296.50 736.04
297.00 752.51
297.50 748.86
298.00 731.47
298.50 723.17
299.00 694.53
299.50 738.08
