0.00 719.76
0.50 718.66
1.00 736.03
1.50 718.24
2.00 724.45
2.50 768.60
3.00 733.51
3.50 674.96
4.00 759.25
4.50 682.06
5.00 755.22
5.50 744.87
6.00 681.55
6.50 754.17
7.00 721.93
7.50 782.32
8.00 691.87
8.50 719.93
9.00 747.64
9.50 755.16
10.00 757.04
10.50 732.10
11.00 766.17
11.50 743.92
12.00 683.71
12.50 709.21
13.00 744.73
13.50 742.61
14.00 778.16
14.50 734.79
15.00 782.90
15.50 726.31
16.00 770.79
16.50 767.74
17.00 783.07
17.50 739.90
18.00 650.07
18.50 756.42
19.00 708.59
19.50 708.64
20.00 681.96
20.50 702.99
21.00 726.43
21.50 722.10
22.00 740.48
22.50 739.98
23.00 759.67
23.50 686.21
24.00 726.87
24.50 678.93
25.00 754.49
25.50 725.60
26.00 724.99
26.50 696.42
27.00 742.19
27.50 714.60
28.00 752.46
28.50 717.59
29.00 708.45
29.50 727.14
30.00 719.94
30.50 721.99
31.00 666.37
31.50 375.34
32.00 585.11
32.50 650.84
33.00 681.89
33.50 859.08
34.00 811.37
34.50 704.59
35.00 674.37
35.50 697.51
36.00 712.67
36.50 711.16
37.00 735.85
37.50 818.74
38.00 713.76
38.50 568.80
39.00 679.97
39.50 538.84
40.00 833.56
40.50 771.20
41.00 854.43
41.50 791.32
42.00 759.12
42.50 849.16
43.00 735.15
43.50 759.60
44.00 711.51
44.50 758.25
45.00 697.94
45.50 711.59
46.00 798.61
46.50 5.24
47.00 259.66
47.50 3.35
48.00 414.96
48.50 700.87
49.00 681.24
49.50 770.97
50.00 813.95
50.50 764.80
51.00 849.74
51.50 710.09
52.00 860.80
52.50 708.63
53.00 735.72
53.50 706.35
54.00 827.69
54.50 900.00
55.00 696.95
55.50 829.59
56.00 777.64
56.50 677.27
57.00 745.58
57.50 834.17
58.00 708.18
58.50 701.16
59.00 669.15
59.50 698.24
60.00 754.77
60.50 777.82
61.00 768.40
61.50 672.38
62.00 745.40
62.50 742.42
63.00 713.06
63.50 751.38
64.00 727.35
64.50 703.24
65.00 755.86
65.50 743.86
66.00 729.81
66.50 708.98
67.00 725.37
67.50 747.80
68.00 754.52
68.50 691.83
69.00 733.92
69.50 751.67
70.00 771.19
70.50 765.40
71.00 733.24
71.50 727.40
72.00 732.13
72.50 714.50
73.00 740.59
73.50 761.13
74.00 715.98
74.50 778.52
75.00 737.90
75.50 741.15
76.00 711.81
76.50 730.67
77.00 648.96
77.50 8.48
78.00 19.48
78.50 0.00
79.00 4.20
79.50 0.00
80.00 251.48
80.50 693.45
81.00 800.44
81.50 677.33
82.00 851.43
82.50 762.51
83.00 759.74
83.50 746.07
84.00 725.79
84.50 747.03
85.00 733.74
85.50 735.99
86.00 801.55
86.50 681.58
87.00 543.29
87.50 900.00
88.00 712.72
88.50 712.85
89.00 868.54
89.50 704.94
90.00 713.81
90.50 433.99
91.00 592.86
91.50 466.28
92.00 693.98
92.50 720.72
93.00 721.66
93.50 690.96
94.00 707.52
94.50 865.27
95.00 822.31
95.50 803.53
96.00 732.87
96.50 723.20
97.00 767.77
97.50 778.50
98.00 706.68
98.50 775.50
99.00 695.07
99.50 384.49
100.00 23.31
100.50 745.21
101.00 738.42
101.50 690.07
102.00 742.49
102.50 136.38
103.00 311.92
103.50 216.64
104.00 764.53
104.50 814.30
105.00 852.55
105.50 753.15
106.00 736.16
106.50 721.21
107.00 692.07
107.50 735.07
108.00 797.60
108.50 819.34
109.00 841.60
109.50 859.06
110.00 866.40
110.50 834.88
111.00 348.65
111.50 0.00
112.00 679.25
112.50 686.95
113.00 689.56
113.50 749.49
114.00 734.16
114.50 720.05
115.00 715.15
115.50 695.39
116.00 718.08
116.50 724.11
117.00 695.75
117.50 760.93
118.00 704.50
118.50 297.24
119.00 661.68
119.50 692.96
120.00 783.29
120.50 833.01
121.00 725.45
121.50 690.27
122.00 685.69
122.50 826.35
123.00 683.83
123.50 814.12
124.00 739.22
124.50 696.03
125.00 709.34
125.50 677.87
126.00 697.60
126.50 728.45
127.00 686.72
127.50 745.23
128.00 703.49
128.50 815.35
129.00 711.05
129.50 740.46
130.00 716.51
130.50 674.16
131.00 839.53
131.50 797.31
132.00 841.05
132.50 827.69
133.00 831.42
133.50 748.49
134.00 699.67
134.50 699.31
135.00 750.58
135.50 774.96
136.00 680.19
136.50 723.66
137.00 710.70
137.50 688.15
138.00 296.61
138.50 0.00
139.00 8.15
139.50 10.93
140.00 350.55
140.50 711.47
141.00 165.86
141.50 221.94
142.00 761.13
142.50 843.05
143.00 875.00
143.50 860.06
144.00 707.15
144.50 696.78
145.00 848.67
145.50 851.48
146.00 853.47
146.50 810.96
147.00 718.19
147.50 774.57
148.00 829.84
148.50 856.36
149.00 848.63
149.50 809.22
150.00 860.31
150.50 852.20
151.00 853.79
151.50 865.83
152.00 852.48
152.50 847.73
153.00 834.58
153.50 821.69
154.00 723.49
154.50 741.09
155.00 801.78
155.50 786.52
156.00 728.73
156.50 763.40
157.00 760.25
157.50 743.70
158.00 729.23
158.50 752.21
159.00 677.03
159.50 762.19
160.00 701.14
160.50 723.70
161.00 729.54
161.50 762.87
162.00 786.76
162.50 701.04
163.00 726.20
163.50 692.73
164.00 736.28
164.50 741.19
165.00 795.12
165.50 713.78
166.00 667.83
166.50 773.98
167.00 743.04
167.50 547.59
168.00 663.93
168.50 725.75
169.00 715.27
169.50 699.12
170.00 725.69
170.50 765.14
171.00 730.55
171.50 815.38
172.00 723.00
172.50 703.12
173.00 538.11
173.50 715.42
174.00 875.20
174.50 733.73
175.00 777.12
175.50 728.83
176.00 699.69
176.50 561.88
177.00 687.20
177.50 768.63
178.00 722.13
178.50 711.61
179.00 750.13
179.50 463.76
180.00 705.62
180.50 846.56
181.00 676.40
181.50 682.44
182.00 771.29
182.50 724.30
183.00 736.34
183.50 863.54
184.00 810.72
184.50 735.72
185.00 747.87
185.50 712.67
186.00 731.89
186.50 694.28
187.00 737.59
187.50 729.06
188.00 769.43
188.50 784.40
189.00 331.79
189.50 131.65
190.00 572.16
190.50 374.53
191.00 17.91
191.50 717.99
192.00 731.80
192.50 834.53
193.00 854.42
193.50 870.67
194.00 834.33
194.50 868.61
195.00 756.92
195.50 679.86
196.00 668.88
196.50 793.14
197.00 855.68
197.50 847.06
198.00 848.68
198.50 824.43
199.00 721.94
199.50 729.06
200.00 754.56
200.50 693.09
201.00 716.98
201.50 742.04
202.00 725.03
202.50 736.56
203.00 706.27
203.50 744.15
204.00 710.35
204.50 716.78
205.00 753.85
205.50 748.95
206.00 761.69
206.50 738.08
207.00 764.12
207.50 812.05
208.00 450.62
208.50 626.99
209.00 179.53
209.50 28.04
210.00 9.34
210.50 3.10
211.00 12.34
211.50 0.00
212.00 714.04
212.50 711.50
213.00 703.97
213.50 703.26
214.00 779.54
214.50 743.86
215.00 797.55
215.50 672.44
216.00 674.40
216.50 723.00
217.00 722.98
217.50 712.03
218.00 793.23
218.50 672.43
219.00 679.56
219.50 815.49
220.00 698.68
220.50 708.75
221.00 794.18
221.50 749.15
222.00 735.54
222.50 700.17
223.00 733.93
223.50 777.56
224.00 870.14
224.50 576.99
225.00 897.19
225.50 670.28
226.00 685.69
226.50 676.25
227.00 700.67
227.50 714.75
228.00 827.44
228.50 778.32
229.00 715.80
229.50 899.55
230.00 735.90
230.50 813.88
231.00 767.08
231.50 700.40
232.00 715.08
232.50 674.23
233.00 718.77
233.50 786.61
234.00 734.35
234.50 736.69
235.00 724.65
235.50 693.75
236.00 686.16
236.50 790.10
237.00 383.11
237.50 0.03
238.00 476.80
238.50 634.94
239.00 730.72
239.50 730.93
240.00 734.97
240.50 772.98
241.00 756.67
241.50 765.54
242.00 776.10
242.50 743.98
243.00 799.55
243.50 756.03
244.00 739.81
244.50 728.02
245.00 771.82
245.50 701.39
246.00 765.20
246.50 723.11
247.00 701.52
247.50 764.35
248.00 736.39
248.50 728.12
249.00 709.00
249.50 761.83
250.00 737.17
250.50 755.27
251.00 677.91
251.50 742.97
252.00 775.83
252.50 820.87
253.00 754.82
253.50 740.53
254.00 736.28
254.50 799.59
255.00 743.61
255.50 739.55
256.00 728.33
256.50 799.81
257.00 733.63
257.50 685.18
258.00 729.42
258.50 705.16
259.00 729.88
259.50 698.02
260.00 748.84
260.50 699.98
261.00 738.43
261.50 776.52
262.00 774.53
262.50 785.55
263.00 673.21
263.50 709.57
264.00 727.48
264.50 729.28
265.00 748.31
265.50 791.41
266.00 765.25
266.50 738.75
267.00 759.16
267.50 728.72
268.00 777.58
268.50 718.42
269.00 722.19
269.50 707.54
270.00 705.59
270.50 663.30
271.00 801.42
271.50 697.44
272.00 694.82
272.50 694.85
273.00 700.56
273.50 853.70
274.00 846.94
274.50 703.31
275.00 692.79
275.50 767.39
276.00 687.83
276.50 703.30
277.00 714.50
277.50 774.99
278.00 549.75
278.50 817.55
279.00 731.37
279.50 760.69
280.00 708.10
280.50 718.47
281.00 689.57
281.50 701.90
282.00 677.45
282.50 696.92
283.00 693.76
283.50 722.71
284.00 877.78
284.50 809.21
285.00 836.07
285.50 856.66
286.00 807.00
286.50 826.82
287.00 820.12
287.50 855.18
288.00 824.43
288.50 829.41
289.00 848.72
289.50 750.82
290.00 560.51
290.50 748.53
291.00 751.20
291.50 854.92
292.00 842.73
292.50 843.02
293.00 810.69
293.50 683.20
294.00 740.17
294.50 757.58
295.00 722.95
295.50 826.88
296.00 852.32
296.50 826.90
297.00 675.38
297.50 788.66
298.00 768.88
298.50 769.09
299.00 720.81
299.50 684.00
