0.00 763.56
0.50 749.09
1.00 720.99
1.50 711.21
2.00 759.04
2.50 625.29
3.00 719.47
3.50 712.51
4.00 696.84
4.50 759.28
5.00 755.39
5.50 716.56
6.00 705.16
6.50 727.51
7.00 739.73
7.50 8.73
8.00 430.26
8.50 714.12
9.00 757.40
9.50 737.35
10.00 739.69
10.50 790.46
11.00 14.87
11.50 115.96
12.00 751.33
12.50 701.61
13.00 870.77
13.50 823.06
14.00 833.27
14.50 848.64
15.00 801.92
15.50 211.52
16.00 439.21
16.50 410.85
17.00 295.52
17.50 696.40
18.00 712.41
18.50 684.98
19.00 688.64
19.50 729.85
20.00 707.64
20.50 720.91
21.00 756.83
21.50 746.14
22.00 548.02
22.50 426.71
23.00 700.24
23.50 690.49
24.00 700.07
24.50 677.38
25.00 800.50
25.50 719.35
26.00 247.17
26.50 720.18
27.00 765.54
27.50 691.98
28.00 836.35
28.50 693.34
29.00 748.52
29.50 750.43
30.00 725.63
30.50 731.98
31.00 705.93
31.50 714.96
32.00 772.69
32.50 773.07
33.00 709.52
33.50 751.38
34.00 748.09
34.50 665.12
35.00 770.08
35.50 753.62
36.00 699.39
36.50 787.14
37.00 764.56
37.50 753.63
38.00 745.92
38.50 701.12
39.00 715.18
39.50 740.48
40.00 740.91
40.50 744.11
41.00 753.59
41.50 782.65
42.00 707.26
42.50 739.44
43.00 758.93
43.50 692.80
44.00 695.89
44.50 699.57
45.00 240.11
45.50 713.45
46.00 772.94
46.50 728.45
47.00 687.23
47.50 734.25
48.00 672.01
48.50 687.94
49.00 749.31
49.50 703.17
50.00 711.40
50.50 839.74
51.00 893.94
51.50 697.26
52.00 699.05
52.50 893.87
53.00 804.89
53.50 750.85
54.00 850.44
54.50 708.81
55.00 718.54
55.50 332.88
56.00 787.35
56.50 751.87
57.00 715.94
57.50 775.37
58.00 726.11
58.50 777.66
59.00 731.02
59.50 712.82
60.00 726.61
60.50 690.46
61.00 739.75
61.50 753.88
62.00 748.68
62.50 788.13
63.00 769.40
63.50 782.55
64.00 900.00
64.50 731.93
65.00 722.95
65.50 737.64
66.00 741.99
66.50 331.63
67.00 687.34
67.50 804.95
68.00 751.23
68.50 728.42
69.00 709.16
69.50 742.39
70.00 728.04
70.50 697.08
71.00 702.83
71.50 702.60
72.00 726.24
72.50 751.72
73.00 736.17
73.50 719.10
74.00 711.58
74.50 669.55
75.00 747.37
75.50 712.02
76.00 717.82
76.50 769.03
77.00 362.77
77.50 713.13
78.00 700.16
78.50 732.36
79.00 720.34
79.50 814.59
80.00 710.61
80.50 725.80
81.00 710.51
81.50 745.50
82.00 772.46
82.50 733.89
83.00 763.17
83.50 729.54
84.00 836.70
84.50 384.34
85.00 736.12
85.50 725.61
86.00 758.61
86.50 716.63
87.00 716.24
87.50 769.83
88.00 705.54
88.50 724.44
89.00 803.04
89.50 738.44
90.00 764.27
90.50 784.03
91.00 755.57
91.50 750.36
92.00 775.20
92.50 749.17
93.00 708.42
93.50 673.73
94.00 789.28
94.50 761.41
95.00 770.37
95.50 855.51
96.00 797.28
96.50 705.23
97.00 734.54
97.50 707.30
98.00 731.79
98.50 735.20
99.00 703.36
99.50 797.90
100.00 831.95
100.50 651.02
101.00 823.84
101.50 689.88
102.00 734.68
102.50 718.15
103.00 672.77
103.50 725.06
104.00 735.78
104.50 850.27
105.00 817.57
105.50 862.17
106.00 856.45
106.50 861.53
107.00 836.12
107.50 718.96
108.00 787.89
108.50 726.56
109.00 654.29
109.50 817.30
110.00 841.53
110.50 831.10
111.00 830.30
111.50 707.52
112.00 536.93
112.50 700.52
113.00 842.37
113.50 833.55
114.00 847.56
114.50 842.81
115.00 736.77
115.50 722.65
116.00 771.47
116.50 676.01
117.00 726.90
117.50 110.23
118.00 47.31
118.50 327.07
119.00 0.00
119.50 0.82
120.00 0.00
120.50 558.90
121.00 671.34
121.50 836.65
122.00 812.32
122.50 829.06
123.00 844.36
123.50 813.25
124.00 851.94
124.50 301.69
125.00 781.18
125.50 733.47
126.00 793.07
126.50 726.18
127.00 724.21
127.50 835.47
128.00 830.50
128.50 842.04
129.00 816.12
129.50 835.14
130.00 893.47
130.50 837.39
131.00 741.36
131.50 823.88
132.00 824.05
132.50 341.84
133.00 742.13
133.50 723.19
134.00 842.36
134.50 659.56
135.00 743.04
135.50 730.80
136.00 725.69
136.50 707.24
137.00 13.45
137.50 761.06
138.00 737.25
138.50 738.08
139.00 722.29
139.50 712.36
140.00 723.15
140.50 711.87
141.00 751.38
141.50 716.51
142.00 726.92
142.50 745.64
143.00 713.29
143.50 745.96
144.00 725.63
144.50 767.80
145.00 729.27
145.50 752.06
146.00 709.30
146.50 812.58
147.00 809.60
147.50 734.36
148.00 755.06
148.50 740.69
149.00 757.34
149.50 900.00
150.00 720.78
150.50 710.05
151.00 702.51
151.50 667.45
152.00 679.30
152.50 760.76
153.00 881.82
153.50 735.57
154.00 703.11
154.50 784.01
155.00 737.98
155.50 835.28
156.00 695.55
156.50 732.88
157.00 816.41
157.50 900.00
158.00 713.68
158.50 715.39
159.00 708.87
159.50 651.39
160.00 711.99
160.50 849.69
161.00 688.92
161.50 725.88
162.00 752.32
162.50 815.19
163.00 614.98
163.50 711.52
164.00 700.31
164.50 698.45
165.00 724.53
165.50 696.30
166.00 695.04
166.50 738.79
167.00 703.68
167.50 219.29
168.00 875.21
168.50 790.94
169.00 860.08
169.50 790.85
170.00 817.26
170.50 716.83
171.00 853.37
171.50 705.90
172.00 819.19
172.50 438.42
173.00 728.15
173.50 711.77
174.00 787.78
174.50 754.93
175.00 783.61
175.50 676.58
176.00 782.58
176.50 841.58
177.00 684.77
177.50 754.35
178.00 735.48
178.50 716.94
179.00 697.93
179.50 861.72
180.00 851.12
180.50 758.33
181.00 865.07
181.50 705.81
182.00 699.51
182.50 683.18
183.00 742.51
183.50 740.27
184.00 707.07
184.50 607.10
185.00 804.42
185.50 246.54
186.00 279.00
186.50 336.36
187.00 149.01
187.50 177.08
188.00 731.82
188.50 737.78
189.00 762.72
189.50 820.86
190.00 707.48
190.50 671.16
191.00 896.46
191.50 800.76
192.00 727.79
192.50 685.85
193.00 691.56
193.50 849.05
194.00 814.41
194.50 829.11
195.00 833.15
195.50 812.85
196.00 699.76
196.50 888.10
197.00 687.11
197.50 693.79
198.00 718.80
198.50 720.31
199.00 734.03
199.50 695.38
200.00 705.58
200.50 684.91
201.00 738.20
201.50 792.27
202.00 685.03
202.50 740.42
203.00 756.93
203.50 699.44
204.00 678.32
204.50 834.96
205.00 831.49
205.50 844.93
206.00 843.27
206.50 866.92
207.00 854.38
207.50 808.63
208.00 845.86
208.50 719.02
209.00 678.65
209.50 752.74
210.00 772.21
210.50 730.23
211.00 724.67
211.50 762.79
212.00 730.59
212.50 761.65
213.00 712.51
213.50 736.25
214.00 738.92
214.50 744.65
215.00 712.68
215.50 690.43
216.00 676.06
216.50 714.52
217.00 775.76
217.50 764.76
218.00 732.95
218.50 743.49
219.00 757.74
219.50 776.60
220.00 758.06
220.50 710.72
221.00 740.92
221.50 740.21
222.00 742.97
222.50 697.68
223.00 723.38
223.50 747.84
224.00 781.74
224.50 826.61
225.00 435.06
225.50 727.08
226.00 733.47
226.50 716.89
227.00 716.24
227.50 740.65
228.00 500.97
228.50 526.52
229.00 721.33
229.50 748.59
230.00 711.69
230.50 756.26
231.00 710.36
231.50 684.02
232.00 694.26
232.50 740.77
233.00 804.42
233.50 858.24
234.00 833.68
234.50 709.44
235.00 741.79
235.50 735.82
236.00 847.59
236.50 804.87
237.00 720.55
237.50 0.00
238.00 0.00
238.50 10.48
239.00 1.73
239.50 681.53
240.00 19.09
240.50 425.04
241.00 499.81
241.50 725.87
242.00 538.36
242.50 3.93
243.00 581.73
243.50 713.80
244.00 725.16
244.50 822.93
245.00 676.61
245.50 670.23
246.00 701.20
246.50 740.75
247.00 748.34
247.50 0.00
248.00 487.98
248.50 500.85
249.00 782.02
249.50 777.80
250.00 851.52
250.50 846.47
251.00 360.09
251.50 745.14
252.00 325.45
252.50 734.51
253.00 750.61
253.50 778.22
254.00 813.88
254.50 855.72
255.00 862.27
255.50 819.45
256.00 845.42
256.50 815.50
257.00 727.71
257.50 667.19
258.00 747.71
258.50 834.54
259.00 786.08
259.50 855.85
260.00 853.40
260.50 826.60
261.00 855.67
261.50 875.83
262.00 824.37
262.50 806.51
263.00 835.55
263.50 853.10
264.00 493.94
264.50 705.55
265.00 735.77
265.50 703.12
266.00 745.40
266.50 848.51
267.00 791.98
267.50 862.54
268.00 764.71
268.50 845.60
269.00 818.03
269.50 851.59
270.00 831.62
270.50 845.90
271.00 853.15
271.50 859.05
272.00 727.16
272.50 748.00
273.00 612.42
273.50 550.82
274.00 674.60
274.50 773.54
275.00 900.00
275.50 839.92
276.00 857.73
276.50 700.90
277.00 796.85
277.50 741.00
278.00 754.15
278.50 696.55
279.00 719.58
279.50 689.45
280.00 633.29
280.50 816.53
281.00 716.98
281.50 834.02
282.00 826.02
282.50 703.69
283.00 807.22
283.50 698.34
284.00 2.04
284.50 25.31
285.00 300.41
285.50 532.17
286.00 718.44
286.50 723.48
287.00 780.22
287.50 418.06
288.00 321.16
288.50 767.65
289.00 10.35
289.50 0.00
290.00 0.00
290.50 0.00
291.00 405.00
291.50 700.73
292.00 0.00
292.50 726.46
293.00 4.26
293.50 13.41
294.00 6.40
294.50 24.33
295.00 900.00
295.50 343.72
296.00 748.86
296.50 760.62
297.00 665.03
297.50 753.52
298.00 373.34
298.50 12.48
299.00 0.00
299.50 11.84
