0.00 706.57
0.50 698.41
1.00 701.69
1.50 720.64
2.00 745.09
2.50 674.42
3.00 719.68
3.50 880.62
4.00 719.73
4.50 711.07
5.00 850.78
5.50 768.25
6.00 766.06
6.50 703.98
7.00 708.33
7.50 708.84
8.00 722.11
8.50 702.92
9.00 718.51
9.50 829.33
10.00 697.25
10.50 695.37
11.00 706.30
11.50 715.43
12.00 792.40
12.50 632.57
13.00 767.41
13.50 774.42
14.00 703.77
14.50 719.68
15.00 683.83
15.50 698.17
16.00 721.77
16.50 869.78
17.00 760.23
17.50 722.13
18.00 712.29
18.50 766.94
19.00 757.69
19.50 737.66
20.00 736.27
20.50 704.40
21.00 759.64
21.50 713.66
22.00 709.89
22.50 706.68
23.00 725.15
23.50 776.14
24.00 724.79
24.50 740.43
25.00 698.50
25.50 746.66
26.00 797.72
26.50 720.58
27.00 717.89
27.50 717.38
28.00 738.91
28.50 709.65
29.00 714.70
29.50 784.81
30.00 690.49
30.50 732.30
31.00 742.52
31.50 736.31
32.00 860.80
32.50 827.96
33.00 713.21
33.50 354.44
34.00 834.68
34.50 820.64
35.00 697.60
35.50 705.23
36.00 547.96
36.50 716.43
37.00 393.71
37.50 723.87
38.00 706.70
38.50 886.02
39.00 701.69
39.50 720.08
40.00 722.07
40.50 727.39
41.00 710.08
41.50 682.31
42.00 689.27
42.50 836.93
43.00 837.85
43.50 836.65
44.00 837.12
44.50 840.56
45.00 702.83
45.50 521.43
46.00 750.35
46.50 691.58
47.00 697.32
47.50 673.29
48.00 758.57
48.50 850.56
49.00 688.97
49.50 696.70
50.00 724.97
50.50 814.59
51.00 723.75
51.50 845.41
52.00 721.43
52.50 706.79
53.00 785.10
53.50 813.66
54.00 794.76
54.50 775.27
55.00 690.92
55.50 666.61
56.00 789.64
56.50 667.50
57.00 705.64
57.50 226.65
58.00 696.83
58.50 762.18
59.00 876.25
59.50 858.87
60.00 344.27
60.50 704.01
61.00 831.66
61.50 779.28
62.00 716.86
62.50 693.89
63.00 685.78
63.50 710.72
64.00 726.69
64.50 885.82
65.00 680.96
65.50 756.86
66.00 898.09
66.50 787.92
67.00 711.27
67.50 693.25
68.00 718.49
68.50 705.48
69.00 701.05
69.50 405.59
70.00 739.46
70.50 699.92
71.00 728.28
71.50 724.18
72.00 600.33
72.50 710.98
73.00 826.83
73.50 844.50
74.00 804.80
74.50 705.97
75.00 900.00
75.50 684.96
76.00 719.80
76.50 781.26
77.00 876.24
77.50 738.18
78.00 730.07
78.50 710.00
79.00 699.59
79.50 678.55
80.00 722.58
80.50 724.14
81.00 700.64
81.50 760.88
82.00 685.90
82.50 567.26
83.00 733.35
83.50 704.25
84.00 733.14
84.50 723.04
85.00 231.30
85.50 703.46
86.00 706.02
86.50 718.03
87.00 773.36
87.50 726.39
88.00 744.83
88.50 706.70
89.00 764.40
89.50 699.23
90.00 706.64
90.50 773.04
91.00 750.42
91.50 728.05
92.00 762.77
92.50 739.26
93.00 720.66
93.50 781.90
94.00 707.79
94.50 731.76
95.00 730.24
95.50 690.08
96.00 748.73
96.50 734.57
97.00 741.41
97.50 710.83
98.00 720.34
98.50 703.45
99.00 733.13
99.50 700.06
100.00 741.13
100.50 740.75
101.00 777.79
101.50 729.75
102.00 713.91
102.50 732.71
103.00 696.43
103.50 758.36
104.00 730.45
104.50 731.83
105.00 763.29
105.50 719.63
106.00 700.95
106.50 709.44
107.00 745.02
107.50 761.75
108.00 788.68
108.50 740.27
109.00 706.64
109.50 694.01
110.00 705.02
110.50 692.92
111.00 727.70
111.50 669.61
112.00 721.94
112.50 665.59
113.00 847.67
113.50 704.02
114.00 719.21
114.50 744.94
115.00 702.40
115.50 743.56
116.00 691.32
116.50 727.24
117.00 753.51
117.50 836.45
118.00 819.47
118.50 827.61
119.00 820.53
119.50 716.41
120.00 697.48
120.50 680.14
121.00 729.74
121.50 700.70
122.00 718.51
122.50 750.66
123.00 724.36
123.50 855.13
124.00 865.77
124.50 843.42
125.00 806.77
125.50 731.42
126.00 797.30
126.50 749.35
127.00 724.29
127.50 775.65
128.00 337.12
128.50 18.33
129.00 110.21
129.50 665.69
130.00 405.41
130.50 877.86
131.00 677.43
131.50 714.77
132.00 684.43
132.50 715.94
133.00 756.17
133.50 761.89
134.00 720.31
134.50 731.13
135.00 744.47
135.50 716.55
136.00 776.08
136.50 714.38
137.00 687.84
137.50 765.16
138.00 730.06
138.50 766.63
139.00 811.11
139.50 696.99
140.00 685.95
140.50 841.02
141.00 256.10
141.50 703.38
142.00 777.15
142.50 695.23
143.00 787.05
143.50 855.52
144.00 179.39
144.50 315.08
145.00 0.00
145.50 0.00
146.00 8.05
146.50 15.54
147.00 217.91
147.50 0.00
148.00 764.52
148.50 755.61
149.00 746.50
149.50 757.71
150.00 749.28
150.50 734.96
151.00 780.11
151.50 783.52
152.00 750.95
152.50 740.53
153.00 368.49
153.50 345.16
154.00 685.72
154.50 699.29
155.00 709.25
155.50 779.24
156.00 689.85
156.50 807.65
157.00 769.04
157.50 701.49
158.00 703.13
158.50 756.45
159.00 660.36
159.50 674.75
160.00 749.58
160.50 764.22
161.00 708.08
161.50 754.14
162.00 698.61
162.50 208.45
163.00 748.52
163.50 456.92
164.00 766.63
164.50 676.74
165.00 799.71
165.50 701.80
166.00 699.30
166.50 726.43
167.00 714.07
167.50 800.20
168.00 701.07
168.50 686.09
169.00 730.05
169.50 796.46
170.00 743.19
170.50 859.84
171.00 837.18
171.50 727.50
172.00 727.36
172.50 708.61
173.00 710.03
173.50 714.43
174.00 731.60
174.50 758.15
175.00 735.95
175.50 768.34
176.00 751.00
176.50 740.87
177.00 739.21
177.50 714.37
178.00 407.24
178.50 700.32
179.00 719.27
179.50 677.65
180.00 717.34
180.50 702.36
181.00 793.90
181.50 704.54
182.00 758.74
182.50 756.81
183.00 535.42
183.50 586.29
184.00 644.54
184.50 0.00
185.00 421.52
185.50 70.24
186.00 115.58
186.50 700.13
187.00 705.92
187.50 835.34
188.00 415.57
188.50 702.49
189.00 740.12
189.50 752.36
190.00 834.13
190.50 598.95
191.00 753.40
191.50 654.84
192.00 200.30
192.50 825.39
193.00 830.68
193.50 855.88
194.00 855.39
194.50 842.60
195.00 704.46
195.50 791.92
196.00 721.08
196.50 712.69
197.00 699.33
197.50 752.21
198.00 739.77
198.50 703.92
199.00 769.20
199.50 138.73
200.00 693.10
200.50 774.57
201.00 724.22
201.50 787.06
202.00 756.33
202.50 731.20
203.00 782.03
203.50 756.61
204.00 775.75
204.50 681.19
205.00 794.11
205.50 686.80
206.00 740.43
206.50 845.19
207.00 686.58
207.50 732.98
208.00 809.21
208.50 812.63
209.00 731.71
209.50 739.44
210.00 699.22
210.50 736.85
211.00 725.66
211.50 767.68
212.00 681.65
212.50 684.72
213.00 740.66
213.50 738.23
214.00 717.89
214.50 745.41
215.00 748.36
215.50 676.11
216.00 702.53
216.50 703.51
217.00 671.58
217.50 855.61
218.00 801.38
218.50 809.99
219.00 773.46
219.50 358.44
220.00 691.84
220.50 762.53
221.00 822.88
221.50 838.83
222.00 861.47
222.50 3.32
223.00 333.86
223.50 243.14
224.00 787.95
224.50 0.00
225.00 655.32
225.50 866.81
226.00 843.61
226.50 802.87
227.00 847.56
227.50 304.30
228.00 732.74
228.50 694.22
229.00 731.20
229.50 771.01
230.00 803.89
230.50 738.61
231.00 758.34
231.50 751.20
232.00 766.17
232.50 716.50
233.00 749.78
233.50 694.91
234.00 726.17
234.50 731.79
235.00 779.85
235.50 731.36
236.00 711.49
236.50 767.06
237.00 746.65
237.50 714.20
238.00 703.97
238.50 678.96
239.00 720.49
239.50 732.26
240.00 766.47
240.50 729.94
241.00 750.45
241.50 867.19
242.00 877.19
242.50 523.97
243.00 123.73
243.50 691.75
244.00 743.77
244.50 761.44
245.00 741.95
245.50 699.80
246.00 725.30
246.50 777.68
247.00 761.25
247.50 694.81
248.00 724.94
248.50 669.49
249.00 703.19
249.50 751.48
250.00 719.89
250.50 746.26
251.00 716.17
251.50 679.86
252.00 718.42
252.50 745.95
253.00 773.27
253.50 713.78
254.00 731.48
254.50 685.40
255.00 831.32
255.50 722.79
256.00 763.65
256.50 723.53
257.00 699.90
257.50 765.58
258.00 755.99
258.50 761.06
259.00 694.85
259.50 706.31
260.00 0.00
260.50 0.00
261.00 387.83
261.50 218.41
262.00 15.44
262.50 0.00
263.00 124.87
263.50 97.24
264.00 783.47
264.50 794.67
265.00 781.48
265.50 751.09
266.00 734.76
266.50 796.13
267.00 735.15
267.50 753.63
268.00 749.41
268.50 721.26
269.00 718.52
269.50 762.62
270.00 730.17
270.50 744.90
271.00 724.86
271.50 722.37
272.00 699.48
272.50 783.67
273.00 735.21
273.50 746.53
274.00 688.22
274.50 767.85
275.00 676.95
275.50 710.06
276.00 765.60
276.50 725.55
277.00 704.63
277.50 734.88
278.00 780.77
278.50 425.84
279.00 752.14
279.50 505.06
280.00 846.63
280.50 792.70
281.00 706.66
281.50 699.20
282.00 703.57
282.50 728.46
283.00 723.38
283.50 759.45
284.00 744.66
284.50 707.87
285.00 709.11
285.50 724.09
286.00 750.40
286.50 705.25
287.00 754.77
287.50 769.53
288.00 726.95
288.50 750.05
289.00 856.68
289.50 873.15
290.00 853.83
290.50 836.49
291.00 824.86
291.50 848.33
292.00 842.27
292.50 846.58
293.00 123.53
293.50 509.32
294.00 672.18
294.50 780.53
295.00 741.04
295.50 707.84
296.00 819.21
296.50 844.20
297.00 857.04
297.50 831.37
298.00 834.76
298.50 837.28
299.00 821.35
299.50 873.86
