0.00 759.74
0.50 761.20
1.00 740.48
1.50 739.66
2.00 702.26
2.50 737.99
3.00 725.45
3.50 709.21
4.00 754.29
4.50 734.85
5.00 726.25
5.50 650.92
6.00 713.67
6.50 673.68
7.00 710.40
7.50 708.74
8.00 718.86
8.50 790.20
9.00 710.81
9.50 708.90
10.00 758.24
10.50 746.65
11.00 824.80
11.50 664.32
12.00 353.92
12.50 712.70
13.00 713.15
13.50 697.54
14.00 719.53
14.50 721.62
15.00 740.52
15.50 804.06
16.00 645.00
16.50 691.92
17.00 707.15
17.50 766.83
18.00 739.47
18.50 682.50
19.00 696.85
19.50 787.47
20.00 900.00
20.50 763.20
21.00 709.91
21.50 682.24
22.00 734.02
22.50 779.44
23.00 705.02
23.50 742.97
24.00 897.70
24.50 788.81
25.00 728.05
25.50 747.63
26.00 834.83
26.50 841.05
27.00 856.04
27.50 256.63
28.00 755.81
28.50 716.74
29.00 728.67
29.50 756.53
30.00 788.93
30.50 66.29
31.00 0.00
31.50 742.76
32.00 845.75
32.50 744.89
33.00 685.11
33.50 758.44
34.00 874.92
34.50 828.07
35.00 863.50
35.50 287.57
36.00 688.11
36.50 628.13
37.00 751.02
37.50 735.85
38.00 828.75
38.50 833.75
39.00 743.85
39.50 713.28
40.00 823.99
40.50 734.60
41.00 685.93
41.50 774.65
42.00 738.06
42.50 732.66
43.00 736.18
43.50 713.29
44.00 758.17
44.50 302.10
45.00 770.61
45.50 532.84
46.00 714.51
46.50 790.93
47.00 612.90
47.50 398.73
48.00 169.51
48.50 691.64
49.00 796.40
49.50 672.19
50.00 760.72
50.50 698.21
51.00 764.43
51.50 780.35
52.00 764.25
52.50 710.88
53.00 784.96
53.50 689.93
54.00 706.75
54.50 849.15
55.00 677.28
55.50 885.76
56.00 706.49
56.50 553.09
57.00 717.22
57.50 685.56
58.00 737.86
58.50 715.25
59.00 835.73
59.50 866.60
60.00 812.59
60.50 861.00
61.00 854.66
61.50 831.52
62.00 841.24
62.50 873.50
63.00 779.14
63.50 730.31
64.00 743.90
64.50 680.84
65.00 740.49
65.50 747.90
66.00 772.95
66.50 734.04
67.00 865.58
67.50 836.23
68.00 814.04
68.50 850.96
69.00 431.52
69.50 4.67
70.00 9.48
70.50 170.91
71.00 357.59
71.50 16.57
72.00 383.89
72.50 749.92
73.00 236.65
73.50 713.77
74.00 678.94
74.50 644.32
75.00 807.96
75.50 764.67
76.00 850.34
76.50 754.75
77.00 772.29
77.50 830.72
78.00 859.10
78.50 858.39
79.00 846.52
79.50 842.96
80.00 876.79
80.50 840.19
81.00 831.85
81.50 834.80
82.00 852.31
82.50 830.35
83.00 867.84
83.50 821.63
84.00 834.73
84.50 275.14
85.00 753.25
85.50 788.49
86.00 772.11
86.50 810.67
87.00 681.41
87.50 412.19
88.00 833.02
88.50 349.11
89.00 713.79
89.50 889.28
90.00 856.82
90.50 723.60
91.00 721.52
91.50 675.33
92.00 323.69
92.50 438.98
93.00 699.71
93.50 855.71
94.00 690.57
94.50 444.78
95.00 537.09
95.50 707.99
96.00 745.33
96.50 764.38
97.00 687.57
97.50 723.83
98.00 695.63
98.50 743.63
99.00 757.23
99.50 767.15
100.00 682.38
100.50 783.29
101.00 705.58
101.50 724.82
102.00 752.41
102.50 709.51
103.00 695.35
103.50 781.98
104.00 703.70
104.50 723.81
105.00 720.85
105.50 673.41
106.00 691.84
106.50 712.75
107.00 767.57
107.50 715.44
108.00 690.58
108.50 754.61
109.00 719.47
109.50 737.02
110.00 768.91
110.50 732.72
111.00 694.38
111.50 744.93
112.00 768.81
112.50 728.07
113.00 731.24
113.50 688.18
114.00 796.94
114.50 711.88
115.00 718.46
115.50 767.40
116.00 669.71
116.50 707.96
117.00 756.51
117.50 799.08
118.00 731.49
118.50 716.34
119.00 716.59
119.50 707.44
120.00 701.89
120.50 762.81
121.00 836.86
121.50 772.72
122.00 354.71
122.50 716.45
123.00 672.73
123.50 736.03
124.00 724.18
124.50 665.31
125.00 739.61
125.50 713.83
126.00 709.47
126.50 744.14
127.00 753.28
127.50 762.39
128.00 711.34
128.50 707.16
129.00 799.87
129.50 705.47
130.00 724.64
130.50 737.23
131.00 737.93
131.50 747.87
132.00 750.12
132.50 735.46
133.00 734.95
133.50 726.06
134.00 740.67
134.50 751.23
135.00 810.86
135.50 735.67
136.00 718.55
136.50 753.41
137.00 673.35
137.50 715.13
138.00 759.45
138.50 749.79
139.00 719.20
139.50 713.10
140.00 746.16
140.50 757.50
141.00 712.08
141.50 793.12
142.00 722.33
142.50 728.07
143.00 693.37
143.50 805.22
144.00 834.52
144.50 838.98
145.00 720.54
145.50 852.05
146.00 782.10
146.50 740.86
147.00 745.94
147.50 23.15
148.00 0.00
148.50 1.12
149.00 0.00
149.50 0.00
150.00 2.88
150.50 7.51
151.00 367.94
151.50 444.02
152.00 106.48
152.50 128.60
153.00 11.97
153.50 296.79
154.00 692.02
154.50 742.29
155.00 681.21
155.50 704.61
156.00 717.90
156.50 774.05
157.00 782.67
157.50 800.93
158.00 664.72
158.50 743.44
159.00 900.00
159.50 686.13
160.00 583.35
160.50 571.51
161.00 720.04
161.50 684.57
162.00 666.93
162.50 682.84
163.00 795.68
163.50 693.56
164.00 703.97
164.50 712.61
165.00 714.15
165.50 797.02
166.00 709.53
166.50 673.54
167.00 805.44
167.50 703.32
168.00 711.42
168.50 840.62
169.00 688.66
169.50 745.23
170.00 770.30
170.50 689.73
171.00 726.69
171.50 776.57
172.00 770.70
172.50 741.35
173.00 730.03
173.50 699.01
174.00 693.57
174.50 682.31
175.00 684.94
175.50 730.74
176.00 760.00
176.50 655.16
177.00 799.88
177.50 696.31
178.00 843.10
178.50 823.36
179.00 830.83
179.50 865.23
180.00 839.80
180.50 835.24
181.00 854.63
181.50 841.27
182.00 818.56
182.50 873.59
183.00 814.80
183.50 829.40
184.00 849.20
184.50 830.33
185.00 821.24
185.50 837.51
186.00 807.01
186.50 845.04
187.00 706.13
187.50 817.52
188.00 716.41
188.50 681.59
189.00 698.81
189.50 781.47
190.00 742.64
190.50 699.59
191.00 210.15
191.50 743.00
192.00 576.78
192.50 698.95
193.00 805.31
193.50 825.29
194.00 714.63
194.50 689.06
195.00 737.74
195.50 758.88
196.00 688.65
196.50 764.25
197.00 738.45
197.50 743.84
198.00 719.73
198.50 772.92
199.00 721.87
199.50 722.96
200.00 742.22
200.50 746.39
201.00 681.51
201.50 733.76
202.00 722.43
202.50 754.10
203.00 710.83
203.50 713.35
204.00 716.25
204.50 713.12
205.00 782.95
205.50 800.21
206.00 700.96
206.50 744.53
207.00 773.32
207.50 494.44
208.00 730.70
208.50 748.76
209.00 715.53
209.50 775.10
210.00 20.74
210.50 615.64
211.00 388.95
211.50 574.53
212.00 763.05
212.50 762.20
213.00 823.27
213.50 836.27
214.00 847.36
214.50 870.96
215.00 821.23
215.50 845.11
216.00 838.41
216.50 845.76
217.00 760.94
217.50 796.92
218.00 808.27
218.50 737.07
219.00 730.20
219.50 727.72
220.00 766.72
220.50 723.92
221.00 754.75
221.50 770.37
222.00 712.35
222.50 745.11
223.00 773.39
223.50 770.87
224.00 737.54
224.50 745.47
225.00 747.13
225.50 729.00
226.00 856.40
226.50 687.14
227.00 765.54
227.50 745.54
228.00 707.23
228.50 709.37
229.00 744.95
229.50 768.85
230.00 747.69
230.50 758.12
231.00 686.99
231.50 679.26
232.00 796.68
232.50 750.86
233.00 704.38
233.50 196.90
234.00 14.39
234.50 13.79
235.00 12.97
235.50 19.30
236.00 212.08
236.50 222.36
237.00 476.98
237.50 114.93
238.00 746.22
238.50 572.41
239.00 295.55
239.50 684.92
240.00 742.81
240.50 727.58
241.00 705.91
241.50 832.57
242.00 844.18
242.50 877.35
243.00 795.97
243.50 842.11
244.00 832.58
244.50 814.32
245.00 240.81
245.50 7.52
246.00 4.70
246.50 0.00
247.00 13.57
247.50 273.32
248.00 746.01
248.50 700.01
249.00 736.44
249.50 257.35
250.00 504.12
250.50 742.06
251.00 648.45
251.50 734.18
252.00 699.72
252.50 483.09
253.00 756.04
253.50 705.13
254.00 715.99
254.50 832.12
255.00 697.50
255.50 719.70
256.00 707.29
256.50 378.49
257.00 486.60
257.50 653.00
258.00 505.04
258.50 679.75
259.00 862.85
259.50 727.72
260.00 701.91
260.50 738.14
261.00 757.26
261.50 774.21
262.00 682.64
262.50 726.77
263.00 691.84
263.50 794.91
264.00 736.68
264.50 720.58
265.00 303.62
265.50 0.00
266.00 22.69
266.50 14.06
267.00 864.61
267.50 742.59
268.00 710.01
268.50 731.11
269.00 754.03
269.50 705.84
270.00 736.91
270.50 736.12
271.00 740.00
271.50 726.98
272.00 722.31
272.50 753.19
273.00 699.13
273.50 741.04
274.00 734.97
274.50 779.61
275.00 681.49
275.50 722.43
276.00 726.78
276.50 702.26
277.00 779.54
277.50 806.72
278.00 734.02
278.50 751.63
279.00 751.34
279.50 798.37
280.00 770.71
280.50 709.19
281.00 784.57
281.50 707.61
282.00 793.34
282.50 750.26
283.00 834.98
283.50 811.16
284.00 869.96
284.50 814.69
285.00 405.15
285.50 773.17
286.00 848.73
286.50 791.21
287.00 755.91
287.50 850.78
288.00 839.24
288.50 782.87
289.00 857.27
289.50 865.56
290.00 856.85
290.50 847.29
291.00 713.70
291.50 765.34
292.00 726.92
292.50 765.28
293.00 684.50
293.50 729.78
294.00 678.60
294.50 836.25
295.00 843.75
295.50 895.02
296.00 795.47
296.50 782.48
297.00 757.79
297.50 695.81
298.00 701.61
298.50 661.35
299.00 665.38
299.50 751.86
