0.00 748.41
0.50 773.80
1.00 768.76
1.50 771.18
2.00 718.82
2.50 781.20
3.00 676.46
3.50 727.90
4.00 733.01
4.50 739.36
5.00 761.97
5.50 775.14
6.00 695.52
6.50 765.56
7.00 771.79
7.50 729.33
8.00 714.35
8.50 699.61
9.00 764.78
9.50 705.93
10.00 762.89
10.50 788.57
11.00 736.54
11.50 711.06
12.00 743.07
12.50 692.75
13.00 734.53
13.50 726.33
14.00 777.75
14.50 762.39
15.00 735.51
15.50 722.25
16.00 719.09
16.50 777.56
17.00 739.96
17.50 702.52
18.00 736.98
18.50 792.77
19.00 732.28
19.50 787.81
20.00 715.83
20.50 750.42
21.00 741.50
21.50 719.11
22.00 756.88
22.50 791.48
23.00 244.52
23.50 699.93
24.00 783.97
24.50 820.44
25.00 783.51
25.50 752.95
26.00 727.12
26.50 694.91
27.00 723.05
27.50 769.21
28.00 702.41
28.50 679.90
29.00 676.43
29.50 742.29
30.00 751.77
30.50 705.37
31.00 708.20
31.50 825.54
32.00 717.89
32.50 848.91
33.00 483.44
33.50 851.65
34.00 831.03
34.50 848.00
35.00 851.71
35.50 825.48
36.00 871.98
36.50 715.20
37.00 717.26
37.50 714.44
38.00 748.60
38.50 680.86
39.00 747.89
39.50 818.65
40.00 814.63
40.50 690.88
41.00 705.55
41.50 722.96
42.00 795.81
42.50 700.21
43.00 869.00
43.50 720.16
44.00 765.90
44.50 690.17
45.00 766.61
45.50 746.76
46.00 857.18
46.50 712.49
47.00 733.20
47.50 733.61
48.00 735.74
48.50 753.74
49.00 738.63
49.50 762.70
50.00 744.44
50.50 739.76
51.00 716.23
51.50 685.99
52.00 719.89
52.50 756.39
53.00 733.55
53.50 695.76
54.00 713.50
54.50 684.14
55.00 702.53
55.50 719.84
56.00 710.22
56.50 734.87
57.00 766.09
57.50 105.67
58.00 476.25
58.50 736.24
59.00 646.56
59.50 669.61
60.00 825.65
60.50 720.78
61.00 764.70
61.50 481.66
62.00 496.24
62.50 461.38
63.00 750.32
63.50 759.78
64.00 757.90
64.50 706.07
65.00 729.27
65.50 709.62
66.00 694.15
66.50 843.72
67.00 757.93
67.50 715.68
68.00 667.06
68.50 243.65
69.00 250.10
69.50 395.72
70.00 0.00
70.50 5.68
71.00 40.28
71.50 8.17
72.00 0.00
72.50 181.86
73.00 262.41
73.50 749.78
74.00 705.37
74.50 775.66
75.00 738.17
75.50 761.77
76.00 782.63
76.50 766.57
77.00 423.84
77.50 139.72
78.00 472.97
78.50 406.11
79.00 405.74
79.50 0.00
80.00 0.97
80.50 0.00
81.00 4.96
81.50 11.70
82.00 0.00
82.50 1.66
83.00 20.66
83.50 93.36
84.00 727.59
84.50 735.52
85.00 612.94
85.50 785.63
86.00 791.06
86.50 773.87
87.00 746.05
87.50 767.50
88.00 700.77
88.50 888.35
89.00 766.11
89.50 719.60
90.00 711.18
90.50 696.57
91.00 717.25
91.50 707.04
92.00 727.74
92.50 540.22
93.00 730.78
93.50 710.46
94.00 688.09
94.50 748.80
95.00 696.75
95.50 835.60
96.00 867.99
96.50 860.40
97.00 849.60
97.50 854.80
98.00 819.35
98.50 832.48
99.00 855.13
99.50 815.25
100.00 833.23
100.50 744.61
101.00 727.10
101.50 724.62
102.00 683.63
102.50 729.22
103.00 731.29
103.50 714.80
104.00 757.24
104.50 704.24
105.00 784.02
105.50 711.97
106.00 717.97
106.50 729.95
107.00 694.02
107.50 754.03
108.00 746.23
108.50 735.55
109.00 698.77
109.50 708.69
110.00 695.80
110.50 737.98
111.00 700.62
111.50 695.68
112.00 748.53
112.50 751.40
113.00 740.57
113.50 733.69
114.00 728.24
114.50 754.76
115.00 3.90
115.50 742.85
116.00 771.54
116.50 724.92
117.00 830.30
117.50 821.56
118.00 776.58
118.50 701.92
119.00 694.65
119.50 767.13
120.00 730.50
120.50 684.04
121.00 828.16
121.50 853.47
122.00 706.17
122.50 685.48
123.00 900.00
123.50 880.89
124.00 661.92
124.50 730.96
125.00 729.74
125.50 690.65
126.00 900.00
126.50 787.61
127.00 736.62
127.50 753.28
128.00 711.97
128.50 688.24
129.00 700.83
129.50 729.04
130.00 689.45
130.50 844.41
131.00 805.20
131.50 651.22
132.00 791.76
132.50 688.82
133.00 826.19
133.50 560.19
134.00 720.20
134.50 543.82
135.00 513.82
135.50 719.92
136.00 684.01
136.50 732.70
137.00 809.13
137.50 656.50
138.00 742.61
138.50 697.00
139.00 724.32
139.50 739.65
140.00 717.14
140.50 752.14
141.00 783.39
141.50 775.97
142.00 733.55
142.50 703.21
143.00 760.56
143.50 730.09
144.00 707.88
144.50 712.95
145.00 816.83
145.50 732.29
146.00 720.05
146.50 703.06
147.00 728.56
147.50 689.94
148.00 711.71
148.50 714.94
149.00 754.56
149.50 230.01
150.00 721.39
150.50 709.18
151.00 742.47
151.50 219.82
152.00 4.58
152.50 0.00
153.00 8.97
153.50 525.03
154.00 646.35
154.50 732.92
155.00 727.70
155.50 698.18
156.00 715.56
156.50 716.31
157.00 751.82
157.50 849.39
158.00 685.68
158.50 752.72
159.00 765.44
159.50 743.20
160.00 760.97
160.50 768.04
161.00 756.17
161.50 770.86
162.00 791.45
162.50 730.61
163.00 701.68
163.50 713.57
164.00 737.02
164.50 731.85
165.00 793.88
165.50 713.76
166.00 727.21
166.50 692.31
167.00 757.37
167.50 708.79
168.00 742.14
168.50 748.14
169.00 684.73
169.50 718.33
170.00 700.75
170.50 737.01
171.00 900.00
171.50 730.04
172.00 712.24
172.50 699.48
173.00 707.46
173.50 741.22
174.00 742.07
174.50 778.24
175.00 447.45
175.50 657.20
176.00 760.06
176.50 688.36
177.00 690.59
177.50 728.46
178.00 731.77
178.50 378.11
179.00 761.68
179.50 833.23
180.00 623.34
180.50 697.44
181.00 690.30
181.50 771.11
182.00 714.35
182.50 728.48
183.00 838.85
183.50 850.37
184.00 857.80
184.50 757.96
185.00 766.02
185.50 685.31
186.00 76.27
186.50 10.89
187.00 370.29
187.50 226.61
188.00 326.31
188.50 20.29
189.00 481.69
189.50 781.69
190.00 730.52
190.50 676.03
191.00 690.93
191.50 713.14
192.00 777.75
192.50 737.01
193.00 730.44
193.50 750.33
194.00 691.25
194.50 719.27
195.00 743.63
195.50 704.77
196.00 688.88
196.50 723.59
197.00 719.16
197.50 756.53
198.00 688.18
198.50 740.41
199.00 696.80
199.50 706.05
200.00 726.31
200.50 742.72
201.00 822.62
201.50 712.47
202.00 5.52
202.50 1.56
203.00 0.00
203.50 701.37
204.00 690.77
204.50 751.33
205.00 721.63
205.50 724.15
206.00 754.58
206.50 688.13
207.00 719.34
207.50 779.28
208.00 687.94
208.50 861.15
209.00 799.72
209.50 729.60
210.00 813.28
210.50 707.54
211.00 702.01
211.50 757.36
212.00 789.38
212.50 748.03
213.00 719.72
213.50 726.52
214.00 723.75
214.50 760.48
215.00 762.23
215.50 758.22
216.00 829.29
216.50 776.53
217.00 0.00
217.50 799.13
218.00 716.10
218.50 739.88
219.00 744.28
219.50 706.67
220.00 709.31
220.50 767.63
221.00 691.89
221.50 709.37
222.00 797.04
222.50 710.93
223.00 766.81
223.50 775.89
224.00 752.36
224.50 671.23
225.00 707.50
225.50 742.13
226.00 771.46
226.50 729.96
227.00 753.80
227.50 737.48
228.00 751.77
228.50 700.27
229.00 744.07
229.50 737.15
230.00 751.17
230.50 741.33
231.00 753.14
231.50 779.48
232.00 839.90
232.50 715.40
233.00 0.00
233.50 650.01
234.00 13.95
234.50 3.16
235.00 8.90
235.50 0.00
236.00 7.04
236.50 14.17
237.00 1.32
237.50 0.30
238.00 716.83
238.50 706.26
239.00 711.60
239.50 758.46
240.00 704.47
240.50 731.66
241.00 667.40
241.50 811.90
242.00 705.73
242.50 493.95
243.00 776.73
243.50 701.81
244.00 0.00
244.50 0.00
245.00 0.00
245.50 752.85
246.00 720.66
246.50 750.68
247.00 735.30
247.50 724.14
248.00 693.48
248.50 680.79
249.00 496.14
249.50 507.12
250.00 309.24
250.50 144.42
251.00 51.86
251.50 0.00
252.00 595.53
252.50 476.00
253.00 0.12
253.50 13.07
254.00 4.76
254.50 17.36
255.00 504.01
255.50 591.59
256.00 52.72
256.50 783.73
257.00 720.67
257.50 736.97
258.00 745.93
258.50 682.76
259.00 742.75
259.50 543.08
260.00 187.84
260.50 678.60
261.00 739.16
261.50 679.24
262.00 701.87
262.50 828.50
263.00 874.90
263.50 669.54
264.00 751.20
264.50 90.16
265.00 267.80
265.50 717.50
266.00 770.70
266.50 646.86
267.00 779.86
267.50 787.28
268.00 730.95
268.50 373.56
269.00 334.00
269.50 415.31
270.00 745.81
270.50 158.92
271.00 0.00
271.50 256.11
272.00 18.79
272.50 3.93
273.00 108.52
273.50 326.69
274.00 296.16
274.50 758.60
275.00 834.42
275.50 854.97
276.00 817.03
276.50 859.55
277.00 849.02
277.50 674.29
278.00 13.93
278.50 1.44
279.00 0.00
279.50 715.39
280.00 690.34
280.50 761.70
281.00 719.80
281.50 760.83
282.00 757.01
282.50 1.26
283.00 17.36
283.50 269.72
284.00 307.90
284.50 771.14
285.00 640.42
285.50 427.37
286.00 329.53
286.50 470.00
287.00 311.99
287.50 0.00
288.00 560.54
288.50 1.83
289.00 566.42
289.50 566.68
290.00 451.75
290.50 755.92
291.00 762.85
291.50 772.35
292.00 711.10
292.50 725.07
293.00 736.64
293.50 734.18
294.00 737.39
294.50 762.72
295.00 751.39
295.50 698.95
296.00 715.92
296.50 758.29
297.00 742.81
297.50 699.74
298.00 778.42
298.50 828.00
299.00 810.05
299.50 813.17
