0.00 772.63
0.50 743.05
1.00 740.07
1.50 774.85
2.00 695.49
2.50 716.80
3.00 706.46
3.50 758.50
4.00 770.20
4.50 713.89
5.00 739.58
5.50 697.24
6.00 768.03
6.50 729.88
7.00 700.85
7.50 727.82
8.00 704.01
8.50 776.81
9.00 728.80
9.50 698.90
10.00 748.43
10.50 762.43
11.00 742.55
11.50 710.26
12.00 746.68
12.50 722.30
13.00 769.51
13.50 711.51
14.00 779.03
14.50 738.62
15.00 726.67
15.50 742.55
16.00 725.56
16.50 748.64
17.00 749.16
17.50 771.16
18.00 717.92
18.50 771.19
19.00 677.33
19.50 750.91
20.00 738.12
20.50 837.49
21.00 710.35
21.50 734.59
22.00 708.86
22.50 683.88
23.00 693.24
23.50 16.93
24.00 25.30
24.50 0.00
25.00 11.60
25.50 5.77
26.00 768.81
26.50 726.74
27.00 723.66
27.50 770.59
28.00 757.00
28.50 742.27
29.00 712.04
29.50 682.67
30.00 777.07
30.50 723.82
31.00 728.93
31.50 734.07
32.00 795.17
32.50 806.20
33.00 748.20
33.50 758.94
34.00 709.83
34.50 683.14
35.00 777.08
35.50 707.02
36.00 733.25
36.50 729.49
37.00 726.46
37.50 834.90
38.00 844.76
38.50 844.38
39.00 471.61
39.50 344.40
40.00 900.00
40.50 537.80
41.00 734.35
41.50 716.47
42.00 788.65
42.50 716.96
43.00 684.66
43.50 707.18
44.00 667.70
44.50 736.78
45.00 720.55
45.50 714.88
46.00 727.59
46.50 717.95
47.00 699.26
47.50 728.38
48.00 733.18
48.50 723.83
49.00 730.31
49.50 728.56
50.00 855.12
50.50 745.00
51.00 704.29
51.50 741.23
52.00 782.13
52.50 753.63
53.00 734.48
53.50 739.98
54.00 714.83
54.50 732.97
55.00 755.19
55.50 715.13
56.00 714.29
56.50 705.48
57.00 721.56
57.50 205.90
58.00 410.13
58.50 828.55
59.00 711.08
59.50 835.91
60.00 790.56
60.50 681.48
61.00 705.74
61.50 828.75
62.00 695.79
62.50 694.76
63.00 852.81
63.50 760.38
64.00 728.94
64.50 795.41
65.00 733.43
65.50 734.51
66.00 823.38
66.50 679.32
67.00 738.91
67.50 720.95
68.00 708.65
68.50 682.36
69.00 724.82
69.50 689.48
70.00 715.35
70.50 688.25
71.00 700.50
71.50 716.80
72.00 841.44
72.50 872.00
73.00 841.49
73.50 826.52
74.00 735.97
74.50 657.76
75.00 789.75
75.50 441.85
76.00 591.44
76.50 656.29
77.00 217.80
77.50 707.74
78.00 770.72
78.50 733.26
79.00 717.82
79.50 719.01
80.00 729.32
80.50 757.57
81.00 707.33
81.50 744.32
82.00 687.35
82.50 666.39
83.00 711.76
83.50 739.32
84.00 679.99
84.50 758.33
85.00 668.28
85.50 758.57
86.00 741.58
86.50 712.49
87.00 733.74
87.50 748.85
88.00 741.81
88.50 722.41
89.00 744.56
89.50 756.16
90.00 736.55
90.50 710.55
91.00 732.74
91.50 787.08
92.00 720.97
92.50 694.28
93.00 741.67
93.50 774.17
94.00 818.02
94.50 803.67
95.00 723.41
95.50 664.19
96.00 769.60
96.50 8.77
97.00 10.28
97.50 493.82
98.00 803.91
98.50 841.43
99.00 731.42
99.50 769.55
100.00 750.45
100.50 701.32
101.00 741.01
101.50 731.41
102.00 727.96
102.50 736.22
103.00 794.03
103.50 718.05
104.00 778.36
104.50 734.92
105.00 723.08
105.50 711.34
106.00 664.88
106.50 742.76
107.00 754.82
107.50 719.40
108.00 704.20
108.50 717.58
109.00 727.76
109.50 785.62
110.00 721.75
110.50 687.38
111.00 754.71
111.50 723.64
112.00 515.52
112.50 724.30
113.00 764.61
113.50 692.10
114.00 714.13
114.50 705.49
115.00 717.41
115.50 717.31
116.00 705.11
116.50 724.33
117.00 818.48
117.50 804.23
118.00 692.71
118.50 676.14
119.00 669.97
119.50 742.08
120.00 827.03
120.50 743.28
121.00 731.44
121.50 741.21
122.00 702.84
122.50 752.77
123.00 736.38
123.50 768.00
124.00 731.13
124.50 734.71
125.00 758.66
125.50 736.25
126.00 708.66
126.50 692.03
127.00 730.66
127.50 815.25
128.00 806.61
128.50 715.73
129.00 738.00
129.50 691.61
130.00 740.57
130.50 807.12
131.00 675.36
131.50 720.55
132.00 694.30
132.50 884.44
133.00 775.50
133.50 715.04
134.00 715.51
134.50 796.68
135.00 777.33
135.50 748.35
136.00 731.35
136.50 744.22
137.00 798.43
137.50 900.00
138.00 699.12
138.50 654.84
139.00 656.80
139.50 840.68
140.00 836.71
140.50 831.89
141.00 715.59
141.50 761.74
142.00 828.73
142.50 774.33
143.00 821.35
143.50 858.26
144.00 845.68
144.50 712.68
145.00 719.83
145.50 726.15
146.00 158.17
146.50 202.99
147.00 19.75
147.50 7.14
148.00 17.89
148.50 774.46
149.00 667.31
149.50 699.34
150.00 786.95
150.50 799.85
151.00 900.00
151.50 709.29
152.00 809.40
152.50 715.87
153.00 685.71
153.50 731.26
154.00 701.43
154.50 712.36
155.00 739.41
155.50 782.44
156.00 736.35
156.50 792.09
157.00 730.63
157.50 791.24
158.00 719.77
158.50 900.00
159.00 703.67
159.50 709.14
160.00 734.35
160.50 672.70
161.00 693.28
161.50 703.03
162.00 733.88
162.50 808.22
163.00 837.17
163.50 736.24
164.00 810.04
164.50 789.27
165.00 725.24
165.50 727.43
166.00 703.57
166.50 684.39
167.00 730.93
167.50 696.36
168.00 564.05
168.50 4.30
169.00 678.77
169.50 709.96
170.00 710.32
170.50 721.51
171.00 760.41
171.50 689.33
172.00 693.07
172.50 703.42
173.00 702.16
173.50 704.76
174.00 752.85
174.50 715.44
175.00 755.87
175.50 805.86
176.00 836.45
176.50 800.78
177.00 830.35
177.50 807.71
178.00 846.93
178.50 678.20
179.00 701.19
179.50 691.81
180.00 694.26
180.50 694.79
181.00 476.52
181.50 755.96
182.00 745.95
182.50 732.80
183.00 779.66
183.50 739.45
184.00 721.74
184.50 725.23
185.00 766.33
185.50 774.20
186.00 798.36
186.50 699.61
187.00 742.22
187.50 719.67
188.00 703.55
188.50 786.40
189.00 745.18
189.50 654.86
190.00 730.68
190.50 732.55
191.00 736.74
191.50 709.63
192.00 693.13
192.50 732.06
193.00 691.75
193.50 764.84
194.00 800.47
194.50 568.81
195.00 547.62
195.50 0.00
196.00 504.89
196.50 839.01
197.00 742.13
197.50 133.69
198.00 495.32
198.50 279.07
199.00 709.49
199.50 720.53
200.00 730.88
200.50 736.36
201.00 771.14
201.50 677.26
202.00 788.85
202.50 759.15
203.00 782.64
203.50 747.67
204.00 736.28
204.50 681.08
205.00 682.54
205.50 742.05
206.00 386.52
206.50 14.67
207.00 0.00
207.50 725.07
208.00 722.79
208.50 724.35
209.00 745.20
209.50 293.09
210.00 689.47
210.50 279.58
211.00 16.54
211.50 3.27
212.00 9.63
212.50 290.19
213.00 449.69
213.50 378.51
214.00 587.71
214.50 353.39
215.00 59.04
215.50 573.76
216.00 5.68
216.50 3.19
217.00 212.55
217.50 770.02
218.00 761.02
218.50 755.78
219.00 698.89
219.50 753.90
220.00 707.11
220.50 741.77
221.00 732.85
221.50 721.70
222.00 652.78
222.50 705.30
223.00 762.56
223.50 735.54
224.00 715.56
224.50 723.73
225.00 704.66
225.50 889.94
226.00 696.47
226.50 742.72
227.00 725.12
227.50 685.22
228.00 792.55
228.50 713.25
229.00 686.19
229.50 535.11
230.00 707.74
230.50 797.76
231.00 724.27
231.50 701.77
232.00 695.88
232.50 709.56
233.00 725.29
233.50 419.90
234.00 629.47
234.50 761.83
235.00 745.95
235.50 715.75
236.00 718.60
236.50 705.23
237.00 733.27
237.50 711.21
238.00 714.17
238.50 712.99
239.00 739.12
239.50 732.00
240.00 743.52
240.50 708.21
241.00 713.67
241.50 736.68
242.00 694.37
242.50 737.62
243.00 733.89
243.50 678.91
244.00 710.57
244.50 759.34
245.00 703.43
245.50 750.36
246.00 758.48
246.50 738.36
247.00 717.75
247.50 699.82
248.00 742.48
248.50 768.03
249.00 707.77
249.50 825.58
250.00 669.02
250.50 491.18
251.00 476.81
251.50 806.34
252.00 496.86
252.50 787.29
253.00 861.50
253.50 708.33
254.00 693.34
254.50 673.25
255.00 688.46
255.50 656.51
256.00 365.03
256.50 358.79
257.00 705.63
257.50 698.71
258.00 825.86
258.50 722.20
259.00 798.19
259.50 795.46
260.00 778.32
260.50 844.38
261.00 719.03
261.50 734.23
262.00 842.67
262.50 744.38
263.00 819.67
263.50 753.30
264.00 700.39
264.50 689.95
265.00 737.73
265.50 687.97
266.00 728.16
266.50 641.62
267.00 756.34
267.50 724.80
268.00 821.84
268.50 659.34
269.00 329.46
269.50 696.56
270.00 716.83
270.50 735.64
271.00 735.51
271.50 734.67
272.00 766.61
272.50 786.55
273.00 676.71
273.50 831.06
274.00 712.84
274.50 688.56
275.00 737.71
275.50 673.57
276.00 725.56
276.50 774.11
277.00 716.12
277.50 788.21
278.00 374.68
278.50 524.25
279.00 691.72
279.50 45.58
280.00 340.89
280.50 306.58
281.00 668.88
281.50 735.37
282.00 768.14
282.50 744.98
283.00 716.96
283.50 734.08
284.00 730.30
284.50 748.57
285.00 434.45
285.50 401.71
286.00 8.96
286.50 22.81
287.00 0.00
287.50 264.85
288.00 15.23
288.50 5.70
289.00 17.78
289.50 900.00
290.00 828.53
290.50 849.74
291.00 849.76
291.50 843.38
292.00 845.16
292.50 833.39
293.00 821.32
293.50 836.90
294.00 808.46
294.50 798.13
295.00 843.03
295.50 750.95
296.00 744.47
296.50 739.54
297.00 737.04
297.50 676.04
298.00 785.37
298.50 741.09
299.00 727.89
299.50 703.71
