0.00 801.82
0.50 764.35
1.00 729.84
1.50 744.57
2.00 754.78
2.50 750.93
3.00 733.93
3.50 712.23
4.00 706.74
4.50 711.91
5.00 736.78
5.50 771.49
6.00 700.99
6.50 807.47
7.00 743.73
7.50 728.96
8.00 709.89
8.50 748.06
9.00 754.63
9.50 751.68
10.00 719.97
10.50 551.47
11.00 176.46
11.50 224.02
12.00 689.75
12.50 710.40
13.00 754.81
13.50 532.83
14.00 23.31
14.50 575.51
15.00 461.58
15.50 14.89
16.00 701.35
16.50 0.00
17.00 756.94
17.50 785.10
18.00 747.88
18.50 519.31
19.00 571.99
19.50 475.86
20.00 751.10
20.50 816.62
21.00 741.13
21.50 651.95
22.00 689.01
22.50 897.51
23.00 823.53
23.50 777.88
24.00 685.94
24.50 757.98
25.00 704.14
25.50 719.89
26.00 706.19
26.50 716.18
27.00 762.96
27.50 678.76
28.00 809.98
28.50 713.51
29.00 730.10
29.50 746.96
30.00 762.95
30.50 728.66
31.00 674.61
31.50 441.33
32.00 237.43
32.50 486.66
33.00 718.96
33.50 666.16
34.00 147.04
34.50 678.93
35.00 750.88
35.50 670.93
36.00 743.21
36.50 643.42
37.00 837.91
37.50 747.35
38.00 692.74
38.50 708.53
39.00 721.65
39.50 754.80
40.00 702.97
40.50 727.58
41.00 758.63
41.50 548.82
42.00 368.64
42.50 28.42
43.00 723.62
43.50 756.08
44.00 758.86
44.50 616.12
45.00 596.77
45.50 804.12
46.00 15.56
46.50 293.75
47.00 767.64
47.50 719.51
48.00 726.76
48.50 727.72
49.00 751.67
49.50 696.02
50.00 717.42
50.50 745.67
51.00 788.61
51.50 726.81
52.00 747.11
52.50 760.17
53.00 748.56
53.50 729.71
54.00 729.65
54.50 682.39
55.00 733.16
55.50 726.66
56.00 767.64
56.50 780.20
57.00 756.59
57.50 749.19
58.00 788.82
58.50 758.08
59.00 697.13
59.50 739.39
60.00 725.19
60.50 687.84
61.00 717.70
61.50 741.78
62.00 767.74
62.50 798.38
63.00 671.38
63.50 683.23
64.00 803.25
64.50 689.23
65.00 707.80
65.50 769.97
66.00 748.39
66.50 739.98
67.00 735.83
67.50 730.62
68.00 757.25
68.50 767.61
69.00 788.68
69.50 731.90
70.00 757.69
70.50 712.72
71.00 788.07
71.50 646.16
72.00 715.30
72.50 747.45
73.00 744.44
73.50 724.32
74.00 765.05
74.50 782.70
75.00 810.92
75.50 777.57
76.00 699.44
76.50 755.57
77.00 714.14
77.50 716.32
78.00 708.99
78.50 785.68
79.00 728.32
79.50 698.73
80.00 712.51
80.50 744.71
81.00 714.92
81.50 683.10
82.00 781.08
82.50 698.58
83.00 735.36
83.50 723.11
84.00 792.72
84.50 671.59
85.00 721.80
85.50 728.13
86.00 728.97
86.50 740.86
87.00 707.43
87.50 698.20
88.00 773.52
88.50 724.21
89.00 739.96
89.50 741.58
90.00 695.11
90.50 762.66
91.00 764.20
91.50 738.07
92.00 725.60
92.50 774.23
93.00 786.17
93.50 716.20
94.00 698.34
94.50 696.84
95.00 753.89
95.50 840.07
96.00 686.81
96.50 802.68
97.00 741.05
97.50 754.20
98.00 743.99
98.50 700.79
99.00 732.02
99.50 732.79
100.00 762.37
100.50 758.46
101.00 732.60
101.50 763.90
102.00 709.98
102.50 717.02
103.00 720.37
103.50 717.68
104.00 684.64
104.50 700.94
105.00 706.17
105.50 707.91
106.00 660.77
106.50 714.53
107.00 371.16
107.50 351.45
108.00 703.11
108.50 855.86
109.00 722.61
109.50 803.48
110.00 819.03
110.50 741.24
111.00 767.43
111.50 705.48
112.00 780.37
112.50 756.40
113.00 729.74
113.50 772.80
114.00 716.70
114.50 741.97
115.00 719.04
115.50 667.34
116.00 724.52
116.50 727.43
117.00 717.45
117.50 726.19
118.00 735.94
118.50 737.17
119.00 684.42
119.50 723.28
120.00 672.93
120.50 189.16
121.00 705.17
121.50 0.00
122.00 615.62
122.50 854.70
123.00 761.44
123.50 734.11
124.00 702.02
124.50 748.04
125.00 755.36
125.50 701.02
126.00 748.16
126.50 776.50
127.00 783.81
127.50 789.77
128.00 845.55
128.50 831.86
129.00 835.70
129.50 743.20
130.00 714.19
130.50 736.10
131.00 753.64
131.50 715.01
132.00 718.61
132.50 740.13
133.00 774.56
133.50 694.50
134.00 760.27
134.50 722.17
135.00 725.81
135.50 824.93
136.00 863.84
136.50 758.25
137.00 713.96
137.50 682.98
138.00 709.70
138.50 811.12
139.00 729.90
139.50 808.77
140.00 672.69
140.50 392.12
141.00 431.74
141.50 693.37
142.00 705.28
142.50 646.14
143.00 713.86
143.50 733.16
144.00 869.90
144.50 732.79
145.00 843.05
145.50 744.92
146.00 702.51
146.50 697.87
147.00 730.39
147.50 854.72
148.00 735.00
148.50 664.90
149.00 738.55
149.50 574.23
150.00 207.29
150.50 848.86
151.00 665.31
151.50 710.22
152.00 765.03
152.50 716.63
153.00 713.30
153.50 715.32
154.00 711.67
154.50 715.28
155.00 784.86
155.50 721.28
156.00 858.66
156.50 823.07
157.00 847.97
157.50 454.55
158.00 520.77
158.50 523.23
159.00 0.00
159.50 15.30
160.00 35.01
160.50 20.25
161.00 0.00
161.50 22.86
162.00 0.00
162.50 0.00
163.00 10.92
163.50 522.43
164.00 486.49
164.50 369.47
165.00 530.49
165.50 716.67
166.00 768.08
166.50 751.35
167.00 827.00
167.50 730.77
168.00 706.89
168.50 685.51
169.00 692.24
169.50 678.70
170.00 692.33
170.50 701.79
171.00 453.01
171.50 693.84
172.00 707.00
172.50 801.05
173.00 833.80
173.50 814.39
174.00 781.12
174.50 722.36
175.00 761.80
175.50 900.00
176.00 804.78
176.50 771.08
177.00 858.01
177.50 841.14
178.00 668.76
178.50 722.03
179.00 740.34
179.50 718.06
180.00 718.38
180.50 722.28
181.00 792.97
181.50 757.80
182.00 843.78
182.50 686.47
183.00 347.53
183.50 647.25
184.00 710.98
184.50 770.25
185.00 709.70
185.50 818.93
186.00 727.68
186.50 818.23
187.00 750.89
187.50 886.72
188.00 733.89
188.50 566.01
189.00 704.07
189.50 703.75
190.00 696.19
190.50 675.38
191.00 731.71
191.50 665.92
192.00 844.62
192.50 724.83
193.00 829.65
193.50 800.29
194.00 780.30
194.50 691.10
195.00 710.91
195.50 713.67
196.00 731.86
196.50 714.45
197.00 729.70
197.50 900.00
198.00 701.56
198.50 664.69
199.00 680.10
199.50 687.36
200.00 811.38
200.50 849.90
201.00 783.58
201.50 734.95
202.00 700.80
202.50 687.58
203.00 464.96
203.50 693.03
204.00 714.06
204.50 706.06
205.00 807.98
205.50 708.83
206.00 713.26
206.50 732.60
207.00 696.30
207.50 703.91
208.00 567.27
208.50 605.26
209.00 878.52
209.50 333.54
210.00 691.83
210.50 709.73
211.00 597.52
211.50 734.95
212.00 725.02
212.50 811.97
213.00 778.45
213.50 837.43
214.00 847.99
214.50 174.86
215.00 312.91
215.50 147.22
216.00 10.63
216.50 8.70
217.00 837.93
217.50 0.00
218.00 0.00
218.50 11.70
219.00 0.00
219.50 831.51
220.00 846.09
220.50 831.87
221.00 830.01
221.50 844.35
222.00 744.60
222.50 738.54
223.00 735.62
223.50 714.72
224.00 774.99
224.50 771.64
225.00 549.03
225.50 3.35
226.00 0.00
226.50 1.99
227.00 121.03
227.50 13.97
228.00 799.01
228.50 707.27
229.00 720.14
229.50 694.52
230.00 676.57
230.50 688.45
231.00 707.41
231.50 695.15
232.00 762.66
232.50 683.35
233.00 700.18
233.50 740.41
234.00 863.19
234.50 726.32
235.00 711.48
235.50 882.42
236.00 707.59
236.50 702.53
237.00 688.56
237.50 708.17
238.00 826.06
238.50 790.15
239.00 788.95
239.50 777.56
240.00 833.24
240.50 736.78
241.00 518.40
241.50 709.94
242.00 689.08
242.50 673.11
243.00 736.77
243.50 208.55
244.00 717.58
244.50 848.74
245.00 720.65
245.50 678.74
246.00 468.47
246.50 732.36
247.00 735.82
247.50 785.46
248.00 351.85
248.50 0.00
249.00 26.70
249.50 577.34
250.00 697.03
250.50 194.73
251.00 461.44
251.50 3.38
252.00 24.83
252.50 262.61
253.00 15.15
253.50 497.72
254.00 750.14
254.50 780.54
255.00 693.93
255.50 705.34
256.00 758.98
256.50 760.03
257.00 713.01
257.50 713.24
258.00 740.08
258.50 770.74
259.00 747.19
259.50 770.62
260.00 766.23
260.50 734.04
261.00 712.81
261.50 837.28
262.00 695.43
262.50 732.79
263.00 721.80
263.50 727.32
264.00 764.29
264.50 727.67
265.00 680.41
265.50 718.76
266.00 727.90
266.50 710.87
267.00 810.16
267.50 719.29
268.00 681.19
268.50 777.17
269.00 810.07
269.50 731.12
270.00 688.48
270.50 730.91
271.00 677.07
271.50 721.31
272.00 856.92
272.50 592.67
273.00 739.18
273.50 719.18
274.00 805.73
274.50 339.67
275.00 752.82
275.50 661.97
276.00 516.89
276.50 701.76
277.00 711.57
277.50 711.26
278.00 567.83
278.50 629.35
279.00 720.71
279.50 716.68
280.00 777.99
280.50 795.79
281.00 783.03
281.50 759.56
282.00 26.92
282.50 201.54
283.00 731.31
283.50 0.00
284.00 0.00
284.50 640.40
285.00 256.56
285.50 308.94
286.00 715.94
286.50 711.27
287.00 841.38
287.50 703.01
288.00 795.35
288.50 680.19
289.00 900.00
289.50 706.80
290.00 692.05
290.50 706.84
291.00 738.21
291.50 755.75
292.00 711.85
292.50 675.98
293.00 713.66
293.50 785.68
294.00 714.89
294.50 731.44
295.00 808.20
295.50 748.36
296.00 734.57
296.50 762.21
297.00 725.90
297.50 731.03
298.00 796.56
298.50 690.70
299.00 761.21
299.50 806.39
