0.00 746.00
0.50 756.25
1.00 753.90
1.50 654.04
2.00 763.39
2.50 737.28
3.00 711.44
3.50 708.46
4.00 862.34
4.50 835.95
5.00 857.95
5.50 848.00
6.00 853.99
6.50 767.39
7.00 755.05
7.50 729.63
8.00 742.76
8.50 368.59
9.00 781.71
9.50 775.79
10.00 785.71
10.50 724.95
11.00 694.51
11.50 726.55
12.00 684.75
12.50 748.58
13.00 720.27
13.50 711.60
14.00 771.10
14.50 29.05
15.00 9.24
15.50 445.28
16.00 347.05
16.50 512.94
17.00 511.77
17.50 732.58
18.00 757.33
18.50 867.44
19.00 846.02
19.50 835.89
20.00 836.17
20.50 764.32
21.00 497.64
21.50 198.74
22.00 736.59
22.50 601.31
23.00 123.13
23.50 720.57
24.00 768.86
24.50 619.30
25.00 204.51
25.50 652.72
26.00 728.98
26.50 795.01
27.00 816.85
27.50 845.63
28.00 797.89
28.50 853.05
29.00 769.89
29.50 713.28
30.00 840.57
30.50 702.25
31.00 719.33
31.50 679.16
32.00 768.21
32.50 729.66
33.00 788.61
33.50 753.40
34.00 681.22
34.50 762.04
35.00 720.08
35.50 716.52
36.00 711.39
36.50 689.22
37.00 780.24
37.50 731.99
38.00 764.82
38.50 696.32
39.00 737.11
39.50 683.62
40.00 683.67
40.50 715.61
41.00 719.72
41.50 841.84
42.00 706.14
42.50 795.63
43.00 825.95
43.50 719.26
44.00 340.22
44.50 762.53
45.00 734.80
45.50 696.06
46.00 689.01
46.50 678.92
47.00 710.17
47.50 717.49
48.00 703.37
48.50 745.26
49.00 702.02
49.50 769.93
50.00 446.15
50.50 690.09
51.00 803.01
51.50 820.49
52.00 714.43
52.50 720.02
53.00 731.21
53.50 734.15
54.00 685.92
54.50 731.27
55.00 677.05
55.50 757.07
56.00 697.88
56.50 706.70
57.00 873.49
57.50 707.00
58.00 690.42
58.50 705.35
59.00 710.50
59.50 730.62
60.00 701.50
60.50 779.01
61.00 710.46
61.50 545.54
62.00 862.96
62.50 804.63
63.00 829.41
63.50 735.29
64.00 690.77
64.50 687.90
65.00 478.74
65.50 741.75
66.00 814.59
66.50 777.02
67.00 759.89
67.50 871.81
68.00 836.24
68.50 858.26
69.00 840.56
69.50 0.00
70.00 313.93
70.50 16.91
71.00 192.34
71.50 4.79
72.00 727.02
72.50 849.21
73.00 846.84
73.50 861.47
74.00 822.96
74.50 876.11
75.00 710.04
75.50 756.39
76.00 733.05
76.50 723.89
77.00 700.80
77.50 703.40
78.00 774.25
78.50 750.58
79.00 702.41
79.50 722.17
80.00 767.36
80.50 799.26
81.00 710.94
81.50 753.76
82.00 729.62
82.50 0.00
83.00 322.34
83.50 182.33
84.00 389.06
84.50 625.32
85.00 446.49
85.50 18.30
86.00 319.55
86.50 0.00
87.00 465.12
87.50 761.47
88.00 722.00
88.50 735.26
89.00 682.85
89.50 746.44
90.00 711.66
90.50 706.82
91.00 871.13
91.50 752.39
92.00 768.17
92.50 742.66
93.00 743.66
93.50 697.20
94.00 718.48
94.50 732.00
95.00 803.86
95.50 118.71
96.00 742.48
96.50 850.72
97.00 856.86
97.50 827.48
98.00 699.13
98.50 895.83
99.00 748.46
99.50 225.68
100.00 514.55
100.50 0.00
101.00 10.49
101.50 20.41
102.00 794.80
102.50 739.47
103.00 788.52
103.50 744.71
104.00 723.06
104.50 710.06
105.00 748.12
105.50 789.92
106.00 709.93
106.50 728.39
107.00 713.97
107.50 754.26
108.00 753.68
108.50 741.53
109.00 724.80
109.50 724.15
110.00 779.23
110.50 758.02
111.00 759.15
111.50 763.84
112.00 718.87
112.50 734.63
113.00 721.13
113.50 721.63
114.00 755.86
114.50 778.84
115.00 717.88
115.50 699.08
116.00 737.03
116.50 704.91
117.00 717.77
117.50 765.19
118.00 708.97
118.50 705.72
119.00 732.76
119.50 749.58
120.00 683.28
120.50 760.48
121.00 748.75
121.50 747.72
122.00 725.80
122.50 745.49
123.00 859.37
123.50 850.19
124.00 832.82
124.50 846.00
125.00 837.33
125.50 702.77
126.00 723.67
126.50 779.74
127.00 726.20
127.50 713.58
128.00 714.06
128.50 730.14
129.00 708.80
129.50 731.68
130.00 720.07
130.50 782.06
131.00 766.94
131.50 682.98
132.00 637.68
132.50 878.25
133.00 788.32
133.50 875.69
134.00 865.04
134.50 753.54
135.00 749.48
135.50 684.00
136.00 727.05
136.50 707.94
137.00 686.43
137.50 700.18
138.00 761.61
138.50 706.91
139.00 698.98
139.50 774.20
140.00 691.75
140.50 691.76
141.00 742.39
141.50 701.01
142.00 780.06
142.50 701.31
143.00 754.37
143.50 739.69
144.00 770.44
144.50 735.65
145.00 748.70
145.50 680.22
146.00 754.06
146.50 772.60
147.00 761.31
147.50 766.81
148.00 681.82
148.50 689.64
149.00 741.87
149.50 702.94
150.00 694.13
150.50 722.79
151.00 701.46
151.50 769.29
152.00 742.84
152.50 746.93
153.00 766.54
153.50 690.41
154.00 726.87
154.50 765.46
155.00 789.74
155.50 693.35
156.00 777.73
156.50 721.95
157.00 737.63
157.50 829.04
158.00 749.55
158.50 718.30
159.00 685.89
159.50 775.39
160.00 791.78
160.50 720.48
161.00 702.65
161.50 734.97
162.00 841.60
162.50 874.89
163.00 885.63
163.50 691.78
164.00 730.16
164.50 717.84
165.00 718.96
165.50 789.99
166.00 715.08
166.50 748.11
167.00 690.23
167.50 827.44
168.00 862.84
168.50 484.10
169.00 716.99
169.50 868.86
170.00 853.65
170.50 784.62
171.00 613.56
171.50 831.11
172.00 736.89
172.50 699.84
173.00 747.79
173.50 741.95
174.00 680.70
174.50 699.07
175.00 771.75
175.50 709.97
176.00 744.91
176.50 707.55
177.00 774.45
177.50 842.54
178.00 536.32
178.50 99.01
179.00 12.84
179.50 628.80
180.00 245.69
180.50 779.94
181.00 716.90
181.50 778.57
182.00 721.19
182.50 705.87
183.00 733.73
183.50 786.67
184.00 650.33
184.50 474.09
185.00 841.10
185.50 727.51
186.00 5.58
186.50 13.64
187.00 804.79
187.50 268.50
188.00 757.27
188.50 693.96
189.00 731.91
189.50 399.51
190.00 737.53
190.50 690.44
191.00 800.93
191.50 823.46
192.00 709.02
192.50 748.62
193.00 758.16
193.50 739.92
194.00 708.65
194.50 795.09
195.00 777.98
195.50 721.56
196.00 713.01
196.50 854.06
197.00 899.65
197.50 841.23
198.00 857.20
198.50 750.81
199.00 688.16
199.50 833.79
200.00 808.71
200.50 827.83
201.00 863.21
201.50 297.09
202.00 526.73
202.50 0.00
203.00 7.51
203.50 4.61
204.00 14.98
204.50 412.69
205.00 466.00
205.50 455.95
206.00 755.57
206.50 383.77
207.00 655.34
207.50 673.88
208.00 339.90
208.50 205.47
209.00 755.83
209.50 731.39
210.00 750.02
210.50 533.72
211.00 712.72
211.50 712.95
212.00 706.31
212.50 755.71
213.00 852.90
213.50 764.79
214.00 826.87
214.50 693.42
215.00 727.98
215.50 850.85
216.00 716.57
216.50 719.26
217.00 731.15
217.50 741.81
218.00 727.78
218.50 690.57
219.00 819.75
219.50 659.56
220.00 878.15
220.50 759.05
221.00 796.17
221.50 765.99
222.00 689.12
222.50 722.16
223.00 265.73
223.50 560.65
224.00 21.20
224.50 14.04
225.00 13.79
225.50 771.50
226.00 723.96
226.50 782.18
227.00 700.01
227.50 723.43
228.00 701.45
228.50 817.47
229.00 728.83
229.50 708.99
230.00 699.61
230.50 681.23
231.00 714.18
231.50 682.25
232.00 733.28
232.50 740.85
233.00 709.81
233.50 839.75
234.00 782.19
234.50 812.87
235.00 646.63
235.50 714.31
236.00 753.53
236.50 713.40
237.00 711.11
237.50 852.01
238.00 845.43
238.50 737.08
239.00 868.45
239.50 821.31
240.00 847.70
240.50 830.90
241.00 866.88
241.50 834.17
242.00 851.16
242.50 860.08
243.00 824.41
243.50 832.43
244.00 882.72
244.50 855.17
245.00 873.22
245.50 853.93
246.00 845.53
246.50 813.63
247.00 845.20
247.50 859.64
248.00 839.76
248.50 819.53
249.00 707.55
249.50 850.43
250.00 827.24
250.50 326.40
251.00 712.05
251.50 761.84
252.00 713.24
252.50 676.03
253.00 730.10
253.50 797.63
254.00 697.46
254.50 699.89
255.00 736.13
255.50 704.70
256.00 736.38
256.50 755.98
257.00 743.10
257.50 722.54
258.00 804.11
258.50 735.76
259.00 448.14
259.50 669.40
260.00 786.87
260.50 829.03
261.00 900.00
261.50 676.63
262.00 670.27
262.50 718.72
263.00 737.89
263.50 720.49
264.00 745.91
264.50 767.14
265.00 727.47
265.50 708.69
266.00 668.74
266.50 709.81
267.00 724.23
267.50 707.96
268.00 734.87
268.50 795.79
269.00 709.97
269.50 718.13
270.00 723.95
270.50 849.70
271.00 768.88
271.50 673.50
272.00 741.88
272.50 765.80
273.00 740.40
273.50 790.33
274.00 723.50
274.50 796.57
275.00 488.62
275.50 691.59
276.00 431.33
276.50 256.49
277.00 0.00
277.50 822.00
278.00 701.49
278.50 755.83
279.00 797.91
279.50 849.84
280.00 836.25
280.50 761.94
281.00 731.89
281.50 724.17
282.00 695.30
282.50 717.74
283.00 768.78
283.50 480.56
284.00 330.15
284.50 789.29
285.00 760.59
285.50 779.32
286.00 727.04
286.50 721.29
287.00 767.67
287.50 708.99
288.00 759.09
288.50 760.66
289.00 732.57
289.50 690.85
290.00 770.30
290.50 748.78
291.00 463.17
291.50 782.79
292.00 879.70
292.50 829.40
293.00 867.41
293.50 835.45
294.00 843.18
294.50 797.75
295.00 848.77
295.50 842.93
296.00 821.09
296.50 670.01
297.00 95.08
297.50 713.51
298.00 687.98
298.50 773.94
299.00 766.34
299.50 847.63
