0.00 720.62
0.50 723.38
1.00 763.22
1.50 734.61
2.00 177.00
2.50 705.73
3.00 880.85
3.50 779.47
4.00 722.14
4.50 681.79
5.00 663.33
5.50 826.42
6.00 773.16
6.50 755.98
7.00 704.33
7.50 728.68
8.00 704.45
8.50 709.45
9.00 734.18
9.50 733.69
10.00 664.06
10.50 698.06
11.00 692.01
11.50 720.57
12.00 725.19
12.50 742.04
13.00 759.81
13.50 788.26
14.00 761.89
14.50 686.07
15.00 717.89
15.50 790.28
16.00 711.51
16.50 698.18
17.00 718.00
17.50 789.25
18.00 774.63
18.50 727.79
19.00 729.26
19.50 777.29
20.00 701.13
20.50 717.35
21.00 848.37
21.50 722.28
22.00 692.73
22.50 723.58
23.00 809.81
23.50 699.82
24.00 535.52
24.50 704.23
25.00 829.07
25.50 743.42
26.00 843.03
26.50 828.33
27.00 815.93
27.50 799.23
28.00 759.07
28.50 730.24
29.00 731.06
29.50 757.76
30.00 766.32
30.50 746.30
31.00 741.86
31.50 710.10
32.00 716.68
32.50 680.20
33.00 774.06
33.50 668.10
34.00 708.11
34.50 760.64
35.00 792.41
35.50 737.76
36.00 746.98
36.50 703.18
37.00 770.04
37.50 769.30
38.00 722.80
38.50 751.77
39.00 747.14
39.50 763.43
40.00 764.43
40.50 786.92
41.00 700.56
41.50 738.71
42.00 701.00
42.50 778.92
43.00 123.74
43.50 701.98
44.00 774.87
44.50 93.72
45.00 466.85
45.50 155.94
46.00 198.00
46.50 719.37
47.00 796.88
47.50 724.98
48.00 711.04
48.50 727.51
49.00 726.88
49.50 747.09
50.00 690.35
50.50 775.54
51.00 720.38
51.50 728.42
52.00 696.34
52.50 724.41
53.00 705.01
53.50 683.17
54.00 738.84
54.50 734.93
55.00 820.24
55.50 852.24
56.00 815.88
56.50 677.02
57.00 762.92
57.50 736.17
58.00 428.26
58.50 713.78
59.00 733.58
59.50 741.75
60.00 675.05
60.50 654.62
61.00 662.60
61.50 880.96
62.00 827.36
62.50 821.92
63.00 830.71
63.50 831.10
64.00 751.22
64.50 444.90
65.00 728.21
65.50 752.73
66.00 725.41
66.50 725.10
67.00 708.75
67.50 741.57
68.00 763.10
68.50 738.31
69.00 714.13
69.50 746.73
70.00 752.63
70.50 680.25
71.00 730.68
71.50 777.85
72.00 734.34
72.50 721.67
73.00 752.78
73.50 744.10
74.00 758.81
74.50 779.65
75.00 753.79
75.50 764.48
76.00 767.24
76.50 703.30
77.00 721.25
77.50 745.87
78.00 767.36
78.50 711.65
79.00 739.92
79.50 734.43
80.00 762.88
80.50 770.76
81.00 697.76
81.50 682.47
82.00 788.67
82.50 742.80
83.00 762.73
83.50 755.46
84.00 761.18
84.50 675.70
85.00 697.07
85.50 767.64
86.00 743.24
86.50 746.36
87.00 761.17
87.50 733.03
88.00 724.01
88.50 740.16
89.00 751.64
89.50 726.85
90.00 732.05
90.50 900.00
91.00 734.61
91.50 693.14
92.00 900.00
92.50 712.19
93.00 861.82
93.50 713.50
94.00 833.08
94.50 418.14
95.00 509.48
95.50 815.66
96.00 897.78
96.50 840.55
97.00 737.60
97.50 802.74
98.00 820.06
98.50 676.94
99.00 680.16
99.50 697.99
100.00 842.83
100.50 760.17
101.00 722.96
101.50 694.96
102.00 871.15
102.50 798.49
103.00 780.94
103.50 790.44
104.00 721.04
104.50 713.95
105.00 727.41
105.50 817.19
106.00 712.41
106.50 728.00
107.00 740.29
107.50 716.80
108.00 745.82
108.50 713.34
109.00 698.83
109.50 830.71
110.00 766.52
110.50 693.68
111.00 718.62
111.50 777.32
112.00 757.86
112.50 869.34
113.00 861.42
113.50 865.31
114.00 836.25
114.50 198.91
115.00 541.90
115.50 0.00
116.00 13.41
116.50 407.03
117.00 343.45
117.50 0.00
118.00 22.68
118.50 0.68
119.00 15.96
119.50 0.00
120.00 0.00
120.50 6.20
121.00 63.97
121.50 721.81
122.00 188.31
122.50 0.00
123.00 67.48
123.50 820.37
124.00 201.05
124.50 763.42
125.00 809.56
125.50 676.18
126.00 753.45
126.50 621.65
127.00 402.41
127.50 529.77
128.00 781.56
128.50 717.75
129.00 742.82
129.50 737.32
130.00 746.40
130.50 761.34
131.00 783.74
131.50 724.73
132.00 703.91
132.50 714.16
133.00 721.96
133.50 752.09
134.00 704.18
134.50 740.20
135.00 694.94
135.50 683.71
136.00 760.66
136.50 725.27
137.00 715.25
137.50 766.00
138.00 723.72
138.50 772.28
139.00 732.89
139.50 739.59
140.00 798.17
140.50 771.59
141.00 718.21
141.50 728.58
142.00 721.71
142.50 767.26
143.00 727.60
143.50 643.35
144.00 781.70
144.50 775.79
145.00 683.30
145.50 722.40
146.00 687.85
146.50 697.94
147.00 703.05
147.50 721.42
148.00 636.88
148.50 749.26
149.00 781.68
149.50 521.71
150.00 677.88
150.50 717.27
151.00 750.17
151.50 721.57
152.00 797.38
152.50 798.48
153.00 722.50
153.50 25.81
154.00 699.88
154.50 836.41
155.00 823.01
155.50 811.22
156.00 849.28
156.50 870.97
157.00 750.07
157.50 802.24
158.00 757.13
158.50 719.40
159.00 744.91
159.50 703.98
160.00 752.77
160.50 742.11
161.00 699.97
161.50 743.96
162.00 730.10
162.50 718.18
163.00 735.05
163.50 734.88
164.00 791.11
164.50 732.41
165.00 708.73
165.50 753.97
166.00 707.07
166.50 752.29
167.00 746.02
167.50 755.03
168.00 756.09
168.50 746.12
169.00 781.57
169.50 709.06
170.00 689.76
170.50 727.16
171.00 697.07
171.50 746.60
172.00 735.78
172.50 769.32
173.00 709.27
173.50 893.89
174.00 677.56
174.50 785.99
175.00 775.19
175.50 679.95
176.00 700.52
176.50 709.82
177.00 692.75
177.50 771.52
178.00 768.10
178.50 785.71
179.00 705.46
179.50 840.70
180.00 820.10
180.50 735.85
181.00 709.32
181.50 790.41
182.00 809.19
182.50 712.75
183.00 712.51
183.50 855.53
184.00 826.03
184.50 503.45
185.00 758.53
185.50 719.40
186.00 760.60
186.50 787.43
187.00 166.28
187.50 722.28
188.00 622.12
188.50 289.62
189.00 0.00
189.50 391.56
190.00 39.14
190.50 724.82
191.00 739.48
191.50 730.55
192.00 751.04
192.50 352.47
193.00 25.26
193.50 395.14
194.00 7.79
194.50 337.45
195.00 854.57
195.50 304.30
196.00 750.73
196.50 701.75
197.00 712.92
197.50 718.54
198.00 788.07
198.50 793.23
199.00 698.95
199.50 698.33
200.00 728.36
200.50 665.82
201.00 756.19
201.50 749.04
202.00 721.49
202.50 728.71
203.00 697.93
203.50 692.49
204.00 721.72
204.50 703.68
205.00 29.07
205.50 14.76
206.00 17.29
206.50 14.90
207.00 12.36
207.50 13.43
208.00 3.80
208.50 501.35
209.00 233.68
209.50 679.17
210.00 809.86
210.50 736.78
211.00 776.15
211.50 835.96
212.00 839.32
212.50 415.23
213.00 37.70
213.50 94.22
214.00 679.94
214.50 697.48
215.00 761.87
215.50 474.12
216.00 805.86
216.50 847.19
217.00 841.12
217.50 892.36
218.00 828.59
218.50 818.53
219.00 725.99
219.50 688.40
220.00 234.89
220.50 691.14
221.00 766.10
221.50 758.09
222.00 708.73
222.50 742.93
223.00 689.45
223.50 754.72
224.00 159.38
224.50 852.94
225.00 860.67
225.50 835.22
226.00 865.05
226.50 841.87
227.00 842.94
227.50 854.30
228.00 704.33
228.50 0.00
229.00 531.45
229.50 260.23
230.00 640.00
230.50 38.24
231.00 761.92
231.50 847.74
232.00 821.38
232.50 840.91
233.00 814.43
233.50 714.21
234.00 857.21
234.50 846.92
235.00 800.55
235.50 852.81
236.00 816.19
236.50 710.07
237.00 736.73
237.50 714.59
238.00 543.31
238.50 292.56
239.00 836.91
239.50 776.23
240.00 676.02
240.50 806.98
241.00 757.17
241.50 736.37
242.00 703.98
242.50 706.99
243.00 696.47
243.50 708.62
244.00 707.70
244.50 684.76
245.00 701.35
245.50 686.00
246.00 820.38
246.50 802.29
247.00 706.38
247.50 860.96
248.00 803.62
248.50 790.32
249.00 692.09
249.50 701.79
250.00 846.50
250.50 712.08
251.00 730.13
251.50 806.04
252.00 677.79
252.50 888.73
253.00 853.90
253.50 861.01
254.00 700.63
254.50 354.17
255.00 716.57
255.50 725.47
256.00 735.11
256.50 685.18
257.00 699.75
257.50 727.63
258.00 773.66
258.50 743.12
259.00 729.38
259.50 688.44
260.00 706.42
260.50 716.88
261.00 741.35
261.50 694.25
262.00 756.28
262.50 766.74
263.00 720.55
263.50 681.79
264.00 718.07
264.50 782.94
265.00 709.87
265.50 736.18
266.00 764.73
266.50 708.25
267.00 737.10
267.50 679.88
268.00 730.33
268.50 753.75
269.00 733.64
269.50 755.57
270.00 705.27
270.50 670.19
271.00 722.03
271.50 761.59
272.00 743.00
272.50 711.76
273.00 720.49
273.50 663.71
274.00 701.94
274.50 364.49
275.00 695.64
275.50 798.99
276.00 771.42
276.50 728.84
277.00 720.81
277.50 714.07
278.00 814.58
278.50 725.05
279.00 681.54
279.50 248.13
280.00 698.84
280.50 720.25
281.00 712.21
281.50 697.00
282.00 700.68
282.50 680.32
283.00 705.80
283.50 690.73
284.00 708.22
284.50 725.25
285.00 703.77
285.50 723.80
286.00 688.22
286.50 699.96
287.00 825.62
287.50 812.14
288.00 679.99
288.50 777.61
289.00 658.70
289.50 852.96
290.00 720.00
290.50 685.30
291.00 892.32
291.50 713.17
292.00 793.09
292.50 708.26
293.00 823.34
293.50 777.18
294.00 761.13
294.50 732.04
295.00 679.68
295.50 705.61
296.00 780.75
296.50 854.20
297.00 699.72
297.50 666.85
298.00 711.89
298.50 590.86
299.00 709.51
299.50 731.57
