0.00 748.00
0.50 715.93
1.00 713.65
1.50 731.58
2.00 758.72
2.50 830.41
3.00 704.12
3.50 690.80
4.00 743.35
4.50 786.66
5.00 753.59
5.50 761.24
6.00 743.38
6.50 744.51
7.00 791.15
7.50 726.58
8.00 332.28
8.50 724.96
9.00 672.51
9.50 557.65
10.00 707.86
10.50 721.58
11.00 740.31
11.50 719.67
12.00 720.62
12.50 782.86
13.00 729.67
13.50 743.99
14.00 771.95
14.50 678.10
15.00 697.15
15.50 772.10
16.00 732.55
16.50 778.39
17.00 713.72
17.50 765.06
18.00 722.74
18.50 776.89
19.00 717.64
19.50 768.38
20.00 767.80
20.50 759.62
21.00 791.96
21.50 763.63
22.00 746.56
22.50 708.03
23.00 725.83
23.50 727.07
24.00 703.05
24.50 722.91
25.00 764.52
25.50 762.49
26.00 719.94
26.50 731.07
27.00 708.64
27.50 702.18
28.00 710.72
28.50 700.45
29.00 713.07
29.50 742.47
30.00 766.44
30.50 711.31
31.00 734.99
31.50 709.03
32.00 718.18
32.50 804.97
33.00 719.38
33.50 721.18
34.00 709.63
34.50 735.13
35.00 673.89
35.50 664.41
36.00 733.57
36.50 731.21
37.00 725.59
37.50 705.42
38.00 698.27
38.50 731.81
39.00 746.86
39.50 752.99
40.00 729.34
40.50 723.25
41.00 714.62
41.50 750.29
42.00 697.69
42.50 859.74
43.00 850.23
43.50 835.10
44.00 701.52
44.50 712.81
45.00 717.48
45.50 723.68
46.00 839.88
46.50 679.65
47.00 735.53
47.50 698.92
48.00 711.93
48.50 723.67
49.00 694.43
49.50 720.83
50.00 727.68
50.50 719.16
51.00 794.06
51.50 689.08
52.00 723.81
52.50 736.18
53.00 688.92
53.50 695.91
54.00 702.49
54.50 831.02
55.00 815.81
55.50 821.08
56.00 825.06
56.50 900.00
57.00 824.68
57.50 751.01
58.00 754.47
58.50 705.09
59.00 742.95
59.50 735.90
60.00 689.82
60.50 359.35
61.00 723.98
61.50 690.48
62.00 740.66
62.50 648.19
63.00 696.36
63.50 814.46
64.00 730.47
64.50 735.19
65.00 733.40
65.50 736.84
66.00 705.16
66.50 752.13
67.00 739.15
67.50 698.26
68.00 747.77
68.50 701.00
69.00 772.53
69.50 765.08
70.00 791.67
70.50 337.37
71.00 22.61
71.50 736.63
72.00 692.35
72.50 698.89
73.00 718.19
73.50 708.20
74.00 744.32
74.50 755.88
75.00 764.59
75.50 713.96
76.00 727.43
76.50 776.03
77.00 794.81
77.50 753.92
78.00 792.81
78.50 411.29
79.00 718.66
79.50 696.85
80.00 871.00
80.50 738.92
81.00 702.12
81.50 813.64
82.00 688.14
82.50 824.88
83.00 819.88
83.50 851.41
84.00 861.90
84.50 694.69
85.00 694.61
85.50 816.55
86.00 831.65
86.50 845.14
87.00 805.59
87.50 687.62
88.00 701.50
88.50 807.98
89.00 712.40
89.50 701.51
90.00 725.88
90.50 839.88
91.00 841.20
91.50 835.97
92.00 739.02
92.50 820.85
93.00 832.17
93.50 712.16
94.00 729.37
94.50 769.81
95.00 711.68
95.50 132.58
96.00 431.25
96.50 471.09
97.00 529.25
97.50 724.93
98.00 713.79
98.50 676.48
99.00 806.26
99.50 607.31
100.00 690.46
100.50 731.38
101.00 705.36
101.50 690.39
102.00 828.00
102.50 680.13
103.00 728.48
103.50 731.81
104.00 816.97
104.50 753.00
105.00 781.81
105.50 665.69
106.00 765.45
106.50 725.20
107.00 720.65
107.50 735.26
108.00 816.08
108.50 748.44
109.00 858.93
109.50 828.59
110.00 853.66
110.50 836.92
111.00 832.57
111.50 856.70
112.00 849.63
112.50 163.68
113.00 0.00
113.50 7.26
114.00 0.00
114.50 14.46
115.00 767.05
115.50 833.29
116.00 690.85
116.50 349.80
117.00 5.24
117.50 8.12
118.00 0.00
118.50 685.19
119.00 732.20
119.50 722.37
120.00 699.89
120.50 724.27
121.00 747.86
121.50 715.30
122.00 721.45
122.50 789.26
123.00 741.69
123.50 730.08
124.00 831.18
124.50 882.60
125.00 768.40
125.50 779.60
126.00 718.63
126.50 694.95
127.00 649.62
127.50 743.33
128.00 715.31
128.50 757.57
129.00 809.97
129.50 693.51
130.00 666.59
130.50 707.56
131.00 814.78
131.50 868.12
132.00 710.36
132.50 684.33
133.00 775.00
133.50 681.38
134.00 727.09
134.50 862.80
135.00 768.31
135.50 832.49
136.00 820.74
136.50 732.23
137.00 774.63
137.50 757.73
138.00 618.85
138.50 850.95
139.00 875.50
139.50 843.08
140.00 897.93
140.50 701.28
141.00 679.29
141.50 645.82
142.00 776.18
142.50 677.84
143.00 740.71
143.50 357.26
144.00 247.10
144.50 375.57
145.00 720.33
145.50 678.73
146.00 695.88
146.50 698.24
147.00 718.76
147.50 733.81
148.00 785.20
148.50 859.09
149.00 775.19
149.50 877.68
150.00 713.68
150.50 845.02
151.00 704.50
151.50 709.88
152.00 714.80
152.50 706.72
153.00 900.00
153.50 722.66
154.00 701.45
154.50 743.92
155.00 303.78
155.50 771.39
156.00 809.25
156.50 734.04
157.00 810.98
157.50 686.98
158.00 711.53
158.50 706.83
159.00 739.49
159.50 748.52
160.00 802.67
160.50 707.46
161.00 718.80
161.50 829.18
162.00 783.17
162.50 815.98
163.00 856.26
163.50 900.00
164.00 843.31
164.50 498.38
165.00 854.33
165.50 179.93
166.00 615.72
166.50 796.66
167.00 811.76
167.50 828.47
168.00 829.70
168.50 823.38
169.00 844.36
169.50 870.71
170.00 788.35
170.50 728.35
171.00 322.90
171.50 339.26
172.00 18.75
172.50 3.84
173.00 435.72
173.50 799.24
174.00 736.12
174.50 734.06
175.00 796.08
175.50 825.33
176.00 732.37
176.50 681.12
177.00 716.53
177.50 727.89
178.00 647.83
178.50 708.81
179.00 743.95
179.50 746.85
180.00 709.69
180.50 768.34
181.00 722.85
181.50 730.71
182.00 676.83
182.50 707.13
183.00 738.60
183.50 701.02
184.00 705.80
184.50 733.94
185.00 698.08
185.50 693.35
186.00 769.74
186.50 774.46
187.00 729.55
187.50 714.12
188.00 715.69
188.50 767.10
189.00 683.06
189.50 755.77
190.00 700.50
190.50 689.27
191.00 730.93
191.50 725.71
192.00 687.80
192.50 731.97
193.00 835.73
193.50 884.81
194.00 839.28
194.50 853.94
195.00 837.35
195.50 846.64
196.00 836.33
196.50 877.80
197.00 850.76
197.50 864.57
198.00 861.43
198.50 656.44
199.00 440.13
199.50 578.98
200.00 710.34
200.50 701.99
201.00 799.37
201.50 708.52
202.00 723.20
202.50 785.21
203.00 810.76
203.50 805.23
204.00 10.41
204.50 5.51
205.00 708.81
205.50 743.53
206.00 720.36
206.50 746.82
207.00 748.87
207.50 736.91
208.00 714.16
208.50 743.75
209.00 766.19
209.50 720.97
210.00 732.63
210.50 708.70
211.00 727.39
211.50 773.82
212.00 701.67
212.50 663.82
213.00 351.13
213.50 581.57
214.00 759.81
214.50 853.57
215.00 878.94
215.50 852.69
216.00 721.19
216.50 739.96
217.00 734.61
217.50 707.10
218.00 723.84
218.50 731.31
219.00 760.44
219.50 734.84
220.00 731.47
220.50 687.85
221.00 709.04
221.50 754.69
222.00 727.79
222.50 580.11
223.00 732.79
223.50 648.58
224.00 826.27
224.50 190.58
225.00 287.06
225.50 123.52
226.00 553.11
226.50 520.94
227.00 417.61
227.50 529.59
228.00 10.98
228.50 1.39
229.00 136.08
229.50 693.60
230.00 868.83
230.50 839.35
231.00 732.58
231.50 724.38
232.00 721.98
232.50 720.03
233.00 741.52
233.50 717.65
234.00 810.50
234.50 696.16
235.00 748.44
235.50 842.80
236.00 853.45
236.50 877.48
237.00 854.92
237.50 820.47
238.00 824.33
238.50 768.43
239.00 769.91
239.50 829.48
240.00 745.26
240.50 712.29
241.00 865.58
241.50 851.33
242.00 702.84
242.50 836.03
243.00 871.32
243.50 845.72
244.00 843.58
244.50 852.13
245.00 870.34
245.50 878.77
246.00 698.03
246.50 802.34
247.00 710.73
247.50 900.00
248.00 354.40
248.50 777.30
249.00 788.50
249.50 763.74
250.00 753.62
250.50 755.38
251.00 777.09
251.50 730.36
252.00 836.96
252.50 667.80
253.00 339.12
253.50 624.47
254.00 0.00
254.50 27.64
255.00 4.75
255.50 6.15
256.00 747.34
256.50 685.35
257.00 607.47
257.50 646.23
258.00 336.99
258.50 552.98
259.00 819.61
259.50 763.96
260.00 714.81
260.50 727.29
261.00 755.33
261.50 250.32
262.00 828.15
262.50 740.31
263.00 717.62
263.50 704.81
264.00 740.35
264.50 734.83
265.00 750.81
265.50 690.09
266.00 788.74
266.50 737.33
267.00 709.41
267.50 780.31
268.00 745.20
268.50 711.07
269.00 738.40
269.50 839.62
270.00 640.17
270.50 804.28
271.00 312.63
271.50 411.45
272.00 758.15
272.50 23.72
273.00 411.80
273.50 244.66
274.00 655.66
274.50 722.44
275.00 845.30
275.50 756.11
276.00 731.59
276.50 785.84
277.00 696.49
277.50 733.27
278.00 717.72
278.50 750.13
279.00 691.15
279.50 847.39
280.00 778.28
280.50 783.90
281.00 770.33
281.50 780.60
282.00 900.00
282.50 762.70
283.00 715.72
283.50 707.19
284.00 744.32
284.50 367.93
285.00 533.12
285.50 464.95
286.00 673.51
286.50 695.06
287.00 710.07
287.50 819.02
288.00 821.59
288.50 746.31
289.00 801.50
289.50 776.10
290.00 755.65
290.50 226.58
291.00 683.95
291.50 779.63
292.00 513.65
292.50 718.83
293.00 682.41
293.50 780.11
294.00 897.16
294.50 796.59
295.00 709.93
295.50 598.04
296.00 795.93
296.50 830.49
297.00 679.91
297.50 718.62
298.00 696.05
298.50 706.48
299.00 756.60
299.50 698.54
