0.00 742.71
0.50 803.54
1.00 679.30
1.50 780.87
2.00 775.63
2.50 770.82
3.00 703.15
3.50 693.54
4.00 753.54
4.50 741.97
5.00 708.90
5.50 278.39
6.00 394.00
6.50 0.00
7.00 310.93
7.50 596.60
8.00 428.95
8.50 746.98
9.00 706.26
9.50 790.74
10.00 740.53
10.50 706.27
11.00 697.75
11.50 760.78
12.00 806.21
12.50 755.77
13.00 772.13
13.50 766.99
14.00 806.39
14.50 691.73
15.00 792.80
15.50 719.51
16.00 834.77
16.50 679.07
17.00 596.35
17.50 388.24
18.00 657.47
18.50 708.63
19.00 816.27
19.50 668.58
20.00 735.98
20.50 709.68
21.00 705.28
21.50 706.76
22.00 742.38
22.50 748.49
23.00 700.43
23.50 771.73
24.00 745.43
24.50 716.01
25.00 711.02
25.50 242.47
26.00 387.59
26.50 778.52
27.00 720.49
27.50 734.27
28.00 787.72
28.50 710.10
29.00 773.58
29.50 716.30
30.00 813.60
30.50 812.97
31.00 515.77
31.50 610.42
32.00 659.77
32.50 813.04
33.00 891.09
33.50 714.25
34.00 712.53
34.50 686.16
35.00 351.07
35.50 716.93
36.00 727.00
36.50 715.49
37.00 828.08
37.50 680.06
38.00 746.68
38.50 712.78
39.00 764.31
39.50 749.07
40.00 718.78
40.50 765.99
41.00 743.88
41.50 804.63
42.00 708.84
42.50 690.87
43.00 792.95
43.50 813.16
44.00 818.56
44.50 834.99
45.00 838.80
45.50 699.65
46.00 684.53
46.50 802.08
47.00 761.73
47.50 621.27
48.00 553.98
48.50 711.63
49.00 761.54
49.50 852.75
50.00 711.75
50.50 714.54
51.00 726.98
51.50 719.61
52.00 426.10
52.50 658.90
53.00 714.29
53.50 719.91
54.00 707.12
54.50 663.87
55.00 760.46
55.50 746.30
56.00 760.63
56.50 773.68
57.00 720.62
57.50 745.94
58.00 696.17
58.50 695.95
59.00 752.57
59.50 698.62
60.00 746.88
60.50 746.43
61.00 778.74
61.50 765.74
62.00 706.18
62.50 746.73
63.00 826.67
63.50 706.12
64.00 708.98
64.50 719.89
65.00 684.53
65.50 717.45
66.00 731.86
66.50 690.25
67.00 721.74
67.50 900.00
68.00 708.47
68.50 739.93
69.00 686.50
69.50 694.20
70.00 691.73
70.50 709.46
71.00 741.16
71.50 691.35
72.00 840.90
72.50 804.36
73.00 711.97
73.50 681.34
74.00 658.71
74.50 684.73
75.00 694.39
75.50 719.41
76.00 730.65
76.50 721.80
77.00 792.14
77.50 704.86
78.00 771.85
78.50 692.29
79.00 778.28
79.50 685.11
80.00 760.83
80.50 707.61
81.00 705.99
81.50 727.96
82.00 710.41
82.50 692.42
83.00 716.53
83.50 454.94
84.00 351.48
84.50 694.90
85.00 779.00
85.50 726.95
86.00 710.26
86.50 731.37
87.00 729.97
87.50 741.34
88.00 666.99
88.50 712.41
89.00 703.89
89.50 700.02
90.00 725.99
90.50 760.29
91.00 720.04
91.50 702.14
92.00 717.91
92.50 732.05
93.00 298.45
93.50 713.57
94.00 762.54
94.50 731.85
95.00 0.00
95.50 430.72
96.00 571.31
96.50 0.00
97.00 717.65
97.50 692.73
98.00 690.93
98.50 788.06
99.00 825.03
99.50 757.38
100.00 694.54
100.50 698.23
101.00 744.80
101.50 757.67
102.00 839.69
102.50 713.97
103.00 799.08
103.50 677.54
104.00 681.76
104.50 838.59
105.00 740.93
105.50 869.67
106.00 695.37
106.50 743.22
107.00 722.43
107.50 689.95
108.00 719.80
108.50 754.79
109.00 798.86
109.50 720.88
110.00 772.62
110.50 737.40
111.00 559.81
111.50 121.93
112.00 553.60
112.50 698.83
113.00 674.09
113.50 816.90
114.00 695.64
114.50 766.07
115.00 763.28
115.50 655.98
116.00 734.73
116.50 686.52
117.00 772.23
117.50 828.49
118.00 856.68
118.50 699.86
119.00 709.71
119.50 741.76
120.00 824.07
120.50 840.82
121.00 735.08
121.50 831.43
122.00 693.63
122.50 736.85
123.00 767.70
123.50 760.23
124.00 755.86
124.50 762.40
125.00 733.84
125.50 721.55
126.00 708.18
126.50 744.02
127.00 728.70
127.50 12.70
128.00 26.07
128.50 0.00
129.00 626.31
129.50 0.00
130.00 283.94
130.50 788.22
131.00 767.15
131.50 754.16
132.00 750.53
132.50 721.42
133.00 734.88
133.50 731.00
134.00 712.15
134.50 749.25
135.00 716.20
135.50 527.96
136.00 709.84
136.50 740.11
137.00 793.31
137.50 823.78
138.00 660.23
138.50 722.49
139.00 716.02
139.50 663.73
140.00 792.43
140.50 702.75
141.00 675.85
141.50 712.75
142.00 794.98
142.50 531.56
143.00 85.07
143.50 868.43
144.00 682.24
144.50 717.39
145.00 446.23
145.50 743.46
146.00 774.62
146.50 708.90
147.00 659.60
147.50 704.29
148.00 716.38
148.50 765.20
149.00 739.02
149.50 837.42
150.00 826.09
150.50 843.73
151.00 844.23
151.50 853.58
152.00 748.87
152.50 138.07
153.00 771.43
153.50 796.38
154.00 824.37
154.50 676.01
155.00 698.83
155.50 813.31
156.00 821.99
156.50 803.95
157.00 754.79
157.50 712.58
158.00 704.38
158.50 799.03
159.00 845.72
159.50 850.71
160.00 842.12
160.50 789.22
161.00 805.83
161.50 858.14
162.00 834.58
162.50 720.86
163.00 678.80
163.50 666.29
164.00 714.50
164.50 734.45
165.00 702.45
165.50 772.27
166.00 718.05
166.50 677.93
167.00 771.50
167.50 768.92
168.00 692.06
168.50 841.14
169.00 856.20
169.50 759.03
170.00 834.81
170.50 85.39
171.00 449.27
171.50 728.72
172.00 415.83
172.50 771.34
173.00 727.16
173.50 712.16
174.00 680.01
174.50 710.63
175.00 730.46
175.50 740.32
176.00 717.75
176.50 743.49
177.00 708.52
177.50 697.03
178.00 781.85
178.50 719.28
179.00 733.02
179.50 789.15
180.00 710.20
180.50 712.56
181.00 689.08
181.50 759.35
182.00 752.33
182.50 768.17
183.00 167.92
183.50 723.68
184.00 384.15
184.50 33.56
185.00 895.38
185.50 747.03
186.00 721.59
186.50 781.32
187.00 704.27
187.50 833.34
188.00 842.79
188.50 841.54
189.00 827.11
189.50 822.67
190.00 828.58
190.50 877.22
191.00 855.27
191.50 853.41
192.00 839.04
192.50 870.78
193.00 486.26
193.50 433.83
194.00 854.01
194.50 746.56
195.00 802.64
195.50 802.84
196.00 696.56
196.50 719.45
197.00 739.93
197.50 664.23
198.00 696.26
198.50 730.75
199.00 691.42
199.50 721.57
200.00 719.49
200.50 719.40
201.00 762.40
201.50 720.76
202.00 741.94
202.50 745.46
203.00 775.11
203.50 740.75
204.00 719.04
204.50 773.03
205.00 752.23
205.50 708.48
206.00 721.20
206.50 782.48
207.00 694.03
207.50 747.41
208.00 721.18
208.50 712.77
209.00 742.63
209.50 698.64
210.00 747.92
210.50 733.65
211.00 719.89
211.50 715.68
212.00 751.33
212.50 711.86
213.00 852.72
213.50 809.14
214.00 691.28
214.50 649.84
215.00 813.17
215.50 839.69
216.00 766.04
216.50 736.32
217.00 790.25
217.50 107.98
218.00 814.87
218.50 712.24
219.00 826.25
219.50 707.45
220.00 822.47
220.50 712.64
221.00 773.42
221.50 863.24
222.00 699.85
222.50 759.62
223.00 555.24
223.50 304.97
224.00 711.38
224.50 854.86
225.00 728.10
225.50 700.01
226.00 761.76
226.50 695.15
227.00 693.24
227.50 739.19
228.00 818.76
228.50 738.47
229.00 709.66
229.50 738.74
230.00 735.35
230.50 208.99
231.00 415.57
231.50 705.76
232.00 728.79
232.50 867.74
233.00 825.05
233.50 854.24
234.00 837.52
234.50 877.16
235.00 857.98
235.50 780.85
236.00 870.12
236.50 870.64
237.00 845.69
237.50 836.92
238.00 830.68
238.50 720.08
239.00 671.37
239.50 762.74
240.00 135.14
240.50 453.86
241.00 0.00
241.50 115.62
242.00 773.62
242.50 778.40
243.00 751.54
243.50 838.31
244.00 875.89
244.50 864.81
245.00 867.94
245.50 817.65
246.00 859.92
246.50 767.62
247.00 774.65
247.50 725.84
248.00 857.49
248.50 840.63
249.00 835.93
249.50 835.47
250.00 827.66
250.50 860.38
251.00 622.61
251.50 793.33
252.00 698.47
252.50 807.59
253.00 737.04
253.50 752.60
254.00 723.12
254.50 823.26
255.00 539.44
255.50 3.43
256.00 13.13
256.50 467.32
257.00 189.33
257.50 262.29
258.00 288.75
258.50 509.69
259.00 681.82
259.50 0.00
260.00 726.16
260.50 399.33
261.00 162.26
261.50 259.38
262.00 757.69
262.50 736.45
263.00 690.16
263.50 794.71
264.00 599.32
264.50 371.31
265.00 698.92
265.50 734.36
266.00 0.00
266.50 763.40
267.00 846.15
267.50 816.43
268.00 832.48
268.50 826.71
269.00 817.12
269.50 838.54
270.00 839.16
270.50 869.83
271.00 877.01
271.50 718.16
272.00 777.88
272.50 805.29
273.00 681.77
273.50 726.66
274.00 697.71
274.50 663.82
275.00 5.89
275.50 13.67
276.00 736.31
276.50 668.29
277.00 692.28
277.50 698.23
278.00 817.52
278.50 745.62
279.00 851.63
279.50 829.87
280.00 830.76
280.50 836.56
281.00 864.14
281.50 831.65
282.00 842.75
282.50 850.14
283.00 775.27
283.50 730.05
284.00 822.66
284.50 849.01
285.00 830.71
285.50 718.07
286.00 736.88
286.50 793.64
287.00 693.88
287.50 745.32
288.00 741.84
288.50 741.62
289.00 741.73
289.50 781.68
290.00 704.43
290.50 757.65
291.00 716.86
291.50 753.46
292.00 808.03
292.50 717.14
293.00 768.35
293.50 669.64
294.00 747.66
294.50 742.65
295.00 657.81
295.50 800.46
296.00 819.87
296.50 480.92
297.00 687.93
297.50 796.66
298.00 809.61
298.50 757.61
299.00 787.82
299.50 706.90
