0.00 707.05
0.50 778.15
1.00 724.73
1.50 693.42
2.00 715.10
2.50 705.43
3.00 177.87
3.50 181.57
4.00 419.55
4.50 364.67
5.00 0.00
5.50 682.99
6.00 10.48
6.50 598.36
7.00 0.00
7.50 9.88
8.00 13.23
8.50 0.00
9.00 619.82
9.50 520.75
10.00 0.00
10.50 0.00
11.00 5.73
11.50 4.44
12.00 132.93
12.50 548.99
13.00 711.94
13.50 92.17
14.00 782.75
14.50 727.97
15.00 801.96
15.50 826.69
16.00 850.85
16.50 863.38
17.00 594.31
17.50 461.17
18.00 397.68
18.50 691.89
19.00 746.15
19.50 733.19
20.00 797.53
20.50 730.59
21.00 743.21
21.50 699.62
22.00 707.24
22.50 712.06
23.00 722.46
23.50 719.56
24.00 678.17
24.50 701.72
25.00 690.02
25.50 746.09
26.00 675.72
26.50 787.97
27.00 686.52
27.50 870.79
28.00 794.49
28.50 855.28
29.00 700.02
29.50 690.90
30.00 778.19
30.50 715.06
31.00 816.64
31.50 860.62
32.00 672.92
32.50 778.74
33.00 705.58
33.50 825.52
34.00 757.56
34.50 738.85
35.00 756.45
35.50 743.23
36.00 732.47
36.50 759.22
37.00 709.78
37.50 801.70
38.00 722.51
38.50 699.09
39.00 710.07
39.50 735.74
40.00 724.11
40.50 760.24
41.00 760.67
41.50 753.58
42.00 737.00
42.50 800.11
43.00 737.31
43.50 747.18
44.00 735.76
44.50 755.09
45.00 759.51
45.50 713.99
46.00 750.46
46.50 774.44
47.00 741.71
47.50 707.29
48.00 719.73
48.50 724.91
49.00 714.28
49.50 718.58
50.00 727.93
50.50 735.98
51.00 701.21
51.50 729.08
52.00 749.75
52.50 758.44
53.00 719.41
53.50 736.43
54.00 709.60
54.50 848.03
55.00 718.50
55.50 748.11
56.00 679.96
56.50 673.12
57.00 683.91
57.50 889.52
58.00 779.71
58.50 721.17
59.00 726.94
59.50 705.80
60.00 731.18
60.50 661.18
61.00 714.27
61.50 882.71
62.00 767.57
62.50 723.77
63.00 653.73
63.50 692.15
64.00 681.70
64.50 740.48
65.00 744.01
65.50 717.07
66.00 741.75
66.50 733.31
67.00 753.62
67.50 729.28
68.00 674.29
68.50 756.85
69.00 763.66
69.50 763.57
70.00 756.11
70.50 716.81
71.00 750.12
71.50 708.93
72.00 774.83
72.50 727.77
73.00 741.58
73.50 767.72
74.00 737.65
74.50 730.51
75.00 773.78
75.50 809.22
76.00 740.38
76.50 782.35
77.00 690.92
77.50 738.26
78.00 707.20
78.50 790.39
79.00 760.40
79.50 711.79
80.00 741.12
80.50 758.17
81.00 735.02
81.50 745.71
82.00 756.54
82.50 713.58
83.00 776.96
83.50 744.34
84.00 451.29
84.50 206.28
85.00 12.68
85.50 7.26
86.00 22.24
86.50 14.02
87.00 817.10
87.50 721.85
88.00 878.94
88.50 817.19
89.00 701.66
89.50 714.01
90.00 799.96
90.50 468.54
91.00 672.03
91.50 793.55
92.00 683.08
92.50 729.85
93.00 831.17
93.50 707.04
94.00 719.83
94.50 714.78
95.00 784.84
95.50 720.58
96.00 744.73
96.50 770.06
97.00 692.29
97.50 727.71
98.00 759.94
98.50 705.69
99.00 713.41
99.50 686.69
100.00 740.80
100.50 758.96
101.00 763.44
101.50 659.20
102.00 730.89
102.50 712.89
103.00 742.92
103.50 751.99
104.00 697.44
104.50 775.49
105.00 739.75
105.50 688.83
106.00 728.25
106.50 744.71
107.00 742.66
107.50 705.85
108.00 742.18
108.50 734.78
109.00 740.61
109.50 700.31
110.00 839.34
110.50 846.61
111.00 820.23
111.50 852.55
112.00 561.76
112.50 759.11
113.00 755.57
113.50 855.57
114.00 857.47
114.50 808.94
115.00 836.28
115.50 873.16
116.00 350.53
116.50 668.95
117.00 676.78
117.50 758.87
118.00 740.57
118.50 629.12
119.00 646.36
119.50 713.67
120.00 707.42
120.50 753.28
121.00 723.05
121.50 678.81
122.00 688.14
122.50 687.19
123.00 727.28
123.50 761.89
124.00 687.54
124.50 733.95
125.00 767.77
125.50 746.92
126.00 705.12
126.50 801.22
127.00 786.66
127.50 778.47
128.00 659.49
128.50 748.35
129.00 698.05
129.50 707.11
130.00 751.34
130.50 779.93
131.00 813.19
131.50 726.56
132.00 855.93
132.50 650.36
133.00 185.42
133.50 900.00
134.00 432.84
134.50 405.11
135.00 8.29
135.50 11.85
136.00 685.28
136.50 828.69
137.00 866.32
137.50 687.37
138.00 699.76
138.50 683.54
139.00 698.35
139.50 718.16
140.00 679.86
140.50 713.84
141.00 708.82
141.50 752.78
142.00 729.81
142.50 715.39
143.00 728.86
143.50 813.16
144.00 826.94
144.50 822.96
145.00 841.81
145.50 816.79
146.00 850.10
146.50 847.56
147.00 715.00
147.50 731.66
148.00 706.08
148.50 749.32
149.00 711.43
149.50 706.05
150.00 776.44
150.50 747.34
151.00 790.15
151.50 752.96
152.00 722.74
152.50 724.49
153.00 717.66
153.50 775.84
154.00 733.30
154.50 751.87
155.00 676.29
155.50 790.33
156.00 725.10
156.50 767.44
157.00 735.58
157.50 699.33
158.00 780.43
158.50 709.06
159.00 761.50
159.50 701.70
160.00 731.61
160.50 790.65
161.00 695.45
161.50 706.58
162.00 774.86
162.50 698.31
163.00 726.45
163.50 674.60
164.00 760.26
164.50 748.78
165.00 699.14
165.50 707.17
166.00 695.99
166.50 737.26
167.00 661.23
167.50 747.78
168.00 693.24
168.50 17.00
169.00 706.11
169.50 206.91
170.00 224.81
170.50 877.29
171.00 34.61
171.50 842.57
172.00 854.08
172.50 864.26
173.00 653.40
173.50 578.55
174.00 6.20
174.50 7.80
175.00 164.60
175.50 2.30
176.00 899.00
176.50 900.00
177.00 710.87
177.50 734.77
178.00 763.07
178.50 677.97
179.00 175.72
179.50 798.57
180.00 677.84
180.50 833.11
181.00 847.94
181.50 699.54
182.00 716.87
182.50 825.11
183.00 236.48
183.50 497.15
184.00 781.35
184.50 251.10
185.00 736.54
185.50 856.13
186.00 848.05
186.50 839.16
187.00 840.73
187.50 813.52
188.00 844.35
188.50 46.65
189.00 234.75
189.50 434.78
190.00 650.20
190.50 678.88
191.00 719.60
191.50 769.55
192.00 765.47
192.50 764.45
193.00 753.53
193.50 736.07
194.00 784.14
194.50 708.42
195.00 775.40
195.50 766.80
196.00 672.28
196.50 751.32
197.00 723.15
197.50 816.14
198.00 815.52
198.50 828.56
199.00 743.59
199.50 735.78
200.00 820.53
200.50 853.28
201.00 716.98
201.50 678.28
202.00 672.53
202.50 711.70
203.00 694.45
203.50 667.04
204.00 691.98
204.50 724.28
205.00 699.75
205.50 776.00
206.00 758.92
206.50 742.91
207.00 713.15
207.50 774.52
208.00 737.16
208.50 740.37
209.00 754.92
209.50 756.59
210.00 736.70
210.50 681.92
211.00 741.09
211.50 725.94
212.00 703.44
212.50 739.55
213.00 730.19
213.50 723.48
214.00 670.27
214.50 714.14
215.00 721.95
215.50 759.77
216.00 709.24
216.50 709.30
217.00 702.40
217.50 669.20
218.00 782.51
218.50 676.01
219.00 678.71
219.50 688.41
220.00 714.75
220.50 392.52
221.00 751.16
221.50 724.72
222.00 869.75
222.50 845.49
223.00 834.74
223.50 813.92
224.00 827.10
224.50 817.64
225.00 707.63
225.50 768.84
226.00 705.22
226.50 721.96
227.00 305.39
227.50 99.34
228.00 197.50
228.50 2.17
229.00 4.35
229.50 0.00
230.00 372.56
230.50 423.34
231.00 389.02
231.50 191.36
232.00 439.17
232.50 733.82
233.00 702.47
233.50 677.28
234.00 701.59
234.50 836.53
235.00 847.51
235.50 831.55
236.00 426.59
236.50 2.74
237.00 451.74
237.50 320.89
238.00 727.40
238.50 754.25
239.00 664.47
239.50 727.05
240.00 772.88
240.50 707.08
241.00 682.72
241.50 735.23
242.00 790.33
242.50 676.92
243.00 721.39
243.50 666.75
244.00 726.32
244.50 781.94
245.00 746.61
245.50 737.30
246.00 694.33
246.50 712.66
247.00 731.14
247.50 712.46
248.00 753.89
248.50 742.20
249.00 766.70
249.50 746.71
250.00 766.67
250.50 732.74
251.00 677.65
251.50 750.25
252.00 716.13
252.50 715.47
253.00 745.54
253.50 745.95
254.00 745.91
254.50 864.85
255.00 817.34
255.50 866.88
256.00 846.68
256.50 753.44
257.00 343.23
257.50 463.41
258.00 735.65
258.50 816.83
259.00 853.09
259.50 852.53
260.00 694.47
260.50 685.59
261.00 853.36
261.50 829.96
262.00 841.12
262.50 834.84
263.00 463.87
263.50 0.00
264.00 13.00
264.50 3.05
265.00 0.12
265.50 128.59
266.00 214.11
266.50 0.00
267.00 334.67
267.50 752.75
268.00 712.51
268.50 838.24
269.00 780.74
269.50 706.69
270.00 863.32
270.50 679.44
271.00 734.18
271.50 688.82
272.00 685.04
272.50 746.09
273.00 350.07
273.50 716.97
274.00 722.58
274.50 718.02
275.00 667.92
275.50 526.34
276.00 696.11
276.50 719.22
277.00 729.87
277.50 691.81
278.00 682.70
278.50 749.56
279.00 476.17
279.50 752.01
280.00 694.37
280.50 742.36
281.00 707.58
281.50 780.99
282.00 713.33
282.50 766.76
283.00 707.32
283.50 733.07
284.00 696.85
284.50 751.42
285.00 725.69
285.50 738.38
286.00 716.12
286.50 763.58
287.00 766.07
287.50 593.24
288.00 756.78
288.50 730.50
289.00 728.13
289.50 734.79
290.00 775.56
290.50 737.00
291.00 702.94
291.50 747.91
292.00 762.29
292.50 714.09
293.00 759.53
293.50 735.60
294.00 713.94
294.50 737.81
295.00 766.51
295.50 713.95
296.00 737.09
296.50 738.02
297.00 722.85
297.50 746.38
298.00 729.35
298.50 749.35
299.00 774.15
299.50 705.43
