0.00 750.88
0.50 781.03
1.00 743.60
1.50 730.47
2.00 784.97
2.50 661.18
3.00 700.89
3.50 747.25
4.00 695.39
4.50 732.73
5.00 753.77
5.50 736.36
6.00 730.97
6.50 777.41
7.00 861.08
7.50 845.50
8.00 688.09
8.50 769.52
9.00 768.72
9.50 794.71
10.00 741.94
10.50 750.65
11.00 533.04
11.50 852.44
12.00 721.57
12.50 694.88
13.00 751.72
13.50 863.64
14.00 854.42
14.50 794.89
15.00 710.81
15.50 702.82
16.00 695.13
16.50 761.04
17.00 804.72
17.50 723.87
18.00 770.30
18.50 836.42
19.00 900.00
19.50 831.27
20.00 721.72
20.50 761.79
21.00 708.14
21.50 709.06
22.00 662.75
22.50 144.27
23.00 313.92
23.50 504.19
24.00 703.09
24.50 730.44
25.00 732.09
25.50 751.70
26.00 716.50
26.50 690.60
27.00 708.62
27.50 763.90
28.00 788.36
28.50 544.92
29.00 205.07
29.50 26.31
30.00 816.36
30.50 206.37
31.00 741.68
31.50 813.41
32.00 743.79
32.50 728.79
33.00 777.23
33.50 118.50
34.00 332.15
34.50 95.16
35.00 315.43
35.50 410.20
36.00 719.81
36.50 688.96
37.00 704.13
37.50 729.67
38.00 855.00
38.50 837.26
39.00 735.06
39.50 480.62
40.00 740.00
40.50 715.71
41.00 669.59
41.50 710.13
42.00 286.02
42.50 4.54
43.00 402.03
43.50 238.20
44.00 668.91
44.50 738.61
45.00 730.47
45.50 390.46
46.00 0.00
46.50 0.00
47.00 712.68
47.50 661.29
48.00 667.62
48.50 730.67
49.00 692.25
49.50 707.76
50.00 712.33
50.50 681.33
51.00 682.97
51.50 735.58
52.00 753.43
52.50 763.67
53.00 689.84
53.50 715.35
54.00 704.02
54.50 678.86
55.00 734.11
55.50 727.10
56.00 717.29
56.50 681.61
57.00 704.01
57.50 724.37
58.00 359.83
58.50 693.69
59.00 799.66
59.50 720.16
60.00 758.61
60.50 708.63
61.00 574.18
61.50 806.53
62.00 683.78
62.50 769.03
63.00 689.83
63.50 721.36
64.00 804.97
64.50 671.90
65.00 664.30
65.50 707.28
66.00 812.19
66.50 743.66
67.00 736.53
67.50 683.81
68.00 755.32
68.50 456.46
69.00 231.50
69.50 0.00
70.00 0.00
70.50 825.68
71.00 826.16
71.50 688.27
72.00 861.64
72.50 803.74
73.00 326.41
73.50 6.37
74.00 358.30
74.50 24.98
75.00 328.27
75.50 11.31
76.00 17.37
76.50 2.67
77.00 0.00
77.50 1.43
78.00 19.11
78.50 0.00
79.00 8.10
79.50 11.88
80.00 442.33
80.50 406.05
81.00 186.12
81.50 1.48
82.00 3.01
82.50 590.45
83.00 259.39
83.50 720.84
84.00 732.30
84.50 777.76
85.00 680.95
85.50 702.69
86.00 769.18
86.50 716.06
87.00 747.39
87.50 773.78
88.00 455.04
88.50 691.53
89.00 727.77
89.50 706.13
90.00 741.34
90.50 891.69
91.00 725.41
91.50 746.68
92.00 729.21
92.50 702.12
93.00 721.73
93.50 700.56
94.00 580.86
94.50 857.05
95.00 698.08
95.50 723.62
96.00 767.26
96.50 701.41
97.00 739.53
97.50 726.41
98.00 734.39
98.50 745.96
99.00 684.64
99.50 717.26
100.00 668.47
100.50 712.74
101.00 711.01
101.50 739.83
102.00 535.42
102.50 728.98
103.00 714.76
103.50 725.99
104.00 710.46
104.50 690.66
105.00 726.54
105.50 679.47
106.00 763.49
106.50 777.02
107.00 807.41
107.50 760.35
108.00 706.10
108.50 691.58
109.00 853.25
109.50 767.88
110.00 755.53
110.50 701.24
111.00 717.92
111.50 731.92
112.00 741.26
112.50 695.33
113.00 787.42
113.50 701.84
114.00 858.95
114.50 467.69
115.00 9.07
115.50 230.07
116.00 650.01
116.50 720.59
117.00 886.65
117.50 869.55
118.00 882.11
118.50 837.09
119.00 842.86
119.50 774.92
120.00 895.78
120.50 746.67
121.00 689.75
121.50 695.42
122.00 540.93
122.50 428.32
123.00 626.16
123.50 815.02
124.00 718.38
124.50 737.76
125.00 703.82
125.50 676.70
126.00 713.31
126.50 788.84
127.00 826.71
127.50 859.51
128.00 630.45
128.50 730.39
129.00 900.00
129.50 827.82
130.00 705.66
130.50 827.04
131.00 402.54
131.50 717.28
132.00 746.02
132.50 755.87
133.00 817.43
133.50 701.27
134.00 745.45
134.50 765.33
135.00 739.90
135.50 744.83
136.00 661.65
136.50 678.00
137.00 783.41
137.50 827.25
138.00 812.70
138.50 708.02
139.00 722.55
139.50 691.33
140.00 739.21
140.50 698.00
141.00 697.69
141.50 710.84
142.00 747.65
142.50 780.26
143.00 708.20
143.50 719.22
144.00 709.66
144.50 738.04
145.00 677.91
145.50 703.51
146.00 720.77
146.50 735.12
147.00 745.89
147.50 846.96
148.00 680.35
148.50 724.06
149.00 738.74
149.50 758.05
150.00 698.34
150.50 416.11
151.00 559.37
151.50 716.87
152.00 682.25
152.50 744.24
153.00 745.82
153.50 744.57
154.00 759.74
154.50 737.49
155.00 728.83
155.50 721.48
156.00 730.28
156.50 744.73
157.00 746.34
157.50 717.74
158.00 746.38
158.50 776.07
159.00 737.47
159.50 733.70
160.00 717.99
160.50 681.56
161.00 847.93
161.50 678.63
162.00 678.09
162.50 726.76
163.00 734.96
163.50 717.19
164.00 560.63
164.50 699.76
165.00 689.31
165.50 711.68
166.00 791.02
166.50 717.45
167.00 725.59
167.50 749.21
168.00 427.46
168.50 272.43
169.00 767.19
169.50 650.30
170.00 741.36
170.50 747.10
171.00 766.31
171.50 413.01
172.00 198.72
172.50 0.00
173.00 766.52
173.50 834.42
174.00 828.73
174.50 844.56
175.00 847.95
175.50 506.95
176.00 53.65
176.50 22.41
177.00 31.07
177.50 637.98
178.00 0.00
178.50 47.04
179.00 0.00
179.50 345.42
180.00 749.39
180.50 728.97
181.00 709.88
181.50 174.28
182.00 900.00
182.50 852.63
183.00 830.75
183.50 691.45
184.00 708.20
184.50 704.60
185.00 834.58
185.50 726.18
186.00 725.80
186.50 731.56
187.00 680.79
187.50 453.43
188.00 688.62
188.50 746.39
189.00 663.85
189.50 714.12
190.00 818.29
190.50 740.97
191.00 699.83
191.50 720.96
192.00 552.60
192.50 570.57
193.00 550.52
193.50 672.53
194.00 661.51
194.50 729.35
195.00 674.46
195.50 716.81
196.00 716.63
196.50 768.67
197.00 811.87
197.50 725.74
198.00 690.17
198.50 721.84
199.00 0.00
199.50 375.55
200.00 745.85
200.50 715.58
201.00 752.41
201.50 751.14
202.00 799.03
202.50 753.70
203.00 706.14
203.50 508.53
204.00 3.24
204.50 0.00
205.00 409.86
205.50 742.90
206.00 786.94
206.50 729.83
207.00 729.52
207.50 719.63
208.00 707.15
208.50 828.75
209.00 715.35
209.50 747.17
210.00 679.31
210.50 713.10
211.00 701.00
211.50 696.82
212.00 738.74
212.50 791.26
213.00 760.44
213.50 722.19
214.00 814.94
214.50 713.50
215.00 878.96
215.50 704.32
216.00 673.99
216.50 725.56
217.00 718.73
217.50 718.63
218.00 699.21
218.50 834.37
219.00 717.50
219.50 657.63
220.00 838.27
220.50 708.11
221.00 748.05
221.50 677.97
222.00 4.33
222.50 2.44
223.00 0.00
223.50 13.64
224.00 3.74
224.50 5.04
225.00 0.00
225.50 310.01
226.00 272.45
226.50 357.04
227.00 844.18
227.50 787.19
228.00 761.57
228.50 841.52
229.00 900.00
229.50 723.28
230.00 678.85
230.50 729.46
231.00 673.82
231.50 733.11
232.00 720.63
232.50 790.44
233.00 741.97
233.50 12.94
234.00 682.86
234.50 688.78
235.00 748.26
235.50 716.19
236.00 737.43
236.50 743.82
237.00 732.75
237.50 749.99
238.00 740.64
238.50 732.73
239.00 736.66
239.50 716.28
240.00 741.73
240.50 745.47
241.00 844.04
241.50 859.06
242.00 828.77
242.50 823.50
243.00 737.57
243.50 516.39
244.00 757.90
244.50 892.18
245.00 812.87
245.50 836.55
246.00 770.67
246.50 203.63
247.00 145.98
247.50 214.20
248.00 710.07
248.50 707.27
249.00 775.41
249.50 692.86
250.00 786.91
250.50 780.85
251.00 726.48
251.50 700.71
252.00 757.18
252.50 741.67
253.00 757.70
253.50 677.78
254.00 792.62
254.50 753.10
255.00 833.10
255.50 848.03
256.00 847.57
256.50 868.74
257.00 815.35
257.50 819.01
258.00 829.49
258.50 739.68
259.00 689.69
259.50 738.19
260.00 800.71
260.50 721.21
261.00 733.95
261.50 709.96
262.00 714.48
262.50 725.21
263.00 740.41
263.50 771.05
264.00 743.17
264.50 738.51
265.00 736.62
265.50 730.32
266.00 718.82
266.50 757.09
267.00 732.82
267.50 691.84
268.00 721.53
268.50 729.85
269.00 811.81
269.50 728.22
270.00 784.41
270.50 735.31
271.00 704.12
271.50 746.89
272.00 643.21
272.50 829.25
273.00 851.12
273.50 654.93
274.00 628.70
274.50 597.98
275.00 711.71
275.50 735.48
276.00 724.47
276.50 753.42
277.00 723.17
277.50 808.82
278.00 676.03
278.50 776.52
279.00 652.66
279.50 772.60
280.00 718.47
280.50 717.82
281.00 716.73
281.50 760.63
282.00 702.29
282.50 719.46
283.00 695.31
283.50 721.51
284.00 747.83
284.50 681.63
285.00 736.14
285.50 742.03
286.00 727.46
286.50 686.76
287.00 798.25
287.50 758.63
288.00 721.74
288.50 783.26
289.00 863.03
289.50 684.09
290.00 642.37
290.50 830.89
291.00 715.88
291.50 384.95
292.00 41.18
292.50 9.71
293.00 850.81
293.50 689.06
294.00 714.94
294.50 675.42
295.00 706.77
295.50 766.48
296.00 694.97
296.50 889.91
297.00 699.01
297.50 683.24
298.00 724.43
298.50 818.34
299.00 756.18
299.50 746.33
