0.00 732.51
0.50 703.29
1.00 774.24
1.50 708.31
2.00 758.93
2.50 747.25
3.00 676.10
3.50 895.24
4.00 832.98
4.50 818.31
5.00 833.40
5.50 806.03
6.00 708.10
6.50 727.05
7.00 764.95
7.50 763.68
8.00 722.28
8.50 778.00
9.00 803.39
9.50 147.52
10.00 609.06
10.50 882.18
11.00 688.01
11.50 838.25
12.00 673.36
12.50 740.50
13.00 510.68
13.50 709.08
14.00 746.31
14.50 825.85
15.00 565.62
15.50 9.88
16.00 7.23
16.50 0.00
17.00 290.97
17.50 440.63
18.00 728.45
18.50 720.65
19.00 354.83
19.50 782.92
20.00 734.83
20.50 695.02
21.00 193.25
21.50 443.06
22.00 727.16
22.50 195.70
23.00 583.95
23.50 0.00
24.00 0.00
24.50 0.00
25.00 0.00
25.50 251.55
26.00 212.51
26.50 545.33
27.00 12.18
27.50 871.38
28.00 691.02
28.50 644.98
29.00 593.21
29.50 0.11
30.00 11.43
30.50 301.30
31.00 12.38
31.50 4.07
32.00 0.00
32.50 2.96
33.00 673.58
33.50 770.32
34.00 783.12
34.50 707.07
35.00 724.76
35.50 724.18
36.00 792.21
36.50 653.00
37.00 684.80
37.50 716.89
38.00 742.55
38.50 752.28
39.00 776.04
39.50 746.68
40.00 710.14
40.50 776.23
41.00 752.01
41.50 826.86
42.00 762.06
42.50 199.66
43.00 794.43
43.50 720.10
44.00 699.26
44.50 716.85
45.00 743.22
45.50 774.30
46.00 823.87
46.50 790.71
47.00 756.35
47.50 687.54
48.00 761.57
48.50 835.91
49.00 817.21
49.50 740.19
50.00 692.91
50.50 828.28
51.00 893.22
51.50 816.18
52.00 853.48
52.50 867.96
53.00 848.35
53.50 866.55
54.00 816.33
54.50 856.38
55.00 825.34
55.50 20.06
56.00 482.51
56.50 681.51
57.00 752.80
57.50 824.20
58.00 850.63
58.50 654.69
59.00 785.20
59.50 697.49
60.00 753.01
60.50 735.00
61.00 723.10
61.50 428.31
62.00 26.74
62.50 0.00
63.00 545.97
63.50 243.69
64.00 733.39
64.50 726.17
65.00 701.68
65.50 771.88
66.00 734.35
66.50 708.68
67.00 775.44
67.50 766.66
68.00 704.57
68.50 868.21
69.00 856.02
69.50 812.33
70.00 728.22
70.50 779.55
71.00 704.94
71.50 699.86
72.00 900.00
72.50 704.40
73.00 736.85
73.50 900.00
74.00 338.85
74.50 775.36
75.00 789.42
75.50 715.79
76.00 665.09
76.50 665.92
77.00 735.31
77.50 706.98
78.00 714.85
78.50 732.55
79.00 733.06
79.50 717.80
80.00 672.12
80.50 682.68
81.00 725.12
81.50 749.68
82.00 681.70
82.50 709.52
83.00 730.65
83.50 700.69
84.00 725.56
84.50 746.51
85.00 720.20
85.50 768.00
86.00 740.40
86.50 714.53
87.00 747.39
87.50 767.76
88.00 750.02
88.50 691.74
89.00 671.90
89.50 757.73
90.00 688.64
90.50 707.95
91.00 744.45
91.50 725.28
92.00 702.13
92.50 739.70
93.00 738.61
93.50 718.87
94.00 765.41
94.50 743.06
95.00 730.30
95.50 694.60
96.00 728.44
96.50 755.38
97.00 708.24
97.50 714.07
98.00 741.41
98.50 796.15
99.00 742.49
99.50 707.36
100.00 763.04
100.50 739.00
101.00 681.74
101.50 705.48
102.00 0.00
102.50 0.89
103.00 12.58
103.50 17.71
104.00 3.37
104.50 16.36
105.00 17.16
105.50 0.00
106.00 2.72
106.50 3.33
107.00 135.62
107.50 471.23
108.00 747.41
108.50 754.51
109.00 704.26
109.50 713.19
110.00 695.01
110.50 818.10
111.00 849.40
111.50 736.44
112.00 791.38
112.50 400.51
113.00 0.00
113.50 690.58
114.00 334.39
114.50 707.72
115.00 835.39
115.50 706.80
116.00 889.72
116.50 745.78
117.00 736.08
117.50 783.46
118.00 847.44
118.50 779.01
119.00 722.98
119.50 652.88
120.00 737.92
120.50 863.18
121.00 802.44
121.50 711.39
122.00 716.94
122.50 730.42
123.00 758.48
123.50 711.97
124.00 749.91
124.50 864.71
125.00 369.70
125.50 299.11
126.00 697.60
126.50 557.44
127.00 542.03
127.50 601.08
128.00 744.78
128.50 707.85
129.00 734.51
129.50 713.31
130.00 832.59
130.50 708.19
131.00 811.42
131.50 710.88
132.00 713.36
132.50 774.18
133.00 690.23
133.50 756.48
134.00 743.43
134.50 668.68
135.00 824.10
135.50 697.92
136.00 335.09
136.50 748.39
137.00 759.42
137.50 787.69
138.00 193.35
138.50 685.73
139.00 736.98
139.50 709.39
140.00 753.81
140.50 742.95
141.00 739.32
141.50 734.62
142.00 691.75
142.50 710.55
143.00 720.66
143.50 704.25
144.00 710.42
144.50 884.36
145.00 26.36
145.50 679.22
146.00 842.28
146.50 828.32
147.00 838.65
147.50 820.87
148.00 652.42
148.50 689.52
149.00 791.00
149.50 708.93
150.00 727.49
150.50 761.92
151.00 696.06
151.50 664.74
152.00 719.31
152.50 758.30
153.00 751.21
153.50 695.22
154.00 697.83
154.50 726.23
155.00 729.75
155.50 724.89
156.00 738.70
156.50 747.05
157.00 751.47
157.50 691.22
158.00 741.99
158.50 741.54
159.00 736.14
159.50 727.66
160.00 785.91
160.50 700.95
161.00 739.55
161.50 755.78
162.00 780.63
162.50 769.22
163.00 743.21
163.50 749.92
164.00 702.59
164.50 730.55
165.00 706.77
165.50 717.60
166.00 776.69
166.50 783.38
167.00 695.54
167.50 668.90
168.00 739.09
168.50 713.62
169.00 693.49
169.50 762.28
170.00 689.96
170.50 690.75
171.00 716.27
171.50 736.98
172.00 716.46
172.50 715.32
173.00 759.69
173.50 696.13
174.00 836.74
174.50 836.23
175.00 857.52
175.50 831.82
176.00 857.93
176.50 852.53
177.00 420.60
177.50 3.47
178.00 785.61
178.50 406.36
179.00 538.40
179.50 735.12
180.00 728.54
180.50 747.43
181.00 708.99
181.50 799.93
182.00 477.89
182.50 519.80
183.00 289.38
183.50 520.25
184.00 9.03
184.50 819.52
185.00 839.36
185.50 691.90
186.00 693.35
186.50 739.11
187.00 685.78
187.50 718.99
188.00 761.32
188.50 741.59
189.00 796.95
189.50 717.48
190.00 167.77
190.50 680.94
191.00 727.75
191.50 736.41
192.00 711.33
192.50 691.85
193.00 724.01
193.50 735.43
194.00 698.58
194.50 713.91
195.00 708.78
195.50 791.05
196.00 875.52
196.50 701.91
197.00 736.76
197.50 733.17
198.00 700.14
198.50 685.13
199.00 708.91
199.50 719.80
200.00 704.51
200.50 750.86
201.00 778.10
201.50 664.59
202.00 706.03
202.50 687.76
203.00 703.27
203.50 376.64
204.00 673.60
204.50 697.33
205.00 675.18
205.50 705.47
206.00 736.21
206.50 695.89
207.00 810.05
207.50 832.63
208.00 815.89
208.50 776.33
209.00 727.39
209.50 680.93
210.00 702.63
210.50 787.27
211.00 721.80
211.50 768.80
212.00 691.71
212.50 762.87
213.00 648.14
213.50 802.85
214.00 834.02
214.50 716.94
215.00 763.01
215.50 715.33
216.00 886.97
216.50 337.20
217.00 490.71
217.50 695.77
218.00 719.64
218.50 756.84
219.00 710.52
219.50 733.23
220.00 688.03
220.50 751.40
221.00 726.61
221.50 782.95
222.00 721.98
222.50 759.05
223.00 774.14
223.50 816.65
224.00 820.40
224.50 783.47
225.00 822.04
225.50 882.77
226.00 785.40
226.50 807.77
227.00 838.17
227.50 93.73
228.00 366.69
228.50 0.00
229.00 762.13
229.50 737.22
230.00 782.28
230.50 709.30
231.00 719.14
231.50 739.61
232.00 848.22
232.50 844.59
233.00 822.86
233.50 860.43
234.00 750.20
234.50 800.00
235.00 782.01
235.50 708.01
236.00 734.02
236.50 449.48
237.00 322.86
237.50 494.13
238.00 751.83
238.50 866.82
239.00 838.14
239.50 826.93
240.00 813.73
240.50 812.66
241.00 828.65
241.50 601.26
242.00 682.66
242.50 764.94
243.00 734.93
243.50 825.04
244.00 679.95
244.50 846.50
245.00 717.22
245.50 758.51
246.00 725.85
246.50 720.19
247.00 736.65
247.50 854.52
248.00 749.98
248.50 714.54
249.00 694.16
249.50 671.85
250.00 853.34
250.50 728.28
251.00 814.43
251.50 716.84
252.00 684.41
252.50 687.61
253.00 333.91
253.50 708.07
254.00 847.70
254.50 697.84
255.00 712.87
255.50 737.20
256.00 654.13
256.50 716.34
257.00 735.08
257.50 708.51
258.00 816.92
258.50 714.69
259.00 679.67
259.50 730.05
260.00 699.72
260.50 683.87
261.00 0.00
261.50 324.44
262.00 24.54
262.50 0.00
263.00 11.61
263.50 290.42
264.00 750.61
264.50 778.69
265.00 614.11
265.50 727.11
266.00 769.66
266.50 757.05
267.00 754.15
267.50 739.67
268.00 684.77
268.50 735.37
269.00 682.19
269.50 707.66
270.00 824.76
270.50 723.76
271.00 755.94
271.50 718.73
272.00 721.53
272.50 695.75
273.00 767.85
273.50 739.28
274.00 796.94
274.50 804.68
275.00 728.82
275.50 751.43
276.00 733.56
276.50 47.62
277.00 807.90
277.50 826.73
278.00 783.50
278.50 122.04
279.00 756.40
279.50 343.31
280.00 749.84
280.50 759.28
281.00 709.87
281.50 708.04
282.00 879.44
282.50 849.23
283.00 876.38
283.50 843.06
284.00 832.83
284.50 864.51
285.00 855.72
285.50 837.88
286.00 769.54
286.50 861.52
287.00 801.48
287.50 852.83
288.00 754.83
288.50 751.99
289.00 774.70
289.50 757.45
290.00 719.39
290.50 734.17
291.00 727.59
291.50 735.94
292.00 718.13
292.50 733.53
293.00 809.58
293.50 842.75
294.00 705.72
294.50 729.60
295.00 704.03
295.50 267.30
296.00 818.80
296.50 639.03
297.00 795.77
297.50 751.24
298.00 708.02
298.50 538.48
299.00 740.87
299.50 702.14
