0.00 794.19
0.50 728.08
1.00 787.53
1.50 735.19
2.00 706.64
2.50 723.12
3.00 727.66
3.50 789.76
4.00 738.98
4.50 706.07
5.00 764.80
5.50 775.40
6.00 749.58
6.50 842.11
7.00 822.81
7.50 829.90
8.00 846.65
8.50 853.11
9.00 845.12
9.50 865.57
10.00 763.93
10.50 784.61
11.00 787.22
11.50 718.77
12.00 746.51
12.50 755.41
13.00 493.56
13.50 13.46
14.00 10.74
14.50 470.03
15.00 765.10
15.50 863.70
16.00 853.28
16.50 834.57
17.00 852.26
17.50 718.11
18.00 722.31
18.50 700.89
19.00 725.92
19.50 701.97
20.00 738.82
20.50 785.48
21.00 770.03
21.50 765.78
22.00 390.38
22.50 0.00
23.00 5.58
23.50 196.78
24.00 490.15
24.50 300.97
25.00 366.20
25.50 717.95
26.00 716.40
26.50 761.63
27.00 749.48
27.50 703.06
28.00 245.83
28.50 754.41
29.00 688.13
29.50 748.69
30.00 699.16
30.50 765.56
31.00 718.00
31.50 739.21
32.00 719.14
32.50 783.09
33.00 791.01
33.50 738.33
34.00 775.02
34.50 784.98
35.00 719.51
35.50 823.93
36.00 713.41
36.50 811.05
37.00 720.57
37.50 841.37
38.00 746.78
38.50 709.43
39.00 708.22
39.50 869.88
40.00 723.20
40.50 415.97
41.00 707.97
41.50 672.71
42.00 850.27
42.50 790.27
43.00 731.38
43.50 684.57
44.00 738.80
44.50 693.86
45.00 720.46
45.50 725.35
46.00 760.55
46.50 695.45
47.00 712.60
47.50 757.35
48.00 753.99
48.50 709.41
49.00 723.41
49.50 708.66
50.00 711.61
50.50 746.79
51.00 708.17
51.50 718.86
52.00 722.99
52.50 791.19
53.00 772.46
53.50 702.49
54.00 664.65
54.50 717.46
55.00 767.33
55.50 710.40
56.00 761.65
56.50 652.51
57.00 724.65
57.50 740.48
58.00 739.93
58.50 720.86
59.00 725.04
59.50 697.75
60.00 900.00
60.50 222.14
61.00 798.26
61.50 812.52
62.00 757.01
62.50 843.17
63.00 685.92
63.50 698.88
64.00 737.91
64.50 780.79
65.00 736.61
65.50 758.56
66.00 716.80
66.50 746.64
67.00 767.83
67.50 704.78
68.00 744.70
68.50 702.43
69.00 735.54
69.50 748.03
70.00 778.71
70.50 798.56
71.00 778.49
71.50 741.70
72.00 716.14
72.50 734.83
73.00 741.67
73.50 724.45
74.00 691.92
74.50 720.40
75.00 756.14
75.50 685.24
76.00 782.13
76.50 798.48
77.00 784.94
77.50 729.45
78.00 743.43
78.50 706.61
79.00 769.35
79.50 721.30
80.00 850.51
80.50 695.89
81.00 706.20
81.50 701.41
82.00 674.57
82.50 700.94
83.00 715.71
83.50 685.05
84.00 726.35
84.50 747.98
85.00 682.94
85.50 747.13
86.00 0.00
86.50 595.63
87.00 813.01
87.50 324.38
88.00 692.41
88.50 821.29
89.00 758.69
89.50 741.99
90.00 757.96
90.50 798.49
91.00 702.96
91.50 760.68
92.00 691.39
92.50 763.47
93.00 746.04
93.50 711.65
94.00 723.00
94.50 726.41
95.00 710.34
95.50 729.95
96.00 740.19
96.50 749.89
97.00 689.86
97.50 707.83
98.00 787.88
98.50 692.96
99.00 730.64
99.50 706.93
100.00 823.23
100.50 833.67
101.00 806.61
101.50 814.98
102.00 900.00
102.50 678.60
103.00 788.68
103.50 522.22
104.00 749.94
104.50 789.22
105.00 797.22
105.50 712.35
106.00 698.10
106.50 721.12
107.00 662.99
107.50 754.10
108.00 695.33
108.50 700.30
109.00 861.72
109.50 755.15
110.00 772.85
110.50 709.41
111.00 754.37
111.50 754.97
112.00 729.44
112.50 790.46
113.00 731.39
113.50 0.00
114.00 8.29
114.50 230.08
115.00 272.76
115.50 763.87
116.00 700.22
116.50 780.52
117.00 701.72
117.50 669.66
118.00 713.01
118.50 699.98
119.00 759.00
119.50 780.88
120.00 743.30
120.50 691.44
121.00 745.62
121.50 747.06
122.00 740.68
122.50 779.91
123.00 725.29
123.50 725.22
124.00 813.55
124.50 776.07
125.00 841.83
125.50 724.95
126.00 801.69
126.50 716.16
127.00 669.09
127.50 672.75
128.00 760.42
128.50 722.20
129.00 667.88
129.50 708.03
130.00 719.87
130.50 749.39
131.00 723.81
131.50 734.00
132.00 756.89
132.50 718.02
133.00 731.83
133.50 719.59
134.00 754.21
134.50 702.99
135.00 751.19
135.50 808.10
136.00 658.95
136.50 762.49
137.00 662.83
137.50 735.14
138.00 761.90
138.50 694.15
139.00 843.21
139.50 770.36
140.00 729.36
140.50 661.48
141.00 796.77
141.50 599.54
142.00 686.81
142.50 710.30
143.00 732.18
143.50 687.86
144.00 696.12
144.50 682.36
145.00 699.30
145.50 702.06
146.00 784.39
146.50 726.41
147.00 712.05
147.50 687.63
148.00 716.08
148.50 716.18
149.00 676.03
149.50 856.08
150.00 734.47
150.50 688.88
151.00 678.74
151.50 707.54
152.00 740.06
152.50 714.82
153.00 760.18
153.50 832.59
154.00 843.29
154.50 154.15
155.00 759.71
155.50 747.20
156.00 745.67
156.50 756.51
157.00 721.99
157.50 744.41
158.00 158.71
158.50 168.97
159.00 13.82
159.50 23.21
160.00 0.00
160.50 24.91
161.00 24.94
161.50 122.08
162.00 799.61
162.50 29.93
163.00 524.18
163.50 441.76
164.00 0.00
164.50 732.62
165.00 778.66
165.50 765.99
166.00 748.91
166.50 812.87
167.00 815.63
167.50 900.00
168.00 843.57
168.50 752.21
169.00 690.48
169.50 194.88
170.00 589.86
170.50 439.43
171.00 711.61
171.50 683.51
172.00 829.61
172.50 827.68
173.00 871.30
173.50 826.13
174.00 825.28
174.50 869.63
175.00 724.54
175.50 166.23
176.00 213.21
176.50 849.17
177.00 818.14
177.50 840.19
178.00 814.82
178.50 21.91
179.00 152.66
179.50 5.41
180.00 504.47
180.50 745.88
181.00 752.76
181.50 303.74
182.00 16.29
182.50 1.55
183.00 12.51
183.50 717.75
184.00 5.40
184.50 118.92
185.00 774.43
185.50 697.86
186.00 737.12
186.50 740.96
187.00 810.04
187.50 688.71
188.00 474.35
188.50 261.82
189.00 454.03
189.50 118.61
190.00 406.95
190.50 791.16
191.00 408.21
191.50 445.11
192.00 548.88
192.50 781.02
193.00 808.66
193.50 839.81
194.00 838.16
194.50 842.92
195.00 522.15
195.50 760.92
196.00 727.39
196.50 739.77
197.00 715.70
197.50 736.23
198.00 740.94
198.50 707.47
199.00 724.60
199.50 736.80
200.00 712.64
200.50 719.44
201.00 748.52
201.50 676.73
202.00 711.24
202.50 759.71
203.00 716.92
203.50 745.79
204.00 736.18
204.50 858.48
205.00 748.03
205.50 761.50
206.00 761.35
206.50 774.84
207.00 721.72
207.50 754.81
208.00 715.94
208.50 749.86
209.00 676.48
209.50 687.55
210.00 666.19
210.50 718.31
211.00 763.16
211.50 757.20
212.00 745.93
212.50 761.20
213.00 773.34
213.50 731.54
214.00 846.39
214.50 850.62
215.00 842.00
215.50 854.24
216.00 867.33
216.50 708.25
217.00 770.47
217.50 545.32
218.00 223.27
218.50 0.00
219.00 32.23
219.50 26.60
220.00 0.00
220.50 23.76
221.00 404.22
221.50 450.63
222.00 705.98
222.50 834.83
223.00 834.22
223.50 815.17
224.00 805.57
224.50 724.73
225.00 721.78
225.50 783.08
226.00 717.73
226.50 755.49
227.00 706.96
227.50 712.96
228.00 781.23
228.50 753.93
229.00 774.04
229.50 717.62
230.00 732.56
230.50 718.77
231.00 776.80
231.50 738.66
232.00 764.22
232.50 736.27
233.00 691.81
233.50 801.53
234.00 746.71
234.50 702.97
235.00 763.85
235.50 717.55
236.00 741.28
236.50 736.00
237.00 698.49
237.50 742.84
238.00 837.29
238.50 840.33
239.00 831.45
239.50 834.90
240.00 888.77
240.50 837.46
241.00 750.82
241.50 732.72
242.00 719.06
242.50 820.04
243.00 860.52
243.50 828.99
244.00 857.06
244.50 826.61
245.00 757.65
245.50 702.55
246.00 702.56
246.50 503.42
247.00 707.89
247.50 744.63
248.00 776.43
248.50 691.70
249.00 716.66
249.50 682.16
250.00 694.95
250.50 268.34
251.00 797.65
251.50 673.66
252.00 811.65
252.50 808.07
253.00 813.88
253.50 570.64
254.00 706.18
254.50 846.65
255.00 437.25
255.50 850.36
256.00 677.50
256.50 709.39
257.00 708.34
257.50 728.01
258.00 280.99
258.50 265.77
259.00 685.10
259.50 780.45
260.00 848.53
260.50 799.69
261.00 721.60
261.50 679.03
262.00 705.00
262.50 723.00
263.00 670.71
263.50 721.86
264.00 406.13
264.50 660.39
265.00 742.03
265.50 756.95
266.00 729.98
266.50 729.60
267.00 696.40
267.50 692.51
268.00 706.74
268.50 751.20
269.00 720.50
269.50 702.15
270.00 700.42
270.50 313.52
271.00 7.20
271.50 760.02
272.00 881.03
272.50 714.06
273.00 762.64
273.50 857.77
274.00 823.11
274.50 733.98
275.00 704.72
275.50 741.54
276.00 698.65
276.50 843.44
277.00 788.04
277.50 690.10
278.00 715.02
278.50 711.53
279.00 788.44
279.50 711.47
280.00 900.00
280.50 746.77
281.00 800.67
281.50 727.47
282.00 748.68
282.50 432.59
283.00 447.64
283.50 446.23
284.00 614.58
284.50 706.98
285.00 637.60
285.50 765.81
286.00 756.25
286.50 738.56
287.00 673.01
287.50 658.26
288.00 393.23
288.50 294.49
289.00 24.44
289.50 15.04
290.00 179.46
290.50 707.84
291.00 440.94
291.50 371.82
292.00 718.30
292.50 0.00
293.00 394.58
293.50 726.64
294.00 682.09
294.50 826.36
295.00 731.08
295.50 261.91
296.00 691.77
296.50 704.86
297.00 693.12
297.50 704.43
298.00 705.81
298.50 688.81
299.00 849.69
299.50 804.09
