0.00 766.29
0.50 717.49
1.00 771.20
1.50 733.37
2.00 760.17
2.50 764.74
3.00 706.44
3.50 720.18
4.00 691.40
4.50 706.70
5.00 710.50
5.50 761.85
6.00 763.13
6.50 734.30
7.00 710.41
7.50 747.40
8.00 748.38
8.50 747.75
9.00 1.68
9.50 3.26
10.00 362.36
10.50 526.72
11.00 13.83
11.50 471.25
12.00 255.85
12.50 790.83
13.00 726.19
13.50 676.49
14.00 370.60
14.50 722.70
15.00 744.02
15.50 712.68
16.00 847.36
16.50 825.54
17.00 881.44
17.50 882.44
18.00 849.73
18.50 837.05
19.00 826.04
19.50 704.56
20.00 824.15
20.50 700.07
21.00 723.83
21.50 755.47
22.00 704.12
22.50 661.63
23.00 739.63
23.50 753.06
24.00 750.47
24.50 706.42
25.00 725.66
25.50 700.81
26.00 694.91
26.50 774.29
27.00 702.39
27.50 706.90
28.00 176.72
28.50 672.47
29.00 759.41
29.50 839.02
30.00 739.08
30.50 305.71
31.00 169.31
31.50 13.57
32.00 493.75
32.50 667.16
33.00 769.99
33.50 717.08
34.00 785.17
34.50 836.69
35.00 856.01
35.50 790.88
36.00 739.95
36.50 553.59
37.00 809.94
37.50 796.25
38.00 707.68
38.50 742.67
39.00 670.19
39.50 362.19
40.00 709.81
40.50 745.56
41.00 766.43
41.50 769.48
42.00 725.31
42.50 690.50
43.00 752.06
43.50 726.92
44.00 689.04
44.50 735.42
45.00 711.05
45.50 733.79
46.00 695.93
46.50 684.57
47.00 708.52
47.50 728.54
48.00 725.65
48.50 714.29
49.00 745.07
49.50 731.05
50.00 748.20
50.50 714.11
51.00 722.24
51.50 699.32
52.00 726.25
52.50 685.81
53.00 733.92
53.50 749.38
54.00 710.05
54.50 708.10
55.00 733.25
55.50 749.85
56.00 741.34
56.50 710.05
57.00 726.89
57.50 714.11
58.00 676.90
58.50 744.34
59.00 734.77
59.50 711.78
60.00 712.56
60.50 762.57
61.00 727.56
61.50 721.55
62.00 701.51
62.50 717.85
63.00 742.94
63.50 720.59
64.00 785.22
64.50 693.30
65.00 733.95
65.50 740.18
66.00 761.15
66.50 739.01
67.00 719.52
67.50 739.53
68.00 750.33
68.50 723.57
69.00 755.79
69.50 739.12
70.00 816.29
70.50 714.66
71.00 706.96
71.50 746.20
72.00 748.16
72.50 729.95
73.00 708.16
73.50 747.70
74.00 729.11
74.50 719.55
75.00 725.89
75.50 733.87
76.00 735.58
76.50 765.33
77.00 672.80
77.50 759.37
78.00 764.60
78.50 774.51
79.00 779.11
79.50 729.13
80.00 760.33
80.50 714.52
81.00 771.14
81.50 743.92
82.00 742.86
82.50 698.24
83.00 763.33
83.50 839.71
84.00 814.86
84.50 418.56
85.00 643.33
85.50 754.43
86.00 779.38
86.50 751.56
87.00 701.27
87.50 837.21
88.00 712.31
88.50 686.85
89.00 740.79
89.50 843.47
90.00 790.59
90.50 679.60
91.00 714.39
91.50 713.14
92.00 721.48
92.50 764.46
93.00 723.26
93.50 671.75
94.00 785.76
94.50 717.50
95.00 707.99
95.50 695.97
96.00 701.64
96.50 900.00
97.00 795.48
97.50 738.51
98.00 771.06
98.50 753.78
99.00 758.19
99.50 709.84
100.00 771.56
100.50 728.64
101.00 699.92
101.50 722.75
102.00 773.58
102.50 781.66
103.00 568.48
103.50 0.00
104.00 423.76
104.50 739.65
105.00 852.92
105.50 827.06
106.00 864.69
106.50 826.38
107.00 712.94
107.50 710.08
108.00 712.93
108.50 286.71
109.00 708.08
109.50 717.74
110.00 762.84
110.50 787.84
111.00 752.52
111.50 720.89
112.00 753.99
112.50 720.23
113.00 733.91
113.50 720.64
114.00 690.13
114.50 722.42
115.00 758.43
115.50 737.54
116.00 795.07
116.50 781.28
117.00 741.88
117.50 773.30
118.00 738.45
118.50 731.92
119.00 747.52
119.50 774.11
120.00 782.99
120.50 744.89
121.00 757.34
121.50 741.19
122.00 734.44
122.50 722.98
123.00 764.11
123.50 793.11
124.00 769.76
124.50 733.49
125.00 806.06
125.50 739.82
126.00 763.53
126.50 744.74
127.00 692.87
127.50 732.82
128.00 724.54
128.50 739.08
129.00 753.25
129.50 815.99
130.00 768.99
130.50 682.36
131.00 683.92
131.50 732.46
132.00 749.42
132.50 721.17
133.00 700.86
133.50 777.23
134.00 745.20
134.50 738.17
135.00 769.49
135.50 731.29
136.00 696.33
136.50 443.77
137.00 407.66
137.50 696.35
138.00 739.83
138.50 810.82
139.00 742.73
139.50 693.07
140.00 707.13
140.50 737.79
141.00 697.21
141.50 746.72
142.00 702.75
142.50 715.66
143.00 745.94
143.50 375.64
144.00 31.38
144.50 281.06
145.00 165.24
145.50 586.38
146.00 1.56
146.50 19.26
147.00 389.87
147.50 304.29
148.00 2.07
148.50 103.20
149.00 742.88
149.50 796.70
150.00 701.36
150.50 705.73
151.00 768.76
151.50 737.37
152.00 214.98
152.50 680.99
153.00 788.74
153.50 775.33
154.00 865.27
154.50 834.68
155.00 846.90
155.50 300.54
156.00 0.00
156.50 0.00
157.00 10.08
157.50 723.06
158.00 730.17
158.50 749.73
159.00 444.40
159.50 707.02
160.00 637.90
160.50 725.34
161.00 755.54
161.50 783.24
162.00 724.33
162.50 700.91
163.00 720.11
163.50 759.60
164.00 742.36
164.50 732.76
165.00 733.32
165.50 756.62
166.00 715.14
166.50 727.62
167.00 737.88
167.50 783.15
168.00 240.80
168.50 689.93
169.00 4.13
169.50 365.19
170.00 7.83
170.50 7.58
171.00 715.03
171.50 716.15
172.00 715.09
172.50 711.30
173.00 704.33
173.50 768.58
174.00 771.67
174.50 719.55
175.00 730.78
175.50 740.34
176.00 724.73
176.50 762.13
177.00 0.00
177.50 4.81
178.00 660.48
178.50 712.86
179.00 769.69
179.50 693.65
180.00 796.92
180.50 775.88
181.00 707.86
181.50 714.03
182.00 702.64
182.50 857.02
183.00 745.09
183.50 871.87
184.00 731.37
184.50 712.95
185.00 56.69
185.50 755.73
186.00 770.42
186.50 673.33
187.00 387.58
187.50 0.52
188.00 95.35
188.50 843.85
189.00 835.59
189.50 111.32
190.00 9.99
190.50 282.88
191.00 17.21
191.50 6.38
192.00 13.51
192.50 9.57
193.00 5.05
193.50 33.35
194.00 165.63
194.50 744.07
195.00 659.49
195.50 900.00
196.00 779.36
196.50 803.13
197.00 848.30
197.50 841.75
198.00 696.11
198.50 727.07
199.00 728.00
199.50 729.51
200.00 460.79
200.50 673.84
201.00 684.70
201.50 720.60
202.00 761.11
202.50 745.70
203.00 803.86
203.50 750.39
204.00 716.01
204.50 849.39
205.00 844.81
205.50 816.34
206.00 862.52
206.50 878.96
207.00 792.14
207.50 759.35
208.00 701.79
208.50 618.95
209.00 731.94
209.50 718.24
210.00 574.36
210.50 493.24
211.00 710.02
211.50 819.82
212.00 641.35
212.50 128.25
213.00 366.05
213.50 850.26
214.00 831.19
214.50 813.79
215.00 848.36
215.50 848.08
216.00 823.95
216.50 878.16
217.00 738.26
217.50 769.51
218.00 744.77
218.50 686.67
219.00 701.99
219.50 745.85
220.00 753.36
220.50 738.36
221.00 722.55
221.50 710.00
222.00 746.32
222.50 746.50
223.00 657.93
223.50 757.65
224.00 752.72
224.50 681.42
225.00 758.22
225.50 706.67
226.00 672.57
226.50 738.16
227.00 744.64
227.50 709.08
228.00 757.80
228.50 783.35
229.00 856.67
229.50 828.87
230.00 815.08
230.50 381.85
231.00 0.00
231.50 42.99
232.00 0.00
232.50 745.62
233.00 728.05
233.50 836.68
234.00 839.81
234.50 850.68
235.00 707.22
235.50 767.50
236.00 691.25
236.50 692.86
237.00 753.70
237.50 754.44
238.00 718.16
238.50 725.89
239.00 712.43
239.50 744.43
240.00 777.78
240.50 700.39
241.00 736.22
241.50 686.44
242.00 736.58
242.50 745.09
243.00 849.24
243.50 706.45
244.00 686.38
244.50 724.75
245.00 766.74
245.50 737.08
246.00 748.38
246.50 473.17
247.00 799.34
247.50 687.89
248.00 563.66
248.50 713.10
249.00 734.05
249.50 713.11
250.00 745.77
250.50 681.62
251.00 260.14
251.50 842.27
252.00 701.28
252.50 821.28
253.00 862.29
253.50 660.07
254.00 719.33
254.50 708.65
255.00 776.17
255.50 694.24
256.00 757.99
256.50 696.86
257.00 743.14
257.50 757.26
258.00 729.17
258.50 715.49
259.00 764.29
259.50 764.96
260.00 775.34
260.50 729.63
261.00 730.56
261.50 691.64
262.00 682.26
262.50 682.15
263.00 721.39
263.50 723.83
264.00 719.15
264.50 735.48
265.00 813.34
265.50 692.87
266.00 701.80
266.50 756.72
267.00 795.34
267.50 714.32
268.00 164.25
268.50 693.18
269.00 739.92
269.50 670.13
270.00 722.49
270.50 802.51
271.00 778.75
271.50 738.80
272.00 806.05
272.50 812.97
273.00 765.09
273.50 455.02
274.00 711.34
274.50 720.60
275.00 736.09
275.50 720.58
276.00 698.07
276.50 309.63
277.00 604.07
277.50 801.78
278.00 813.52
278.50 822.00
279.00 748.82
279.50 707.45
280.00 748.08
280.50 540.24
281.00 313.77
281.50 686.87
282.00 27.21
282.50 10.68
283.00 448.46
283.50 710.79
284.00 761.94
284.50 756.94
285.00 714.88
285.50 745.42
286.00 776.59
286.50 770.42
287.00 707.89
287.50 767.46
288.00 743.29
288.50 774.97
289.00 752.34
289.50 723.10
290.00 713.73
290.50 777.88
291.00 716.91
291.50 758.99
292.00 697.05
292.50 697.56
293.00 695.30
293.50 761.22
294.00 712.20
294.50 766.90
295.00 708.56
295.50 715.52
296.00 713.28
296.50 742.10
297.00 707.08
297.50 787.86
298.00 722.85
298.50 701.23
299.00 731.44
299.50 714.20
