0.00 696.75
0.50 753.43
1.00 726.04
1.50 727.01
2.00 714.65
2.50 749.84
3.00 714.84
3.50 702.71
4.00 786.83
4.50 676.14
5.00 696.95
5.50 799.44
6.00 678.67
6.50 693.06
7.00 809.48
7.50 731.67
8.00 646.23
8.50 637.51
9.00 558.28
9.50 797.47
10.00 705.44
10.50 769.72
11.00 698.28
11.50 735.07
12.00 785.89
12.50 720.04
13.00 793.94
13.50 734.93
14.00 722.62
14.50 794.31
15.00 783.04
15.50 784.90
16.00 693.89
16.50 701.95
17.00 652.57
17.50 845.93
18.00 739.10
18.50 819.12
19.00 684.88
19.50 736.83
20.00 838.07
20.50 700.47
21.00 751.78
21.50 860.22
22.00 833.50
22.50 807.65
23.00 894.53
23.50 741.68
24.00 780.39
24.50 714.42
25.00 730.92
25.50 731.75
26.00 727.98
26.50 737.26
27.00 704.99
27.50 716.51
28.00 687.63
28.50 559.89
29.00 844.26
29.50 710.80
30.00 706.56
30.50 755.57
31.00 366.24
31.50 712.51
32.00 735.05
32.50 746.59
33.00 791.46
33.50 677.88
34.00 553.63
34.50 724.87
35.00 703.37
35.50 714.81
36.00 698.23
36.50 711.59
37.00 753.41
37.50 720.39
38.00 755.39
38.50 731.81
39.00 737.49
39.50 690.09
40.00 694.97
40.50 725.30
41.00 713.41
41.50 745.39
42.00 131.94
42.50 743.68
43.00 844.67
43.50 869.42
44.00 739.43
44.50 846.51
45.00 823.73
45.50 809.89
46.00 846.79
46.50 654.25
47.00 280.04
47.50 28.34
48.00 14.22
48.50 18.55
49.00 568.88
49.50 19.34
50.00 584.36
50.50 696.94
51.00 743.31
51.50 692.02
52.00 751.67
52.50 768.84
53.00 701.71
53.50 449.97
54.00 351.17
54.50 548.06
55.00 21.39
55.50 0.00
56.00 197.69
56.50 0.46
57.00 19.17
57.50 12.71
58.00 7.69
58.50 547.31
59.00 549.42
59.50 448.90
60.00 464.61
60.50 825.83
61.00 697.54
61.50 714.22
62.00 722.30
62.50 719.79
63.00 720.11
63.50 487.74
64.00 884.03
64.50 727.78
65.00 715.89
65.50 757.79
66.00 734.06
66.50 865.84
67.00 847.31
67.50 876.40
68.00 827.37
68.50 700.42
69.00 687.89
69.50 752.94
70.00 727.07
70.50 723.92
71.00 703.96
71.50 768.02
72.00 719.49
72.50 745.63
73.00 721.50
73.50 11.53
74.00 13.46
74.50 9.81
75.00 349.66
75.50 566.73
76.00 538.20
76.50 9.48
77.00 582.82
77.50 662.49
78.00 508.09
78.50 105.16
79.00 14.60
79.50 236.67
80.00 0.00
80.50 0.00
81.00 17.89
81.50 209.71
82.00 286.74
82.50 669.77
83.00 742.70
83.50 688.76
84.00 853.86
84.50 755.13
85.00 718.97
85.50 739.17
86.00 722.09
86.50 712.78
87.00 843.84
87.50 810.84
88.00 830.39
88.50 836.89
89.00 678.01
89.50 706.66
90.00 750.15
90.50 689.04
91.00 703.81
91.50 770.85
92.00 774.98
92.50 746.48
93.00 776.76
93.50 753.10
94.00 722.90
94.50 716.47
95.00 749.91
95.50 782.61
96.00 783.45
96.50 809.78
97.00 722.43
97.50 729.39
98.00 736.92
98.50 744.55
99.00 718.72
99.50 690.56
100.00 699.36
100.50 701.93
101.00 782.71
101.50 700.39
102.00 779.96
102.50 733.88
103.00 679.82
103.50 294.59
104.00 267.11
104.50 59.49
105.00 755.38
105.50 698.75
106.00 718.49
106.50 759.90
107.00 703.21
107.50 715.38
108.00 745.91
108.50 11.78
109.00 480.47
109.50 784.30
110.00 744.75
110.50 698.60
111.00 685.97
111.50 775.24
112.00 732.68
112.50 755.68
113.00 718.95
113.50 722.87
114.00 858.24
114.50 778.83
115.00 724.95
115.50 798.61
116.00 751.42
116.50 692.15
117.00 724.47
117.50 702.71
118.00 755.44
118.50 711.48
119.00 767.88
119.50 757.47
120.00 754.19
120.50 739.53
121.00 672.07
121.50 701.13
122.00 717.52
122.50 758.14
123.00 724.43
123.50 701.15
124.00 702.51
124.50 858.48
125.00 842.46
125.50 761.71
126.00 751.53
126.50 750.11
127.00 752.31
127.50 739.94
128.00 753.69
128.50 713.56
129.00 717.61
129.50 706.74
130.00 746.05
130.50 748.17
131.00 752.93
131.50 833.41
132.00 709.72
132.50 11.65
133.00 17.79
133.50 19.15
134.00 164.36
134.50 7.98
135.00 3.95
135.50 2.31
136.00 254.28
136.50 735.74
137.00 102.90
137.50 294.01
138.00 10.33
138.50 23.06
139.00 0.00
139.50 743.88
140.00 709.57
140.50 701.42
141.00 784.68
141.50 771.24
142.00 811.90
142.50 732.71
143.00 670.82
143.50 785.88
144.00 732.38
144.50 570.04
145.00 704.33
145.50 750.39
146.00 815.83
146.50 726.14
147.00 697.78
147.50 826.90
148.00 679.10
148.50 690.31
149.00 741.11
149.50 714.61
150.00 736.60
150.50 899.77
151.00 718.79
151.50 826.29
152.00 800.93
152.50 854.26
153.00 696.45
153.50 681.03
154.00 676.87
154.50 777.57
155.00 766.21
155.50 755.59
156.00 741.43
156.50 703.63
157.00 828.03
157.50 804.16
158.00 708.84
158.50 714.04
159.00 769.11
159.50 839.95
160.00 851.02
160.50 836.71
161.00 844.51
161.50 880.93
162.00 824.44
162.50 785.79
163.00 785.81
163.50 895.86
164.00 721.17
164.50 851.45
165.00 692.77
165.50 361.73
166.00 14.07
166.50 471.95
167.00 625.21
167.50 699.49
168.00 693.27
168.50 708.39
169.00 365.88
169.50 720.38
170.00 685.91
170.50 683.53
171.00 681.42
171.50 814.87
172.00 716.40
172.50 665.36
173.00 688.26
173.50 751.93
174.00 670.89
174.50 703.74
175.00 791.43
175.50 837.29
176.00 682.15
176.50 709.68
177.00 713.28
177.50 730.23
178.00 717.47
178.50 717.66
179.00 766.01
179.50 702.23
180.00 672.40
180.50 714.58
181.00 715.72
181.50 682.69
182.00 721.79
182.50 763.46
183.00 780.88
183.50 733.95
184.00 269.30
184.50 109.34
185.00 522.16
185.50 770.53
186.00 722.94
186.50 838.11
187.00 863.57
187.50 849.30
188.00 826.26
188.50 505.79
189.00 770.98
189.50 780.99
190.00 720.07
190.50 781.77
191.00 726.00
191.50 703.34
192.00 735.17
192.50 727.95
193.00 796.54
193.50 766.74
194.00 734.74
194.50 708.79
195.00 698.85
195.50 691.98
196.00 792.65
196.50 741.72
197.00 804.40
197.50 900.00
198.00 693.10
198.50 863.81
199.00 830.50
199.50 742.87
200.00 701.72
200.50 141.10
201.00 65.47
201.50 744.00
202.00 680.11
202.50 687.26
203.00 870.81
203.50 711.87
204.00 693.97
204.50 697.29
205.00 720.27
205.50 720.76
206.00 755.11
206.50 435.53
207.00 6.04
207.50 0.00
208.00 5.95
208.50 12.82
209.00 0.00
209.50 900.00
210.00 180.41
210.50 690.93
211.00 738.55
211.50 840.70
212.00 863.33
212.50 790.18
213.00 800.31
213.50 714.39
214.00 696.23
214.50 789.55
215.00 811.85
215.50 694.71
216.00 711.12
216.50 752.04
217.00 447.36
217.50 723.23
218.00 735.56
218.50 701.83
219.00 721.35
219.50 787.88
220.00 848.64
220.50 793.38
221.00 789.54
221.50 719.46
222.00 682.50
222.50 729.85
223.00 727.62
223.50 754.19
224.00 727.41
224.50 302.71
225.00 684.47
225.50 728.44
226.00 760.88
226.50 694.79
227.00 756.58
227.50 763.95
228.00 704.68
228.50 721.78
229.00 704.01
229.50 762.15
230.00 769.34
230.50 738.11
231.00 706.16
231.50 749.79
232.00 743.66
232.50 765.83
233.00 731.41
233.50 866.17
234.00 866.22
234.50 859.89
235.00 704.22
235.50 734.89
236.00 762.12
236.50 736.30
237.00 696.12
237.50 755.32
238.00 705.24
238.50 726.69
239.00 733.13
239.50 746.29
240.00 738.29
240.50 715.59
241.00 747.97
241.50 738.85
242.00 744.35
242.50 775.29
243.00 806.82
243.50 741.28
244.00 647.54
244.50 697.63
245.00 710.40
245.50 738.41
246.00 734.82
246.50 771.72
247.00 716.91
247.50 634.80
248.00 852.28
248.50 818.63
249.00 749.59
249.50 680.67
250.00 767.22
250.50 710.91
251.00 733.59
251.50 734.27
252.00 686.46
252.50 787.08
253.00 741.18
253.50 669.06
254.00 900.00
254.50 635.06
255.00 830.94
255.50 715.74
256.00 605.48
256.50 446.81
257.00 547.97
257.50 763.86
258.00 654.29
258.50 814.79
259.00 701.41
259.50 696.87
260.00 807.34
260.50 715.66
261.00 779.44
261.50 858.23
262.00 703.94
262.50 732.75
263.00 715.66
263.50 709.44
264.00 726.39
264.50 794.18
265.00 870.55
265.50 864.24
266.00 772.87
266.50 11.92
267.00 127.30
267.50 0.00
268.00 498.14
268.50 0.00
269.00 319.47
269.50 596.66
270.00 800.09
270.50 635.86
271.00 760.05
271.50 758.65
272.00 737.03
272.50 668.13
273.00 719.98
273.50 604.10
274.00 682.78
274.50 814.39
275.00 719.70
275.50 386.62
276.00 772.88
276.50 723.72
277.00 824.48
277.50 825.18
278.00 712.28
278.50 769.97
279.00 446.59
279.50 749.96
280.00 697.08
280.50 840.44
281.00 222.19
281.50 738.98
282.00 812.75
282.50 765.90
283.00 682.57
283.50 789.64
284.00 757.26
284.50 699.34
285.00 720.92
285.50 688.85
286.00 729.67
286.50 302.95
287.00 667.18
287.50 689.08
288.00 837.82
288.50 859.26
289.00 735.76
289.50 696.59
290.00 723.88
290.50 735.77
291.00 750.98
291.50 713.26
292.00 688.99
292.50 852.96
293.00 0.00
293.50 7.68
294.00 12.42
294.50 11.61
295.00 16.32
295.50 563.40
296.00 385.92
296.50 682.64
297.00 672.35
297.50 716.18
298.00 761.65
298.50 760.93
299.00 760.28
299.50 757.94
