0.00 725.32
0.50 753.92
1.00 719.01
1.50 697.40
2.00 723.68
2.50 19.48
3.00 601.43
3.50 253.51
4.00 821.70
4.50 735.24
5.00 748.32
5.50 488.16
6.00 727.43
6.50 692.08
7.00 789.11
7.50 833.52
8.00 721.69
8.50 712.15
9.00 723.13
9.50 748.57
10.00 900.00
10.50 806.26
11.00 807.46
11.50 717.95
12.00 845.28
12.50 731.39
13.00 614.07
13.50 759.65
14.00 715.28
14.50 392.32
15.00 853.45
15.50 0.00
16.00 249.45
16.50 725.33
17.00 754.06
17.50 772.99
18.00 830.93
18.50 815.05
19.00 861.72
19.50 827.71
20.00 832.36
20.50 848.77
21.00 800.76
21.50 683.52
22.00 841.37
22.50 839.92
23.00 511.84
23.50 658.55
24.00 662.69
24.50 731.00
25.00 662.63
25.50 812.65
26.00 659.46
26.50 824.19
27.00 725.22
27.50 656.89
28.00 833.93
28.50 734.29
29.00 807.24
29.50 140.61
30.00 20.51
30.50 0.00
31.00 16.04
31.50 6.76
32.00 29.07
32.50 27.46
33.00 14.57
33.50 10.18
34.00 600.08
34.50 12.34
35.00 637.14
35.50 368.90
36.00 315.51
36.50 483.30
37.00 0.00
37.50 505.44
38.00 740.51
38.50 764.21
39.00 843.19
39.50 303.60
40.00 758.23
40.50 738.65
41.00 681.70
41.50 738.99
42.00 737.51
42.50 429.19
43.00 789.31
43.50 395.26
44.00 73.11
44.50 561.58
45.00 664.05
45.50 658.98
46.00 599.29
46.50 226.55
47.00 13.97
47.50 0.00
48.00 4.90
48.50 728.14
49.00 678.21
49.50 774.29
50.00 700.90
50.50 676.62
51.00 768.74
51.50 733.45
52.00 705.35
52.50 743.77
53.00 702.15
53.50 699.19
54.00 668.98
54.50 702.91
55.00 776.50
55.50 724.13
56.00 717.42
56.50 720.16
57.00 741.32
57.50 764.56
58.00 742.25
58.50 768.03
59.00 790.04
59.50 707.39
60.00 728.70
60.50 705.24
61.00 689.53
61.50 731.08
62.00 711.33
62.50 753.49
63.00 726.98
63.50 762.55
64.00 730.03
64.50 772.45
65.00 747.56
65.50 731.56
66.00 774.62
66.50 746.90
67.00 748.83
67.50 717.86
68.00 752.53
68.50 703.52
69.00 732.57
69.50 710.07
70.00 759.82
70.50 788.94
71.00 770.69
71.50 734.19
72.00 798.34
72.50 721.21
73.00 748.83
73.50 721.56
74.00 766.87
74.50 703.56
75.00 772.71
75.50 708.19
76.00 729.58
76.50 722.68
77.00 713.83
77.50 795.07
78.00 712.99
78.50 761.01
79.00 740.12
79.50 748.32
80.00 720.79
80.50 787.25
81.00 725.11
81.50 720.45
82.00 734.13
82.50 746.10
83.00 690.70
83.50 735.05
84.00 733.17
84.50 704.74
85.00 754.92
85.50 734.66
86.00 749.75
86.50 727.80
87.00 740.42
87.50 751.47
88.00 729.86
88.50 734.33
89.00 703.68
89.50 730.72
90.00 693.23
90.50 785.47
91.00 742.24
91.50 765.20
92.00 748.49
92.50 793.85
93.00 722.36
93.50 737.62
94.00 754.03
94.50 755.66
95.00 750.88
95.50 704.96
96.00 784.30
96.50 785.42
97.00 709.03
97.50 750.14
98.00 188.92
98.50 0.00
99.00 20.79
99.50 7.46
100.00 0.00
100.50 189.77
101.00 572.84
101.50 370.67
102.00 355.17
102.50 706.82
103.00 734.61
103.50 672.31
104.00 723.49
104.50 681.37
105.00 781.52
105.50 855.54
106.00 818.59
106.50 830.90
107.00 857.30
107.50 827.80
108.00 841.68
108.50 720.16
109.00 696.67
109.50 703.37
110.00 765.64
110.50 702.02
111.00 694.38
111.50 702.61
112.00 697.50
112.50 765.16
113.00 841.33
113.50 844.71
114.00 816.04
114.50 697.10
115.00 151.17
115.50 733.25
116.00 568.81
116.50 728.36
117.00 756.18
117.50 807.16
118.00 659.02
118.50 744.52
119.00 674.59
119.50 765.02
120.00 798.23
120.50 711.98
121.00 847.86
121.50 800.99
122.00 868.72
122.50 778.49
123.00 835.75
123.50 689.03
124.00 692.26
124.50 813.49
125.00 709.66
125.50 745.61
126.00 702.83
126.50 737.26
127.00 675.42
127.50 742.97
128.00 703.92
128.50 847.94
129.00 692.39
129.50 799.45
130.00 783.91
130.50 748.19
131.00 709.15
131.50 740.59
132.00 743.66
132.50 702.76
133.00 777.95
133.50 706.61
134.00 700.87
134.50 694.74
135.00 744.62
135.50 719.85
136.00 711.40
136.50 733.14
137.00 702.11
137.50 721.44
138.00 718.70
138.50 745.66
139.00 747.71
139.50 810.03
140.00 737.16
140.50 781.26
141.00 757.78
141.50 727.59
142.00 725.16
142.50 733.79
143.00 708.81
143.50 743.03
144.00 740.22
144.50 733.25
145.00 745.41
145.50 745.20
146.00 691.17
146.50 723.28
147.00 463.11
147.50 596.81
148.00 557.36
148.50 471.08
149.00 416.56
149.50 277.20
150.00 729.89
150.50 703.50
151.00 362.85
151.50 5.45
152.00 0.63
152.50 7.32
153.00 23.96
153.50 0.00
154.00 822.33
154.50 372.09
155.00 733.23
155.50 688.95
156.00 750.41
156.50 743.94
157.00 732.84
157.50 703.60
158.00 745.49
158.50 761.40
159.00 771.06
159.50 714.70
160.00 732.97
160.50 689.70
161.00 721.13
161.50 690.38
162.00 726.23
162.50 762.50
163.00 796.64
163.50 712.76
164.00 879.83
164.50 718.95
165.00 626.02
165.50 663.73
166.00 761.31
166.50 758.79
167.00 731.88
167.50 732.89
168.00 676.44
168.50 701.88
169.00 708.44
169.50 679.65
170.00 764.09
170.50 16.73
171.00 0.00
171.50 8.21
172.00 15.83
172.50 747.56
173.00 686.83
173.50 708.96
174.00 750.29
174.50 767.06
175.00 799.79
175.50 802.12
176.00 788.18
176.50 709.46
177.00 803.85
177.50 786.94
178.00 705.97
178.50 703.03
179.00 703.49
179.50 688.85
180.00 779.91
180.50 709.12
181.00 679.02
181.50 799.01
182.00 736.26
182.50 705.00
183.00 726.14
183.50 709.58
184.00 770.40
184.50 833.91
185.00 861.23
185.50 833.92
186.00 844.13
186.50 836.71
187.00 796.65
187.50 862.22
188.00 336.85
188.50 552.57
189.00 464.11
189.50 713.24
190.00 812.35
190.50 718.25
191.00 694.15
191.50 839.30
192.00 828.06
192.50 839.78
193.00 845.61
193.50 824.06
194.00 830.49
194.50 855.53
195.00 828.81
195.50 836.78
196.00 844.68
196.50 829.44
197.00 762.97
197.50 716.14
198.00 694.43
198.50 681.30
199.00 837.00
199.50 750.87
200.00 771.90
200.50 742.47
201.00 719.44
201.50 850.42
202.00 711.72
202.50 745.07
203.00 881.10
203.50 700.94
204.00 0.00
204.50 443.66
205.00 501.30
205.50 739.95
206.00 736.86
206.50 806.89
207.00 840.78
207.50 692.53
208.00 757.95
208.50 383.28
209.00 854.23
209.50 671.67
210.00 900.00
210.50 841.87
211.00 806.10
211.50 700.45
212.00 766.03
212.50 786.94
213.00 775.74
213.50 707.40
214.00 712.76
214.50 724.90
215.00 708.15
215.50 683.38
216.00 776.53
216.50 758.60
217.00 773.00
217.50 734.38
218.00 698.43
218.50 705.06
219.00 712.00
219.50 541.31
220.00 0.00
220.50 149.10
221.00 692.76
221.50 753.26
222.00 755.51
222.50 742.35
223.00 787.51
223.50 678.23
224.00 670.60
224.50 764.31
225.00 708.21
225.50 754.79
226.00 689.48
226.50 806.22
227.00 842.43
227.50 721.68
228.00 715.67
228.50 753.22
229.00 664.16
229.50 725.95
230.00 690.28
230.50 878.37
231.00 630.06
231.50 747.42
232.00 688.12
232.50 779.30
233.00 862.18
233.50 721.33
234.00 716.36
234.50 724.00
235.00 739.86
235.50 713.11
236.00 694.87
236.50 731.86
237.00 751.64
237.50 740.03
238.00 711.50
238.50 731.10
239.00 757.73
239.50 754.41
240.00 727.27
240.50 734.67
241.00 771.89
241.50 723.16
242.00 778.44
242.50 763.74
243.00 768.16
243.50 686.71
244.00 688.72
244.50 712.83
245.00 714.23
245.50 700.83
246.00 742.19
246.50 744.90
247.00 768.47
247.50 720.54
248.00 701.77
248.50 743.19
249.00 795.53
249.50 608.82
250.00 817.30
250.50 740.68
251.00 816.25
251.50 733.41
252.00 726.02
252.50 853.03
253.00 852.14
253.50 848.97
254.00 871.40
254.50 831.30
255.00 720.71
255.50 750.75
256.00 353.20
256.50 11.27
257.00 7.38
257.50 13.79
258.00 170.89
258.50 706.12
259.00 731.62
259.50 391.42
260.00 721.41
260.50 706.53
261.00 712.94
261.50 740.99
262.00 743.26
262.50 873.16
263.00 860.36
263.50 647.70
264.00 670.98
264.50 715.64
265.00 709.51
265.50 715.48
266.00 710.17
266.50 708.31
267.00 897.03
267.50 723.42
268.00 714.03
268.50 683.05
269.00 716.60
269.50 900.00
270.00 741.40
270.50 775.59
271.00 716.06
271.50 725.80
272.00 767.76
272.50 719.59
273.00 759.94
273.50 716.69
274.00 711.51
274.50 710.83
275.00 724.70
275.50 731.17
276.00 724.14
276.50 732.32
277.00 751.19
277.50 715.61
278.00 695.92
278.50 864.53
279.00 751.35
279.50 820.10
280.00 696.16
280.50 791.07
281.00 784.40
281.50 711.70
282.00 709.19
282.50 836.00
283.00 869.50
283.50 867.01
284.00 753.02
284.50 900.00
285.00 764.04
285.50 656.50
286.00 5.16
286.50 8.91
287.00 0.00
287.50 12.23
288.00 398.21
288.50 375.92
289.00 19.57
289.50 16.21
290.00 796.51
290.50 789.95
291.00 716.00
291.50 752.58
292.00 745.00
292.50 682.65
293.00 712.46
293.50 774.38
294.00 722.68
294.50 726.67
295.00 752.39
295.50 720.89
296.00 846.41
296.50 683.98
297.00 771.52
297.50 715.43
298.00 747.84
298.50 776.03
299.00 763.25
299.50 679.66
