0.00 782.47
0.50 695.03
1.00 737.76
1.50 723.14
2.00 791.68
2.50 707.94
3.00 717.18
3.50 739.82
4.00 746.84
4.50 710.49
5.00 727.77
5.50 708.02
6.00 706.31
6.50 799.43
7.00 675.66
7.50 794.29
8.00 750.94
8.50 740.97
9.00 781.95
9.50 750.81
10.00 730.40
10.50 711.73
11.00 166.86
11.50 755.52
12.00 849.36
12.50 863.81
13.00 835.50
13.50 843.52
14.00 815.29
14.50 840.70
15.00 754.38
15.50 747.15
16.00 823.22
16.50 682.37
17.00 760.50
17.50 772.34
18.00 833.32
18.50 839.41
19.00 843.57
19.50 817.25
20.00 835.87
20.50 834.83
21.00 808.48
21.50 846.69
22.00 811.11
22.50 825.22
23.00 829.56
23.50 683.46
24.00 789.45
24.50 741.56
25.00 748.70
25.50 788.35
26.00 706.05
26.50 721.25
27.00 734.15
27.50 696.93
28.00 749.64
28.50 682.85
29.00 721.63
29.50 751.33
30.00 731.84
30.50 687.73
31.00 820.38
31.50 831.19
32.00 860.55
32.50 744.50
33.00 821.73
33.50 712.37
34.00 700.04
34.50 695.64
35.00 712.25
35.50 898.16
36.00 764.05
36.50 705.36
37.00 738.13
37.50 671.31
38.00 699.52
38.50 730.96
39.00 715.76
39.50 841.17
40.00 760.82
40.50 799.60
41.00 692.17
41.50 695.36
42.00 466.37
42.50 196.26
43.00 565.91
43.50 120.75
44.00 632.51
44.50 765.34
45.00 633.55
45.50 778.70
46.00 647.36
46.50 751.43
47.00 702.86
47.50 707.56
48.00 774.39
48.50 718.49
49.00 712.04
49.50 772.22
50.00 785.37
50.50 704.53
51.00 634.57
51.50 801.89
52.00 684.97
52.50 691.63
53.00 722.40
53.50 736.35
54.00 736.55
54.50 747.19
55.00 871.54
55.50 684.01
56.00 699.87
56.50 773.06
57.00 835.13
57.50 811.06
58.00 511.17
58.50 329.68
59.00 566.50
59.50 755.50
60.00 709.04
60.50 785.19
61.00 782.71
61.50 747.22
62.00 711.83
62.50 654.52
63.00 56.70
63.50 57.09
64.00 734.28
64.50 768.70
65.00 755.09
65.50 728.88
66.00 751.20
66.50 807.98
67.00 849.92
67.50 827.76
68.00 339.86
68.50 768.43
69.00 782.12
69.50 739.84
70.00 749.54
70.50 642.28
71.00 699.80
71.50 704.80
72.00 268.53
72.50 458.52
73.00 0.00
73.50 284.74
74.00 763.03
74.50 671.20
75.00 784.09
75.50 775.80
76.00 744.58
76.50 727.63
77.00 781.31
77.50 766.70
78.00 711.33
78.50 768.75
79.00 790.02
79.50 807.96
80.00 716.53
80.50 765.41
81.00 731.28
81.50 689.28
82.00 712.50
82.50 724.26
83.00 579.68
83.50 802.78
84.00 620.18
84.50 729.89
85.00 863.75
85.50 701.67
86.00 749.10
86.50 696.19
87.00 764.03
87.50 710.96
88.00 742.88
88.50 768.21
89.00 497.85
89.50 8.05
90.00 753.24
90.50 685.23
91.00 716.78
91.50 763.03
92.00 691.58
92.50 791.04
93.00 736.72
93.50 713.85
94.00 745.58
94.50 735.55
95.00 729.26
95.50 444.48
96.00 810.98
96.50 809.57
97.00 722.93
97.50 701.96
98.00 750.72
98.50 685.78
99.00 789.54
99.50 748.67
100.00 837.13
100.50 697.85
101.00 559.80
101.50 846.23
102.00 663.26
102.50 684.54
103.00 704.99
103.50 752.65
104.00 769.14
104.50 723.69
105.00 721.95
105.50 685.24
106.00 747.76
106.50 723.61
107.00 900.00
107.50 717.18
108.00 684.49
108.50 663.05
109.00 721.67
109.50 735.44
110.00 739.61
110.50 690.39
111.00 577.58
111.50 697.74
112.00 661.88
112.50 713.34
113.00 689.53
113.50 836.04
114.00 842.91
114.50 695.29
115.00 706.40
115.50 689.41
116.00 814.80
116.50 829.30
117.00 820.49
117.50 738.26
118.00 803.18
118.50 702.00
119.00 684.09
119.50 670.52
120.00 719.47
120.50 711.98
121.00 782.36
121.50 803.54
122.00 843.37
122.50 813.24
123.00 857.34
123.50 810.91
124.00 830.50
124.50 729.31
125.00 740.60
125.50 734.23
126.00 699.96
126.50 725.70
127.00 660.44
127.50 677.32
128.00 726.61
128.50 747.78
129.00 729.16
129.50 708.03
130.00 721.03
130.50 721.49
131.00 742.33
131.50 709.62
132.00 716.66
132.50 763.41
133.00 782.24
133.50 717.64
134.00 705.70
134.50 833.50
135.00 802.17
135.50 893.16
136.00 848.50
136.50 688.30
137.00 772.55
137.50 695.45
138.00 732.22
138.50 662.66
139.00 731.95
139.50 777.78
140.00 747.97
140.50 706.54
141.00 730.62
141.50 744.99
142.00 699.29
142.50 717.87
143.00 767.96
143.50 760.07
144.00 708.96
144.50 798.74
145.00 727.50
145.50 727.84
146.00 735.94
146.50 757.58
147.00 771.15
147.50 766.46
148.00 724.93
148.50 862.25
149.00 713.42
149.50 742.11
150.00 711.32
150.50 714.04
151.00 722.67
151.50 725.44
152.00 730.33
152.50 724.22
153.00 706.50
153.50 717.32
154.00 735.37
154.50 690.92
155.00 722.71
155.50 685.05
156.00 728.04
156.50 753.60
157.00 694.86
157.50 786.91
158.00 760.49
158.50 758.56
159.00 710.45
159.50 756.31
160.00 720.00
160.50 750.30
161.00 717.22
161.50 710.46
162.00 749.03
162.50 714.88
163.00 788.15
163.50 694.93
164.00 722.77
164.50 761.57
165.00 729.06
165.50 732.70
166.00 682.80
166.50 230.34
167.00 458.74
167.50 531.07
168.00 737.33
168.50 738.64
169.00 788.75
169.50 817.45
170.00 774.36
170.50 767.43
171.00 762.49
171.50 690.69
172.00 756.47
172.50 715.95
173.00 732.39
173.50 702.06
174.00 731.07
174.50 765.43
175.00 775.70
175.50 717.10
176.00 758.75
176.50 756.51
177.00 732.24
177.50 734.75
178.00 750.50
178.50 755.98
179.00 750.31
179.50 853.93
180.00 791.01
180.50 873.88
181.00 823.84
181.50 655.24
182.00 717.67
182.50 713.98
183.00 727.11
183.50 713.97
184.00 747.31
184.50 706.70
185.00 694.47
185.50 722.65
186.00 637.95
186.50 777.79
187.00 784.43
187.50 850.83
188.00 722.39
188.50 660.67
189.00 722.19
189.50 892.87
190.00 794.01
190.50 673.13
191.00 647.59
191.50 840.96
192.00 692.50
192.50 700.94
193.00 753.35
193.50 712.13
194.00 706.50
194.50 682.83
195.00 759.55
195.50 699.98
196.00 788.62
196.50 653.33
197.00 753.38
197.50 605.93
198.00 250.51
198.50 638.28
199.00 397.77
199.50 701.96
200.00 757.89
200.50 865.67
201.00 823.89
201.50 668.38
202.00 900.00
202.50 485.03
203.00 297.64
203.50 781.87
204.00 715.14
204.50 867.54
205.00 867.75
205.50 844.65
206.00 819.80
206.50 819.61
207.00 840.24
207.50 869.02
208.00 663.67
208.50 837.97
209.00 757.50
209.50 131.30
210.00 403.90
210.50 729.85
211.00 569.86
211.50 703.20
212.00 721.21
212.50 769.88
213.00 769.22
213.50 738.10
214.00 797.19
214.50 718.41
215.00 714.61
215.50 796.33
216.00 768.33
216.50 761.06
217.00 698.86
217.50 710.62
218.00 733.51
218.50 743.60
219.00 772.56
219.50 745.65
220.00 724.83
220.50 738.74
221.00 733.30
221.50 774.23
222.00 730.03
222.50 769.34
223.00 780.78
223.50 479.72
224.00 703.11
224.50 721.51
225.00 482.84
225.50 699.22
226.00 673.44
226.50 822.92
227.00 695.89
227.50 588.47
228.00 373.67
228.50 300.78
229.00 794.93
229.50 341.01
230.00 453.32
230.50 9.12
231.00 398.68
231.50 535.94
232.00 730.87
232.50 741.90
233.00 729.04
233.50 767.98
234.00 839.62
234.50 648.62
235.00 731.71
235.50 360.57
236.00 396.27
236.50 30.17
237.00 0.00
237.50 16.65
238.00 4.05
238.50 1.28
239.00 0.00
239.50 838.73
240.00 727.33
240.50 775.22
241.00 725.58
241.50 809.20
242.00 857.00
242.50 659.39
243.00 767.36
243.50 765.00
244.00 874.40
244.50 855.15
245.00 825.15
245.50 709.99
246.00 839.44
246.50 701.42
247.00 723.42
247.50 757.01
248.00 702.64
248.50 694.80
249.00 725.48
249.50 744.82
250.00 718.31
250.50 861.54
251.00 761.98
251.50 741.06
252.00 696.78
252.50 736.31
253.00 702.21
253.50 699.33
254.00 615.67
254.50 751.96
255.00 840.30
255.50 900.00
256.00 809.01
256.50 796.73
257.00 840.13
257.50 714.99
258.00 781.68
258.50 719.50
259.00 803.54
259.50 879.76
260.00 687.75
260.50 731.43
261.00 822.53
261.50 836.17
262.00 888.62
262.50 676.14
263.00 703.11
263.50 789.41
264.00 775.83
264.50 840.61
265.00 682.56
265.50 897.18
266.00 783.73
266.50 675.58
267.00 709.77
267.50 693.39
268.00 681.01
268.50 733.35
269.00 750.61
269.50 739.02
270.00 677.52
270.50 771.77
271.00 819.76
271.50 888.84
272.00 688.33
272.50 693.97
273.00 718.86
273.50 841.06
274.00 752.29
274.50 849.93
275.00 857.98
275.50 849.34
276.00 824.19
276.50 829.90
277.00 833.04
277.50 771.67
278.00 871.27
278.50 479.41
279.00 674.04
279.50 798.90
280.00 845.37
280.50 856.15
281.00 746.03
281.50 730.43
282.00 759.20
282.50 737.44
283.00 775.34
283.50 707.64
284.00 694.41
284.50 743.55
285.00 773.79
285.50 743.12
286.00 707.93
286.50 849.18
287.00 814.79
287.50 822.34
288.00 821.22
288.50 877.03
289.00 706.88
289.50 751.02
290.00 699.81
290.50 861.95
291.00 856.95
291.50 851.47
292.00 381.72
292.50 0.00
293.00 0.00
293.50 727.39
294.00 675.30
294.50 738.26
295.00 714.47
295.50 783.76
296.00 223.78
296.50 707.27
297.00 752.64
297.50 852.91
298.00 697.85
298.50 684.53
299.00 724.63
299.50 557.45
