0.00 698.50
0.50 734.51
1.00 721.66
1.50 759.67
2.00 701.33
2.50 669.91
3.00 722.27
3.50 707.39
4.00 783.19
4.50 754.18
5.00 653.21
5.50 696.34
6.00 747.07
6.50 752.60
7.00 716.75
7.50 688.60
8.00 802.10
8.50 767.00
9.00 739.24
9.50 758.96
10.00 715.63
10.50 757.40
11.00 698.81
11.50 753.54
12.00 775.42
12.50 709.46
13.00 731.33
13.50 704.23
14.00 759.26
14.50 790.44
15.00 671.83
15.50 743.24
16.00 785.97
16.50 701.46
17.00 724.29
17.50 679.99
18.00 695.62
18.50 730.35
19.00 744.73
19.50 694.30
20.00 740.47
20.50 705.55
21.00 778.33
21.50 741.35
22.00 666.63
22.50 738.76
23.00 690.84
23.50 767.58
24.00 762.26
24.50 782.19
25.00 711.87
25.50 758.98
26.00 710.58
26.50 822.17
27.00 841.81
27.50 838.01
28.00 853.40
28.50 858.17
29.00 843.09
29.50 853.14
30.00 852.48
30.50 811.47
31.00 825.41
31.50 837.02
32.00 709.57
32.50 775.31
33.00 740.67
33.50 747.80
34.00 752.13
34.50 728.97
35.00 753.16
35.50 715.56
36.00 347.77
36.50 329.29
37.00 0.00
37.50 766.61
38.00 724.24
38.50 766.40
39.00 661.69
39.50 719.72
40.00 712.30
40.50 719.31
41.00 691.49
41.50 768.00
42.00 713.29
42.50 648.10
43.00 689.24
43.50 735.71
44.00 658.11
44.50 775.37
45.00 716.66
45.50 15.67
46.00 349.53
46.50 190.62
47.00 660.56
47.50 754.05
48.00 727.10
48.50 725.58
49.00 711.02
49.50 732.13
50.00 725.46
50.50 733.69
51.00 702.47
51.50 705.68
52.00 754.79
52.50 728.96
53.00 854.77
53.50 772.18
54.00 696.84
54.50 738.76
55.00 680.96
55.50 768.08
56.00 678.75
56.50 900.00
57.00 686.27
57.50 707.60
58.00 0.00
58.50 217.74
59.00 336.35
59.50 326.63
60.00 0.00
60.50 745.29
61.00 702.96
61.50 647.21
62.00 710.45
62.50 710.07
63.00 732.37
63.50 687.99
64.00 708.88
64.50 731.10
65.00 740.12
65.50 694.67
66.00 727.96
66.50 822.61
67.00 700.82
67.50 697.20
68.00 693.23
68.50 765.47
69.00 801.52
69.50 827.62
70.00 829.59
70.50 727.52
71.00 720.37
71.50 721.70
72.00 700.03
72.50 728.54
73.00 465.57
73.50 705.13
74.00 791.33
74.50 835.85
75.00 823.35
75.50 826.82
76.00 843.88
76.50 851.51
77.00 605.46
77.50 740.79
78.00 867.52
78.50 9.83
79.00 0.00
79.50 252.32
80.00 748.47
80.50 827.72
81.00 834.93
81.50 829.62
82.00 755.06
82.50 677.58
83.00 795.46
83.50 746.14
84.00 720.10
84.50 769.25
85.00 703.78
85.50 738.97
86.00 736.28
86.50 720.27
87.00 756.48
87.50 741.17
88.00 696.22
88.50 821.54
89.00 705.27
89.50 788.53
90.00 857.25
90.50 831.46
91.00 729.83
91.50 712.61
92.00 698.75
92.50 734.20
93.00 710.14
93.50 843.94
94.00 7.65
94.50 107.61
95.00 702.35
95.50 729.94
96.00 749.08
96.50 709.49
97.00 106.68
97.50 759.41
98.00 7.02
98.50 9.39
99.00 145.86
99.50 646.15
100.00 731.06
100.50 696.35
101.00 807.07
101.50 696.67
102.00 741.07
102.50 824.79
103.00 841.01
103.50 723.16
104.00 701.87
104.50 724.54
105.00 664.88
105.50 732.96
106.00 702.07
106.50 799.00
107.00 721.93
107.50 674.85
108.00 864.82
108.50 809.19
109.00 803.48
109.50 688.75
110.00 290.48
110.50 156.76
111.00 774.52
111.50 731.04
112.00 741.67
112.50 1.18
113.00 262.57
113.50 809.30
114.00 670.21
114.50 698.45
115.00 702.12
115.50 858.38
116.00 848.34
116.50 862.09
117.00 836.37
117.50 824.45
118.00 166.18
118.50 250.05
119.00 298.06
119.50 125.55
120.00 380.33
120.50 644.79
121.00 680.27
121.50 758.92
122.00 393.89
122.50 462.35
123.00 436.30
123.50 807.74
124.00 684.76
124.50 670.41
125.00 769.01
125.50 729.69
126.00 865.29
126.50 828.19
127.00 671.61
127.50 720.08
128.00 697.69
128.50 764.58
129.00 705.82
129.50 749.85
130.00 672.42
130.50 729.91
131.00 700.99
131.50 721.03
132.00 287.03
132.50 530.65
133.00 741.91
133.50 737.75
134.00 749.15
134.50 718.88
135.00 716.65
135.50 709.81
136.00 775.56
136.50 814.73
137.00 701.67
137.50 714.30
138.00 853.39
138.50 832.42
139.00 832.29
139.50 863.00
140.00 680.98
140.50 856.25
141.00 442.41
141.50 152.79
142.00 218.26
142.50 475.26
143.00 369.68
143.50 538.01
144.00 694.35
144.50 710.72
145.00 861.15
145.50 805.35
146.00 831.52
146.50 835.45
147.00 777.44
147.50 697.95
148.00 727.74
148.50 640.41
149.00 710.88
149.50 725.70
150.00 749.14
150.50 736.73
151.00 717.65
151.50 755.16
152.00 667.69
152.50 740.19
153.00 859.11
153.50 822.60
154.00 866.79
154.50 650.13
155.00 739.37
155.50 672.97
156.00 683.19
156.50 749.29
157.00 765.76
157.50 471.16
158.00 267.69
158.50 349.31
159.00 723.97
159.50 714.08
160.00 487.88
160.50 861.31
161.00 717.25
161.50 831.12
162.00 837.47
162.50 815.22
163.00 728.77
163.50 800.00
164.00 419.47
164.50 690.26
165.00 777.84
165.50 738.16
166.00 416.48
166.50 711.59
167.00 749.23
167.50 720.92
168.00 630.11
168.50 15.96
169.00 752.43
169.50 0.00
170.00 262.77
170.50 2.93
171.00 0.00
171.50 572.31
172.00 226.94
172.50 765.00
173.00 704.91
173.50 727.42
174.00 770.52
174.50 713.41
175.00 728.06
175.50 742.25
176.00 743.57
176.50 708.22
177.00 746.92
177.50 713.51
178.00 683.14
178.50 726.96
179.00 715.05
179.50 707.88
180.00 791.17
180.50 747.09
181.00 837.92
181.50 710.39
182.00 682.57
182.50 663.03
183.00 659.14
183.50 703.79
184.00 724.82
184.50 368.27
185.00 664.05
185.50 810.25
186.00 702.37
186.50 712.05
187.00 728.82
187.50 736.42
188.00 719.32
188.50 633.68
189.00 697.98
189.50 726.23
190.00 466.93
190.50 702.17
191.00 736.69
191.50 783.57
192.00 828.49
192.50 659.74
193.00 730.90
193.50 721.89
194.00 860.02
194.50 751.32
195.00 715.35
195.50 708.96
196.00 699.29
196.50 716.84
197.00 675.94
197.50 843.45
198.00 821.65
198.50 737.19
199.00 674.33
199.50 683.46
200.00 701.31
200.50 896.46
201.00 886.41
201.50 811.12
202.00 714.67
202.50 688.89
203.00 804.40
203.50 842.64
204.00 752.69
204.50 835.25
205.00 710.90
205.50 719.74
206.00 276.18
206.50 594.66
207.00 196.52
207.50 763.50
208.00 451.60
208.50 358.05
209.00 627.41
209.50 373.37
210.00 735.83
210.50 694.24
211.00 717.88
211.50 700.16
212.00 724.08
212.50 698.38
213.00 714.26
213.50 712.90
214.00 719.28
214.50 722.20
215.00 774.94
215.50 755.04
216.00 785.28
216.50 708.61
217.00 716.30
217.50 738.20
218.00 719.02
218.50 759.64
219.00 761.55
219.50 743.45
220.00 765.74
220.50 725.21
221.00 727.32
221.50 735.44
222.00 715.40
222.50 753.00
223.00 728.94
223.50 765.07
224.00 756.96
224.50 706.42
225.00 694.46
225.50 744.60
226.00 732.33
226.50 739.37
227.00 867.36
227.50 863.43
228.00 851.71
228.50 877.16
229.00 843.22
229.50 829.67
230.00 837.18
230.50 858.57
231.00 725.98
231.50 673.53
232.00 750.48
232.50 740.77
233.00 720.87
233.50 691.17
234.00 758.07
234.50 774.10
235.00 711.07
235.50 754.68
236.00 737.08
236.50 755.00
237.00 774.65
237.50 701.18
238.00 751.21
238.50 678.19
239.00 782.70
239.50 666.25
240.00 808.57
240.50 605.26
241.00 398.40
241.50 664.82
242.00 662.02
242.50 6.03
243.00 5.98
243.50 12.82
244.00 13.32
244.50 20.97
245.00 253.76
245.50 347.50
246.00 0.00
246.50 749.80
247.00 834.02
247.50 707.73
248.00 715.11
248.50 709.17
249.00 686.70
249.50 531.04
250.00 731.05
250.50 721.54
251.00 704.55
251.50 695.86
252.00 731.61
252.50 699.95
253.00 681.95
253.50 694.46
254.00 732.68
254.50 711.79
255.00 744.96
255.50 727.08
256.00 737.40
256.50 787.67
257.00 722.75
257.50 744.19
258.00 730.63
258.50 736.98
259.00 717.43
259.50 861.30
260.00 799.75
260.50 870.32
261.00 820.72
261.50 678.15
262.00 710.38
262.50 705.65
263.00 744.47
263.50 675.34
264.00 703.31
264.50 725.07
265.00 655.69
265.50 838.95
266.00 810.56
266.50 741.25
267.00 706.30
267.50 548.83
268.00 715.59
268.50 702.64
269.00 732.33
269.50 680.50
270.00 785.29
270.50 578.16
271.00 177.20
271.50 323.73
272.00 784.29
272.50 605.41
273.00 776.13
273.50 716.80
274.00 677.59
274.50 714.12
275.00 703.97
275.50 779.28
276.00 714.50
276.50 848.75
277.00 883.91
277.50 440.89
278.00 793.55
278.50 691.36
279.00 775.88
279.50 701.84
280.00 843.60
280.50 295.49
281.00 536.13
281.50 230.32
282.00 15.03
282.50 10.23
283.00 390.57
283.50 668.11
284.00 356.73
284.50 30.59
285.00 564.58
285.50 165.39
286.00 5.53
286.50 16.59
287.00 21.76
287.50 599.42
288.00 315.86
288.50 713.76
289.00 858.13
289.50 736.08
290.00 697.36
290.50 713.46
291.00 701.64
291.50 707.70
292.00 689.16
292.50 691.50
293.00 739.23
293.50 676.25
294.00 732.77
294.50 723.50
295.00 770.18
295.50 783.04
296.00 701.51
296.50 721.77
297.00 709.96
297.50 706.71
298.00 711.69
298.50 750.85
299.00 808.93
299.50 677.96
