0.00 722.89
0.50 718.26
1.00 748.84
1.50 741.38
2.00 716.38
2.50 707.57
3.00 774.79
3.50 752.97
4.00 767.25
4.50 703.79
5.00 769.63
5.50 757.89
6.00 719.93
6.50 366.39
7.00 600.89
7.50 692.63
8.00 711.36
8.50 711.48
9.00 748.44
9.50 687.09
10.00 717.45
10.50 841.39
11.00 832.39
11.50 812.25
12.00 845.69
12.50 845.61
13.00 741.11
13.50 270.84
14.00 9.44
14.50 27.50
15.00 23.92
15.50 543.60
16.00 519.99
16.50 812.85
17.00 792.20
17.50 878.29
18.00 855.72
18.50 847.75
19.00 714.37
19.50 332.66
20.00 27.84
20.50 34.13
21.00 816.18
21.50 732.73
22.00 710.51
22.50 147.27
23.00 252.29
23.50 4.69
24.00 748.25
24.50 699.01
25.00 701.75
25.50 537.88
26.00 710.94
26.50 700.70
27.00 738.18
27.50 792.09
28.00 733.82
28.50 683.58
29.00 747.34
29.50 701.61
30.00 767.33
30.50 767.80
31.00 747.45
31.50 674.62
32.00 760.61
32.50 899.63
33.00 805.97
33.50 710.66
34.00 727.47
34.50 799.37
35.00 726.70
35.50 649.49
36.00 835.11
36.50 819.48
37.00 701.14
37.50 705.73
38.00 900.00
38.50 870.98
39.00 743.31
39.50 747.10
40.00 714.65
40.50 744.28
41.00 727.44
41.50 758.37
42.00 679.47
42.50 798.69
43.00 707.59
43.50 854.92
44.00 692.55
44.50 703.63
45.00 793.61
45.50 692.02
46.00 682.57
46.50 674.79
47.00 806.37
47.50 898.86
48.00 703.56
48.50 392.03
49.00 598.36
49.50 695.35
50.00 732.56
50.50 732.37
51.00 713.42
51.50 746.19
52.00 744.03
52.50 794.22
53.00 723.43
53.50 785.08
54.00 722.66
54.50 706.12
55.00 782.44
55.50 774.64
56.00 767.06
56.50 728.06
57.00 808.50
57.50 740.64
58.00 688.84
58.50 695.63
59.00 769.01
59.50 662.16
60.00 723.45
60.50 752.58
61.00 717.47
61.50 785.41
62.00 682.60
62.50 696.93
63.00 742.23
63.50 692.34
64.00 27.70
64.50 4.99
65.00 315.62
65.50 767.38
66.00 688.44
66.50 722.22
67.00 747.92
67.50 735.34
68.00 714.81
68.50 775.48
69.00 750.31
69.50 769.66
70.00 763.02
70.50 721.11
71.00 730.20
71.50 722.48
72.00 740.85
72.50 713.34
73.00 764.47
73.50 783.63
74.00 781.93
74.50 742.95
75.00 764.44
75.50 725.75
76.00 745.85
76.50 722.72
77.00 743.62
77.50 723.03
78.00 699.55
78.50 725.16
79.00 746.53
79.50 769.02
80.00 695.41
80.50 776.81
81.00 712.01
81.50 747.70
82.00 764.10
82.50 755.84
83.00 685.87
83.50 730.25
84.00 769.09
84.50 754.78
85.00 678.61
85.50 760.06
86.00 850.42
86.50 768.83
87.00 697.52
87.50 701.05
88.00 712.45
88.50 719.79
89.00 772.44
89.50 695.51
90.00 693.69
90.50 741.17
91.00 712.81
91.50 738.90
92.00 731.13
92.50 755.81
93.00 774.47
93.50 715.13
94.00 716.91
94.50 812.37
95.00 658.12
95.50 866.56
96.00 829.15
96.50 854.70
97.00 879.74
97.50 836.30
98.00 846.53
98.50 736.40
99.00 764.17
99.50 534.64
100.00 416.65
100.50 283.49
101.00 638.98
101.50 760.50
102.00 781.68
102.50 845.27
103.00 830.26
103.50 837.24
104.00 851.23
104.50 843.54
105.00 818.25
105.50 318.73
106.00 873.15
106.50 707.02
107.00 693.93
107.50 747.90
108.00 724.56
108.50 765.41
109.00 728.09
109.50 701.66
110.00 370.88
110.50 20.62
111.00 4.06
111.50 12.01
112.00 738.76
112.50 785.54
113.00 794.10
113.50 704.25
114.00 736.47
114.50 730.16
115.00 712.71
115.50 731.33
116.00 753.82
116.50 738.34
117.00 694.27
117.50 764.13
118.00 736.37
118.50 711.72
119.00 688.42
119.50 743.64
120.00 719.04
120.50 730.58
121.00 713.34
121.50 710.61
122.00 738.15
122.50 776.94
123.00 722.24
123.50 721.53
124.00 714.52
124.50 725.35
125.00 758.26
125.50 802.59
126.00 733.08
126.50 701.08
127.00 746.16
127.50 720.12
128.00 697.51
128.50 757.33
129.00 718.87
129.50 755.93
130.00 738.91
130.50 854.86
131.00 738.89
131.50 794.22
132.00 751.02
132.50 818.23
133.00 773.37
133.50 712.77
134.00 672.74
134.50 720.44
135.00 785.13
135.50 695.93
136.00 711.17
136.50 814.83
137.00 740.34
137.50 787.14
138.00 615.85
138.50 691.44
139.00 832.36
139.50 775.81
140.00 683.22
140.50 716.29
141.00 736.58
141.50 719.19
142.00 720.15
142.50 704.17
143.00 731.11
143.50 425.12
144.00 0.00
144.50 747.48
145.00 805.04
145.50 222.41
146.00 747.16
146.50 693.27
147.00 690.81
147.50 696.58
148.00 720.72
148.50 650.45
149.00 275.08
149.50 732.47
150.00 767.88
150.50 794.67
151.00 769.52
151.50 807.49
152.00 720.00
152.50 733.79
153.00 847.30
153.50 832.60
154.00 574.71
154.50 540.98
155.00 791.44
155.50 688.39
156.00 767.17
156.50 799.62
157.00 732.40
157.50 769.81
158.00 731.64
158.50 328.34
159.00 600.75
159.50 723.74
160.00 651.90
160.50 722.23
161.00 752.97
161.50 601.57
162.00 520.14
162.50 735.92
163.00 756.24
163.50 721.57
164.00 714.51
164.50 723.30
165.00 728.43
165.50 791.65
166.00 707.28
166.50 774.25
167.00 674.13
167.50 827.59
168.00 856.16
168.50 744.16
169.00 782.13
169.50 767.58
170.00 786.06
170.50 741.97
171.00 753.24
171.50 745.02
172.00 719.08
172.50 696.29
173.00 789.65
173.50 718.66
174.00 684.89
174.50 808.39
175.00 720.81
175.50 742.89
176.00 728.46
176.50 697.21
177.00 736.50
177.50 774.56
178.00 771.74
178.50 688.03
179.00 784.05
179.50 665.42
180.00 731.19
180.50 744.16
181.00 709.00
181.50 677.09
182.00 726.53
182.50 723.52
183.00 758.26
183.50 770.43
184.00 740.63
184.50 717.94
185.00 711.28
185.50 781.07
186.00 715.51
186.50 729.89
187.00 737.36
187.50 739.23
188.00 746.35
188.50 723.55
189.00 718.68
189.50 756.70
190.00 691.75
190.50 743.18
191.00 728.65
191.50 693.68
192.00 724.14
192.50 750.76
193.00 704.14
193.50 704.62
194.00 707.93
194.50 705.95
195.00 708.79
195.50 773.20
196.00 834.04
196.50 796.74
197.00 867.62
197.50 742.97
198.00 686.21
198.50 739.07
199.00 694.22
199.50 652.37
200.00 719.05
200.50 788.98
201.00 736.09
201.50 707.81
202.00 786.46
202.50 747.80
203.00 739.58
203.50 744.96
204.00 722.83
204.50 798.44
205.00 727.88
205.50 723.29
206.00 716.21
206.50 750.35
207.00 715.82
207.50 745.86
208.00 734.82
208.50 708.33
209.00 761.41
209.50 742.14
210.00 761.05
210.50 685.93
211.00 787.31
211.50 702.89
212.00 761.77
212.50 720.62
213.00 828.35
213.50 693.86
214.00 802.58
214.50 490.43
215.00 862.03
215.50 720.15
216.00 825.18
216.50 854.22
217.00 820.46
217.50 845.52
218.00 813.31
218.50 864.12
219.00 816.11
219.50 846.74
220.00 822.40
220.50 835.69
221.00 850.66
221.50 837.05
222.00 865.30
222.50 834.16
223.00 857.22
223.50 866.54
224.00 822.31
224.50 820.39
225.00 830.78
225.50 835.50
226.00 699.19
226.50 728.45
227.00 783.72
227.50 725.20
228.00 754.21
228.50 735.66
229.00 677.47
229.50 728.86
230.00 713.14
230.50 700.78
231.00 740.80
231.50 833.74
232.00 829.44
232.50 614.55
233.00 739.39
233.50 725.96
234.00 160.85
234.50 298.67
235.00 707.08
235.50 320.35
236.00 761.80
236.50 733.16
237.00 776.18
237.50 767.67
238.00 723.97
238.50 743.83
239.00 751.23
239.50 712.34
240.00 731.50
240.50 717.47
241.00 726.74
241.50 693.43
242.00 734.49
242.50 772.51
243.00 627.05
243.50 676.12
244.00 722.65
244.50 365.07
245.00 194.32
245.50 6.90
246.00 334.18
246.50 729.61
247.00 699.29
247.50 731.27
248.00 706.42
248.50 758.35
249.00 733.51
249.50 777.94
250.00 752.32
250.50 260.97
251.00 747.07
251.50 762.87
252.00 721.85
252.50 706.76
253.00 768.84
253.50 754.97
254.00 758.92
254.50 710.77
255.00 747.35
255.50 742.81
256.00 725.58
256.50 785.52
257.00 772.81
257.50 710.18
258.00 749.77
258.50 754.74
259.00 719.94
259.50 758.65
260.00 758.29
260.50 758.87
261.00 731.07
261.50 752.19
262.00 52.12
262.50 800.58
263.00 694.91
263.50 764.82
264.00 12.75
264.50 0.76
265.00 519.65
265.50 16.37
266.00 875.95
266.50 781.13
267.00 769.58
267.50 184.01
268.00 782.45
268.50 699.31
269.00 717.55
269.50 780.04
270.00 849.64
270.50 857.77
271.00 835.69
271.50 779.38
272.00 756.69
272.50 749.07
273.00 733.60
273.50 0.00
274.00 10.52
274.50 8.41
275.00 20.97
275.50 18.53
276.00 6.67
276.50 421.02
277.00 615.77
277.50 568.85
278.00 732.58
278.50 676.66
279.00 733.49
279.50 527.71
280.00 4.57
280.50 14.36
281.00 4.73
281.50 546.49
282.00 760.22
282.50 827.80
283.00 855.12
283.50 870.79
284.00 854.87
284.50 825.80
285.00 835.04
285.50 870.88
286.00 836.33
286.50 867.98
287.00 841.58
287.50 861.57
288.00 800.91
288.50 681.17
289.00 715.45
289.50 153.64
290.00 389.11
290.50 731.36
291.00 667.00
291.50 170.30
292.00 12.63
292.50 12.78
293.00 316.18
293.50 256.64
294.00 500.83
294.50 799.59
295.00 721.03
295.50 706.02
296.00 810.81
296.50 713.94
297.00 798.86
297.50 548.28
298.00 16.00
298.50 8.11
299.00 668.20
299.50 9.16
