0.00 749.06
0.50 707.37
1.00 690.82
1.50 728.08
2.00 783.12
2.50 728.43
3.00 685.52
3.50 723.72
4.00 756.09
4.50 766.36
5.00 778.64
5.50 739.07
6.00 767.07
6.50 720.88
7.00 743.54
7.50 724.31
8.00 714.18
8.50 706.37
9.00 741.99
9.50 752.71
10.00 731.62
10.50 729.86
11.00 709.03
11.50 719.20
12.00 718.37
12.50 847.62
13.00 851.73
13.50 649.73
14.00 674.35
14.50 821.89
15.00 717.44
15.50 781.27
16.00 745.50
16.50 656.73
17.00 737.79
17.50 710.96
18.00 809.10
18.50 683.40
19.00 724.51
19.50 663.70
20.00 728.70
20.50 710.30
21.00 718.25
21.50 796.11
22.00 0.00
22.50 16.58
23.00 0.00
23.50 438.24
24.00 73.95
24.50 776.11
25.00 741.32
25.50 713.30
26.00 736.39
26.50 706.25
27.00 820.34
27.50 754.46
28.00 732.70
28.50 750.31
29.00 702.35
29.50 703.20
30.00 809.43
30.50 705.65
31.00 733.77
31.50 683.12
32.00 736.62
32.50 739.96
33.00 697.43
33.50 716.58
34.00 747.80
34.50 750.43
35.00 735.84
35.50 740.90
36.00 712.84
36.50 773.88
37.00 716.28
37.50 666.15
38.00 727.88
38.50 745.81
39.00 689.25
39.50 716.93
40.00 715.42
40.50 730.05
41.00 744.08
41.50 743.61
42.00 757.76
42.50 742.98
43.00 734.35
43.50 725.68
44.00 747.81
44.50 851.89
45.00 731.65
45.50 691.03
46.00 713.59
46.50 682.45
47.00 737.44
47.50 700.29
48.00 695.11
48.50 571.65
49.00 705.74
49.50 709.39
50.00 462.43
50.50 371.75
51.00 849.06
51.50 824.45
52.00 517.95
52.50 223.64
53.00 480.32
53.50 443.72
54.00 763.63
54.50 723.70
55.00 767.73
55.50 730.74
56.00 745.87
56.50 751.75
57.00 719.64
57.50 723.68
58.00 875.30
58.50 808.65
59.00 702.01
59.50 781.85
60.00 864.41
60.50 812.22
61.00 735.91
61.50 900.00
62.00 743.02
62.50 833.63
63.00 707.56
63.50 729.60
64.00 701.94
64.50 721.61
65.00 724.35
65.50 744.62
66.00 701.56
66.50 728.19
67.00 718.96
67.50 694.25
68.00 756.36
68.50 744.41
69.00 696.03
69.50 692.77
70.00 712.41
70.50 767.83
71.00 745.22
71.50 753.24
72.00 691.79
72.50 728.90
73.00 0.00
73.50 571.04
74.00 212.84
74.50 417.75
75.00 698.19
75.50 723.04
76.00 820.80
76.50 869.00
77.00 806.27
77.50 837.22
78.00 872.67
78.50 812.11
79.00 846.75
79.50 858.17
80.00 832.74
80.50 819.12
81.00 824.96
81.50 537.29
82.00 17.65
82.50 0.00
83.00 5.32
83.50 178.37
84.00 558.91
84.50 389.53
85.00 699.45
85.50 22.95
86.00 16.06
86.50 14.55
87.00 368.59
87.50 706.84
88.00 763.06
88.50 768.69
89.00 752.85
89.50 778.73
90.00 701.92
90.50 684.92
91.00 836.73
91.50 793.37
92.00 466.03
92.50 502.15
93.00 704.17
93.50 761.30
94.00 678.03
94.50 713.18
95.00 727.04
95.50 731.11
96.00 780.32
96.50 759.67
97.00 727.48
97.50 745.80
98.00 761.93
98.50 683.03
99.00 743.17
99.50 1.99
100.00 148.12
100.50 260.64
101.00 161.50
101.50 499.43
102.00 745.01
102.50 649.37
103.00 813.99
103.50 852.80
104.00 178.54
104.50 744.46
105.00 758.33
105.50 680.37
106.00 714.12
106.50 696.68
107.00 700.48
107.50 739.10
108.00 778.02
108.50 682.99
109.00 521.92
109.50 777.60
110.00 766.24
110.50 803.10
111.00 766.56
111.50 717.97
112.00 675.47
112.50 714.03
113.00 685.10
113.50 704.47
114.00 848.22
114.50 723.84
115.00 881.44
115.50 706.62
116.00 733.45
116.50 823.71
117.00 841.40
117.50 822.94
118.00 841.80
118.50 649.87
119.00 801.20
119.50 722.03
120.00 777.27
120.50 704.29
121.00 760.02
121.50 612.98
122.00 716.33
122.50 639.06
123.00 727.00
123.50 745.82
124.00 730.64
124.50 709.35
125.00 707.45
125.50 693.21
126.00 860.67
126.50 708.17
127.00 723.36
127.50 697.34
128.00 817.28
128.50 696.44
129.00 729.11
129.50 566.16
130.00 698.58
130.50 703.14
131.00 888.22
131.50 735.04
132.00 763.58
132.50 729.61
133.00 784.83
133.50 685.71
134.00 685.80
134.50 696.08
135.00 719.58
135.50 763.28
136.00 745.86
136.50 843.47
137.00 706.60
137.50 758.29
138.00 697.66
138.50 831.57
139.00 800.31
139.50 702.99
140.00 735.34
140.50 759.12
141.00 689.32
141.50 691.74
142.00 689.64
142.50 673.76
143.00 793.43
143.50 844.13
144.00 857.18
144.50 845.11
145.00 697.98
145.50 789.24
146.00 747.00
146.50 738.53
147.00 648.93
147.50 275.55
148.00 866.92
148.50 703.15
149.00 698.20
149.50 807.55
150.00 752.28
150.50 743.87
151.00 700.61
151.50 715.46
152.00 712.09
152.50 751.85
153.00 699.88
153.50 838.36
154.00 446.03
154.50 99.58
155.00 527.76
155.50 719.77
156.00 0.00
156.50 8.70
157.00 0.00
157.50 795.79
158.00 290.93
158.50 264.86
159.00 717.43
159.50 769.30
160.00 740.72
160.50 838.18
161.00 240.37
161.50 708.37
162.00 723.80
162.50 668.26
163.00 781.45
163.50 721.05
164.00 0.00
164.50 813.54
165.00 842.93
165.50 624.30
166.00 711.81
166.50 667.24
167.00 736.35
167.50 845.54
168.00 227.54
168.50 721.97
169.00 743.33
169.50 800.12
170.00 780.48
170.50 747.26
171.00 733.31
171.50 790.60
172.00 724.47
172.50 751.29
173.00 726.34
173.50 714.44
174.00 767.16
174.50 801.12
175.00 779.92
175.50 807.77
176.00 731.64
176.50 802.75
177.00 693.88
177.50 713.38
178.00 803.53
178.50 671.77
179.00 712.10
179.50 707.32
180.00 417.04
180.50 725.85
181.00 736.17
181.50 715.35
182.00 665.87
182.50 690.59
183.00 853.48
183.50 732.89
184.00 755.74
184.50 762.74
185.00 706.97
185.50 698.66
186.00 750.44
186.50 809.63
187.00 714.85
187.50 702.34
188.00 843.67
188.50 772.03
189.00 733.75
189.50 719.36
190.00 667.31
190.50 697.92
191.00 745.46
191.50 644.41
192.00 729.51
192.50 735.24
193.00 691.61
193.50 693.78
194.00 748.64
194.50 739.41
195.00 706.90
195.50 772.50
196.00 751.54
196.50 731.59
197.00 786.77
197.50 730.27
198.00 738.68
198.50 713.02
199.00 709.21
199.50 192.83
200.00 170.18
200.50 627.45
201.00 29.06
201.50 31.12
202.00 35.87
202.50 544.70
203.00 745.19
203.50 33.61
204.00 148.95
204.50 459.03
205.00 619.28
205.50 178.15
206.00 742.17
206.50 667.36
207.00 135.68
207.50 860.73
208.00 844.77
208.50 843.05
209.00 816.67
209.50 843.10
210.00 681.00
210.50 663.88
211.00 711.88
211.50 760.24
212.00 704.41
212.50 764.88
213.00 727.36
213.50 740.14
214.00 803.30
214.50 748.01
215.00 748.43
215.50 696.07
216.00 818.18
216.50 627.68
217.00 0.00
217.50 13.49
218.00 0.00
218.50 24.14
219.00 0.00
219.50 0.00
220.00 14.60
220.50 14.23
221.00 432.62
221.50 760.67
222.00 777.93
222.50 615.66
223.00 187.29
223.50 746.14
224.00 760.97
224.50 253.88
225.00 795.60
225.50 763.87
226.00 737.63
226.50 720.65
227.00 685.29
227.50 750.45
228.00 697.70
228.50 845.15
229.00 856.31
229.50 706.66
230.00 716.48
230.50 883.54
231.00 831.62
231.50 837.36
232.00 739.88
232.50 712.78
233.00 849.76
233.50 839.49
234.00 703.87
234.50 716.24
235.00 744.99
235.50 743.25
236.00 802.31
236.50 746.79
237.00 694.56
237.50 727.47
238.00 686.34
238.50 708.31
239.00 724.33
239.50 759.82
240.00 584.77
240.50 11.42
241.00 0.83
241.50 0.00
242.00 2.71
242.50 20.34
243.00 0.00
243.50 556.82
244.00 704.11
244.50 724.20
245.00 731.49
245.50 728.88
246.00 661.72
246.50 684.99
247.00 678.62
247.50 711.99
248.00 715.36
248.50 732.48
249.00 708.18
249.50 859.96
250.00 853.21
250.50 833.30
251.00 407.56
251.50 1.96
252.00 677.70
252.50 146.34
253.00 330.02
253.50 702.06
254.00 651.85
254.50 736.02
255.00 770.04
255.50 852.79
256.00 875.32
256.50 816.65
257.00 851.92
257.50 697.42
258.00 228.26
258.50 597.01
259.00 331.02
259.50 25.33
260.00 229.53
260.50 5.20
261.00 534.52
261.50 313.61
262.00 0.00
262.50 0.00
263.00 8.12
263.50 18.46
264.00 848.81
264.50 714.78
265.00 855.28
265.50 796.09
266.00 757.56
266.50 672.71
267.00 9.96
267.50 27.05
268.00 1.44
268.50 0.00
269.00 19.04
269.50 0.00
270.00 198.85
270.50 762.03
271.00 85.50
271.50 734.13
272.00 634.32
272.50 766.11
273.00 743.89
273.50 840.40
274.00 833.10
274.50 804.92
275.00 689.70
275.50 229.78
276.00 726.35
276.50 829.73
277.00 844.31
277.50 852.31
278.00 847.83
278.50 828.93
279.00 856.37
279.50 737.13
280.00 715.21
280.50 761.32
281.00 744.74
281.50 748.23
282.00 748.23
282.50 731.35
283.00 712.96
283.50 719.73
284.00 686.28
284.50 714.29
285.00 716.73
285.50 678.80
286.00 704.17
286.50 733.68
287.00 702.79
287.50 788.52
288.00 749.31
288.50 708.50
289.00 831.92
289.50 882.60
290.00 732.16
290.50 722.47
291.00 745.00
291.50 751.38
292.00 703.59
292.50 727.89
293.00 425.67
293.50 360.90
294.00 701.48
294.50 749.31
295.00 841.41
295.50 885.68
296.00 712.02
296.50 710.01
297.00 792.39
297.50 719.74
298.00 833.87
298.50 707.41
299.00 785.11
299.50 699.46
