0.00 725.12
0.50 16.97
1.00 0.40
1.50 339.70
2.00 141.05
2.50 727.24
3.00 668.92
3.50 734.18
4.00 780.21
4.50 740.35
5.00 790.11
5.50 845.55
6.00 822.89
6.50 858.01
7.00 844.02
7.50 718.24
8.00 827.02
8.50 798.15
9.00 760.20
9.50 748.90
10.00 747.93
10.50 702.14
11.00 722.55
11.50 825.69
12.00 684.68
12.50 752.63
13.00 695.66
13.50 705.17
14.00 758.87
14.50 742.97
15.00 762.82
15.50 749.81
16.00 701.00
16.50 699.47
17.00 728.10
17.50 720.63
18.00 696.83
18.50 694.34
19.00 730.33
19.50 760.23
20.00 726.44
20.50 700.51
21.00 700.44
21.50 658.98
22.00 746.74
22.50 721.43
23.00 749.77
23.50 731.66
24.00 799.86
24.50 727.66
25.00 704.76
25.50 804.38
26.00 688.15
26.50 739.03
27.00 741.88
27.50 646.71
28.00 710.37
28.50 790.65
29.00 761.57
29.50 791.71
30.00 835.95
30.50 826.61
31.00 873.76
31.50 766.65
32.00 719.72
32.50 713.83
33.00 734.91
33.50 698.23
34.00 13.40
34.50 706.55
35.00 743.90
35.50 803.30
36.00 798.88
36.50 743.11
37.00 675.00
37.50 744.45
38.00 780.31
38.50 752.38
39.00 696.47
39.50 768.30
40.00 711.45
40.50 722.30
41.00 734.61
41.50 742.90
42.00 720.33
42.50 764.17
43.00 675.18
43.50 695.80
44.00 745.40
44.50 770.08
45.00 740.27
45.50 797.46
46.00 757.28
46.50 696.37
47.00 725.82
47.50 709.52
48.00 777.48
48.50 698.42
49.00 707.46
49.50 705.55
50.00 728.38
50.50 700.21
51.00 799.52
51.50 158.02
52.00 725.61
52.50 717.25
53.00 718.00
53.50 710.05
54.00 728.52
54.50 701.11
55.00 757.28
55.50 718.67
56.00 702.51
56.50 800.52
57.00 659.14
57.50 732.58
58.00 752.45
58.50 767.06
59.00 691.92
59.50 751.45
60.00 733.84
60.50 792.45
61.00 716.91
61.50 659.87
62.00 842.89
62.50 754.57
63.00 771.36
63.50 719.36
64.00 700.24
64.50 761.39
65.00 504.40
65.50 473.77
66.00 409.40
66.50 706.38
67.00 711.04
67.50 718.12
68.00 704.37
68.50 686.13
69.00 720.44
69.50 855.87
70.00 694.99
70.50 703.53
71.00 780.88
71.50 774.61
72.00 601.89
72.50 723.78
73.00 688.75
73.50 706.23
74.00 724.62
74.50 716.55
75.00 732.82
75.50 756.43
76.00 715.04
76.50 811.86
77.00 892.16
77.50 829.56
78.00 731.22
78.50 790.22
79.00 663.67
79.50 697.77
80.00 700.78
80.50 833.37
81.00 841.43
81.50 839.17
82.00 854.38
82.50 407.18
83.00 421.07
83.50 278.52
84.00 462.17
84.50 782.70
85.00 509.09
85.50 411.38
86.00 206.00
86.50 468.40
87.00 757.70
87.50 764.88
88.00 812.23
88.50 830.43
89.00 473.41
89.50 339.31
90.00 516.92
90.50 873.28
91.00 816.30
91.50 842.25
92.00 821.58
92.50 882.80
93.00 793.97
93.50 720.90
94.00 728.76
94.50 743.79
95.00 744.14
95.50 0.00
96.00 423.20
96.50 201.34
97.00 0.00
97.50 11.99
98.00 412.87
98.50 765.16
99.00 782.36
99.50 726.44
100.00 757.91
100.50 751.96
101.00 726.02
101.50 687.31
102.00 755.92
102.50 875.17
103.00 819.80
103.50 800.62
104.00 835.85
104.50 839.40
105.00 781.17
105.50 768.82
106.00 751.12
106.50 720.62
107.00 727.09
107.50 743.50
108.00 766.52
108.50 713.26
109.00 745.92
109.50 690.84
110.00 668.04
110.50 760.96
111.00 792.04
111.50 684.10
112.00 717.43
112.50 885.72
113.00 702.36
113.50 730.78
114.00 810.20
114.50 770.15
115.00 710.10
115.50 725.76
116.00 710.27
116.50 754.01
117.00 693.12
117.50 715.28
118.00 692.20
118.50 673.06
119.00 607.86
119.50 693.31
120.00 754.86
120.50 842.53
121.00 654.41
121.50 678.29
122.00 706.17
122.50 818.28
123.00 718.13
123.50 228.15
124.00 746.61
124.50 755.96
125.00 673.33
125.50 697.05
126.00 741.06
126.50 729.62
127.00 747.47
127.50 751.15
128.00 738.90
128.50 688.21
129.00 758.77
129.50 764.26
130.00 706.02
130.50 681.69
131.00 698.64
131.50 735.93
132.00 751.56
132.50 722.33
133.00 757.47
133.50 767.05
134.00 686.10
134.50 691.13
135.00 723.78
135.50 773.06
136.00 696.62
136.50 726.66
137.00 747.71
137.50 696.66
138.00 689.80
138.50 732.42
139.00 722.74
139.50 728.30
140.00 753.29
140.50 749.36
141.00 682.40
141.50 682.39
142.00 691.95
142.50 740.04
143.00 719.81
143.50 704.52
144.00 668.76
144.50 753.92
145.00 775.52
145.50 714.28
146.00 806.84
146.50 757.16
147.00 785.93
147.50 690.73
148.00 762.83
148.50 737.38
149.00 703.67
149.50 819.25
150.00 854.53
150.50 859.71
151.00 409.77
151.50 302.44
152.00 170.73
152.50 788.53
153.00 736.00
153.50 703.22
154.00 767.70
154.50 122.32
155.00 15.69
155.50 900.00
156.00 2.07
156.50 10.68
157.00 20.59
157.50 523.06
158.00 70.68
158.50 627.04
159.00 727.64
159.50 725.85
160.00 758.91
160.50 713.78
161.00 758.09
161.50 763.16
162.00 730.98
162.50 753.82
163.00 722.64
163.50 722.56
164.00 756.46
164.50 716.62
165.00 751.49
165.50 726.20
166.00 743.14
166.50 743.45
167.00 718.36
167.50 677.86
168.00 712.85
168.50 677.85
169.00 759.78
169.50 734.94
170.00 751.80
170.50 640.49
171.00 700.55
171.50 776.53
172.00 760.20
172.50 732.36
173.00 673.93
173.50 742.39
174.00 719.10
174.50 705.79
175.00 725.68
175.50 271.62
176.00 693.99
176.50 751.24
177.00 739.98
177.50 697.42
178.00 766.20
178.50 845.96
179.00 850.10
179.50 865.24
180.00 695.38
180.50 674.08
181.00 708.91
181.50 758.37
182.00 748.19
182.50 741.13
183.00 815.69
183.50 737.21
184.00 875.39
184.50 754.99
185.00 732.09
185.50 715.85
186.00 848.00
186.50 748.52
187.00 859.81
187.50 839.21
188.00 824.57
188.50 829.33
189.00 821.74
189.50 624.38
190.00 804.77
190.50 735.61
191.00 827.41
191.50 872.24
192.00 847.40
192.50 812.67
193.00 687.38
193.50 750.55
194.00 760.16
194.50 716.97
195.00 721.99
195.50 736.53
196.00 798.26
196.50 568.99
197.00 710.42
197.50 722.96
198.00 347.72
198.50 309.19
199.00 707.40
199.50 822.66
200.00 713.54
200.50 736.35
201.00 753.82
201.50 712.34
202.00 764.71
202.50 702.10
203.00 831.74
203.50 723.95
204.00 734.57
204.50 701.84
205.00 781.38
205.50 804.13
206.00 709.68
206.50 718.66
207.00 802.84
207.50 737.71
208.00 746.52
208.50 687.55
209.00 722.09
209.50 767.43
210.00 738.48
210.50 680.88
211.00 721.91
211.50 747.06
212.00 734.11
212.50 741.12
213.00 779.25
213.50 770.54
214.00 731.58
214.50 697.13
215.00 582.03
215.50 723.22
216.00 764.02
216.50 730.47
217.00 868.26
217.50 799.18
218.00 672.31
218.50 681.71
219.00 793.69
219.50 523.62
220.00 67.71
220.50 15.49
221.00 5.25
221.50 86.89
222.00 792.18
222.50 777.98
223.00 793.56
223.50 182.78
224.00 319.31
224.50 722.33
225.00 770.73
225.50 684.92
226.00 731.27
226.50 741.79
227.00 726.97
227.50 708.11
228.00 744.57
228.50 683.61
229.00 734.55
229.50 699.26
230.00 746.31
230.50 720.59
231.00 722.31
231.50 686.28
232.00 697.47
232.50 397.85
233.00 827.33
233.50 746.36
234.00 751.27
234.50 731.53
235.00 714.33
235.50 727.33
236.00 778.76
236.50 778.27
237.00 824.54
237.50 708.37
238.00 713.95
238.50 717.64
239.00 697.37
239.50 686.83
240.00 614.15
240.50 713.85
241.00 730.75
241.50 740.55
242.00 706.65
242.50 741.85
243.00 675.91
243.50 741.45
244.00 728.23
244.50 725.19
245.00 736.31
245.50 765.55
246.00 821.30
246.50 819.57
247.00 866.89
247.50 723.45
248.00 723.29
248.50 791.87
249.00 796.04
249.50 704.78
250.00 741.57
250.50 733.20
251.00 750.86
251.50 745.50
252.00 740.88
252.50 744.46
253.00 721.34
253.50 696.79
254.00 671.15
254.50 686.12
255.00 309.02
255.50 301.07
256.00 406.63
256.50 677.66
257.00 700.77
257.50 749.40
258.00 757.25
258.50 736.57
259.00 738.91
259.50 758.39
260.00 704.78
260.50 628.27
261.00 900.00
261.50 705.24
262.00 715.32
262.50 731.97
263.00 705.28
263.50 791.61
264.00 779.30
264.50 696.73
265.00 712.98
265.50 701.00
266.00 698.04
266.50 686.44
267.00 702.32
267.50 816.71
268.00 700.07
268.50 837.59
269.00 746.98
269.50 704.19
270.00 704.30
270.50 709.53
271.00 716.34
271.50 847.88
272.00 615.78
272.50 697.75
273.00 802.45
273.50 700.65
274.00 665.36
274.50 677.71
275.00 688.74
275.50 667.37
276.00 767.88
276.50 775.77
277.00 689.10
277.50 746.50
278.00 721.70
278.50 719.74
279.00 705.58
279.50 720.82
280.00 713.75
280.50 741.92
281.00 783.20
281.50 826.44
282.00 739.92
282.50 782.07
283.00 722.39
283.50 792.19
284.00 710.08
284.50 700.92
285.00 682.53
285.50 662.12
286.00 755.78
286.50 812.34
287.00 773.95
287.50 723.84
288.00 811.27
288.50 681.26
289.00 686.48
289.50 707.54
290.00 717.40
290.50 670.42
291.00 738.89
291.50 412.17
292.00 531.55
292.50 605.02
293.00 0.00
293.50 837.31
294.00 900.00
294.50 699.70
295.00 695.41
295.50 781.65
296.00 817.99
296.50 700.06
297.00 807.01
297.50 714.49
298.00 721.88
298.50 706.47
299.00 725.39
299.50 728.21
