0.00 711.04
0.50 776.40
1.00 735.29
1.50 727.51
2.00 770.73
2.50 675.39
3.00 711.91
3.50 707.22
4.00 680.15
4.50 729.65
5.00 827.12
5.50 777.54
6.00 829.90
6.50 884.96
7.00 815.88
7.50 783.95
8.00 8.37
8.50 1.79
9.00 555.48
9.50 652.98
10.00 679.66
10.50 757.20
11.00 442.04
11.50 374.21
12.00 418.11
12.50 748.23
13.00 395.69
13.50 426.73
14.00 335.32
14.50 357.84
15.00 765.69
15.50 722.88
16.00 799.15
16.50 767.77
17.00 254.53
17.50 479.63
18.00 649.87
18.50 318.51
19.00 712.36
19.50 0.00
20.00 707.57
20.50 441.36
21.00 718.37
21.50 839.05
22.00 687.34
22.50 433.43
23.00 470.83
23.50 700.25
24.00 857.02
24.50 771.24
25.00 748.64
25.50 748.52
26.00 780.58
26.50 816.46
27.00 728.42
27.50 257.92
28.00 716.98
28.50 738.05
29.00 754.03
29.50 845.77
30.00 862.27
30.50 824.35
31.00 862.54
31.50 805.89
32.00 862.73
32.50 810.06
33.00 767.52
33.50 820.36
34.00 688.96
34.50 778.03
35.00 707.88
35.50 727.70
36.00 742.43
36.50 819.65
37.00 746.27
37.50 19.39
38.00 619.91
38.50 5.25
39.00 9.59
39.50 700.92
40.00 700.41
40.50 734.00
41.00 720.10
41.50 691.23
42.00 752.72
42.50 700.69
43.00 773.13
43.50 716.87
44.00 726.74
44.50 726.84
45.00 881.30
45.50 716.00
46.00 695.34
46.50 762.73
47.00 745.89
47.50 686.68
48.00 665.35
48.50 501.86
49.00 699.03
49.50 685.51
50.00 714.60
50.50 869.92
51.00 722.35
51.50 711.29
52.00 702.72
52.50 793.94
53.00 722.22
53.50 755.35
54.00 774.20
54.50 25.61
55.00 21.18
55.50 336.96
56.00 636.11
56.50 246.57
57.00 369.69
57.50 424.98
58.00 715.84
58.50 460.59
59.00 304.88
59.50 636.37
60.00 694.81
60.50 699.60
61.00 775.92
61.50 751.66
62.00 769.66
62.50 746.41
63.00 823.06
63.50 826.45
64.00 623.50
64.50 0.00
65.00 198.04
65.50 811.65
66.00 801.66
66.50 690.41
67.00 745.03
67.50 744.06
68.00 735.98
68.50 753.43
69.00 769.13
69.50 763.61
70.00 422.51
70.50 17.12
71.00 394.66
71.50 322.02
72.00 756.74
72.50 697.62
73.00 747.16
73.50 824.50
74.00 827.48
74.50 846.79
75.00 855.64
75.50 829.75
76.00 835.42
76.50 851.25
77.00 897.40
77.50 819.49
78.00 835.48
78.50 880.77
79.00 728.12
79.50 683.12
80.00 826.02
80.50 855.48
81.00 854.36
81.50 864.18
82.00 697.55
82.50 73.44
83.00 712.48
83.50 700.20
84.00 780.51
84.50 768.12
85.00 683.34
85.50 704.10
86.00 717.63
86.50 812.28
87.00 813.25
87.50 209.79
88.00 438.31
88.50 641.48
89.00 742.90
89.50 706.67
90.00 685.10
90.50 855.67
91.00 655.15
91.50 713.73
92.00 693.55
92.50 695.47
93.00 830.92
93.50 580.58
94.00 516.47
94.50 2.74
95.00 510.08
95.50 736.57
96.00 685.61
96.50 680.60
97.00 758.11
97.50 687.00
98.00 635.87
98.50 687.52
99.00 707.99
99.50 543.20
100.00 714.57
100.50 844.78
101.00 787.14
101.50 797.71
102.00 884.90
102.50 760.30
103.00 718.02
103.50 732.10
104.00 526.55
104.50 900.00
105.00 797.03
105.50 745.48
106.00 744.82
106.50 708.43
107.00 718.94
107.50 812.13
108.00 752.21
108.50 777.07
109.00 731.68
109.50 698.08
110.00 727.37
110.50 823.19
111.00 701.28
111.50 675.07
112.00 728.40
112.50 303.06
113.00 706.66
113.50 745.97
114.00 718.52
114.50 899.68
115.00 773.06
115.50 727.85
116.00 720.33
116.50 709.38
117.00 736.72
117.50 718.96
118.00 697.41
118.50 733.46
119.00 713.45
119.50 703.75
120.00 730.59
120.50 765.86
121.00 795.61
121.50 727.92
122.00 839.71
122.50 832.34
123.00 900.00
123.50 797.68
124.00 692.88
124.50 719.97
125.00 744.47
125.50 686.22
126.00 734.40
126.50 683.79
127.00 712.01
127.50 779.76
128.00 787.86
128.50 747.29
129.00 741.01
129.50 737.63
130.00 687.18
130.50 704.16
131.00 730.07
131.50 713.23
132.00 717.87
132.50 694.33
133.00 709.67
133.50 764.01
134.00 722.19
134.50 732.48
135.00 719.29
135.50 752.05
136.00 770.27
136.50 653.78
137.00 791.49
137.50 725.09
138.00 748.86
138.50 734.20
139.00 758.25
139.50 716.25
140.00 262.17
140.50 0.00
141.00 2.89
141.50 0.00
142.00 722.41
142.50 717.63
143.00 748.01
143.50 863.13
144.00 841.15
144.50 824.33
145.00 722.33
145.50 776.41
146.00 720.99
146.50 709.68
147.00 710.84
147.50 724.48
148.00 712.44
148.50 728.93
149.00 697.44
149.50 755.68
150.00 856.66
150.50 683.04
151.00 723.60
151.50 728.17
152.00 729.24
152.50 765.03
153.00 732.04
153.50 777.31
154.00 757.93
154.50 740.64
155.00 718.23
155.50 700.44
156.00 780.92
156.50 704.61
157.00 741.62
157.50 702.71
158.00 714.16
158.50 752.08
159.00 745.89
159.50 674.15
160.00 715.80
160.50 853.00
161.00 812.67
161.50 798.32
162.00 691.56
162.50 737.99
163.00 786.71
163.50 801.98
164.00 736.54
164.50 753.50
165.00 735.89
165.50 783.24
166.00 841.24
166.50 698.84
167.00 773.33
167.50 736.30
168.00 713.67
168.50 727.11
169.00 309.99
169.50 641.62
170.00 27.19
170.50 754.52
171.00 594.85
171.50 748.77
172.00 668.20
172.50 711.59
173.00 791.43
173.50 363.67
174.00 295.32
174.50 71.79
175.00 726.21
175.50 731.82
176.00 716.90
176.50 253.36
177.00 752.38
177.50 745.27
178.00 757.69
178.50 723.80
179.00 705.02
179.50 747.82
180.00 842.61
180.50 813.29
181.00 842.81
181.50 851.28
182.00 698.72
182.50 734.26
183.00 349.50
183.50 105.95
184.00 724.34
184.50 654.47
185.00 714.42
185.50 725.71
186.00 751.85
186.50 827.25
187.00 701.02
187.50 763.66
188.00 675.00
188.50 741.32
189.00 790.34
189.50 723.48
190.00 700.38
190.50 751.43
191.00 711.23
191.50 737.64
192.00 741.60
192.50 713.42
193.00 689.54
193.50 673.61
194.00 755.92
194.50 776.90
195.00 747.57
195.50 734.07
196.00 817.53
196.50 835.71
197.00 880.98
197.50 715.15
198.00 179.25
198.50 675.62
199.00 747.84
199.50 858.46
200.00 492.99
200.50 740.57
201.00 709.85
201.50 691.85
202.00 687.08
202.50 716.66
203.00 728.06
203.50 786.65
204.00 759.86
204.50 674.06
205.00 712.41
205.50 663.47
206.00 756.70
206.50 707.01
207.00 891.37
207.50 788.76
208.00 706.03
208.50 692.09
209.00 726.15
209.50 751.96
210.00 735.38
210.50 693.94
211.00 817.45
211.50 723.58
212.00 770.15
212.50 701.72
213.00 776.14
213.50 676.55
214.00 862.89
214.50 744.88
215.00 800.06
215.50 778.11
216.00 747.21
216.50 733.94
217.00 861.99
217.50 736.41
218.00 650.98
218.50 748.48
219.00 698.46
219.50 754.41
220.00 797.51
220.50 784.48
221.00 745.69
221.50 721.87
222.00 730.95
222.50 795.93
223.00 734.53
223.50 691.87
224.00 782.81
224.50 751.25
225.00 744.47
225.50 715.90
226.00 788.92
226.50 736.56
227.00 759.58
227.50 820.56
228.00 871.96
228.50 860.42
229.00 739.42
229.50 714.53
230.00 896.83
230.50 722.74
231.00 701.38
231.50 674.72
232.00 702.52
232.50 744.20
233.00 708.06
233.50 727.15
234.00 757.77
234.50 793.95
235.00 704.34
235.50 711.18
236.00 754.61
236.50 691.20
237.00 736.40
237.50 724.56
238.00 744.13
238.50 727.47
239.00 207.04
239.50 466.04
240.00 697.97
240.50 717.05
241.00 768.22
241.50 811.71
242.00 761.76
242.50 730.25
243.00 463.61
243.50 806.95
244.00 725.54
244.50 715.79
245.00 840.94
245.50 419.42
246.00 703.07
246.50 724.49
247.00 858.36
247.50 706.70
248.00 705.47
248.50 774.40
249.00 739.10
249.50 798.15
250.00 800.91
250.50 760.55
251.00 724.10
251.50 770.67
252.00 767.08
252.50 861.10
253.00 844.09
253.50 725.18
254.00 737.96
254.50 735.30
255.00 711.04
255.50 840.34
256.00 591.94
256.50 464.68
257.00 704.66
257.50 814.88
258.00 844.75
258.50 743.44
259.00 741.87
259.50 853.71
260.00 674.10
260.50 855.09
261.00 781.69
261.50 870.97
262.00 674.95
262.50 770.79
263.00 822.93
263.50 776.96
264.00 716.13
264.50 679.52
265.00 732.81
265.50 724.29
266.00 612.52
266.50 769.99
267.00 235.93
267.50 783.72
268.00 743.32
268.50 770.08
269.00 720.33
269.50 762.46
270.00 840.13
270.50 673.13
271.00 715.60
271.50 805.65
272.00 679.48
272.50 829.73
273.00 822.89
273.50 716.46
274.00 730.47
274.50 774.29
275.00 0.00
275.50 741.22
276.00 716.45
276.50 816.10
277.00 696.30
277.50 770.18
278.00 681.61
278.50 550.55
279.00 410.38
279.50 780.37
280.00 687.62
280.50 900.00
281.00 854.97
281.50 823.28
282.00 839.61
282.50 772.33
283.00 610.45
283.50 683.57
284.00 900.00
284.50 712.16
285.00 694.61
285.50 705.04
286.00 684.84
286.50 786.33
287.00 760.68
287.50 726.89
288.00 746.12
288.50 815.71
289.00 773.87
289.50 682.59
290.00 752.83
290.50 722.38
291.00 705.39
291.50 716.02
292.00 727.98
292.50 701.35
293.00 756.84
293.50 737.88
294.00 798.05
294.50 821.79
295.00 718.11
295.50 725.14
296.00 747.45
296.50 715.80
297.00 694.54
297.50 779.63
298.00 756.19
298.50 786.69
299.00 748.35
299.50 723.23
