0.00 699.25
0.50 734.10
1.00 775.53
1.50 829.36
2.00 877.91
2.50 874.80
3.00 823.39
3.50 833.21
4.00 127.24
4.50 673.31
5.00 679.78
5.50 675.40
6.00 768.38
6.50 764.25
7.00 718.22
7.50 781.64
8.00 665.92
8.50 843.89
9.00 745.63
9.50 764.69
10.00 740.48
10.50 751.04
11.00 730.81
11.50 848.07
12.00 855.64
12.50 806.99
13.00 850.50
13.50 720.80
14.00 682.08
14.50 704.34
15.00 674.91
15.50 744.67
16.00 719.57
16.50 704.05
17.00 741.64
17.50 714.07
18.00 684.41
18.50 732.90
19.00 713.11
19.50 774.87
20.00 725.35
20.50 710.55
21.00 756.52
21.50 704.00
22.00 694.99
22.50 737.42
23.00 702.86
23.50 864.84
24.00 820.63
24.50 572.20
25.00 423.44
25.50 435.68
26.00 344.37
26.50 225.42
27.00 374.95
27.50 260.12
28.00 373.95
28.50 604.13
29.00 768.46
29.50 181.56
30.00 371.66
30.50 723.50
31.00 734.03
31.50 723.55
32.00 757.14
32.50 753.68
33.00 701.15
33.50 744.97
34.00 762.91
34.50 676.52
35.00 753.58
35.50 741.62
36.00 10.52
36.50 254.38
37.00 545.09
37.50 0.00
38.00 19.76
38.50 16.68
39.00 385.43
39.50 0.58
40.00 0.00
40.50 469.31
41.00 783.68
41.50 869.95
42.00 759.15
42.50 705.04
43.00 546.01
43.50 420.00
44.00 771.82
44.50 696.39
45.00 802.23
45.50 822.11
46.00 857.67
46.50 779.94
47.00 716.46
47.50 752.06
48.00 719.48
48.50 781.52
49.00 703.98
49.50 717.33
50.00 779.68
50.50 870.48
51.00 706.78
51.50 880.53
52.00 678.17
52.50 708.72
53.00 836.10
53.50 720.94
54.00 713.50
54.50 726.75
55.00 796.85
55.50 900.00
56.00 696.58
56.50 672.19
57.00 819.94
57.50 775.28
58.00 708.89
58.50 691.32
59.00 747.72
59.50 900.00
60.00 874.27
60.50 811.78
61.00 767.00
61.50 689.27
62.00 743.54
62.50 767.32
63.00 788.34
63.50 690.92
64.00 858.65
64.50 877.73
65.00 692.56
65.50 819.48
66.00 754.62
66.50 729.33
67.00 683.09
67.50 763.03
68.00 777.49
68.50 727.42
69.00 714.93
69.50 757.24
70.00 711.87
70.50 747.14
71.00 718.97
71.50 746.91
72.00 757.43
72.50 440.65
73.00 752.21
73.50 732.89
74.00 808.33
74.50 725.84
75.00 721.71
75.50 760.48
76.00 773.38
76.50 697.54
77.00 760.16
77.50 737.82
78.00 731.36
78.50 735.22
79.00 744.11
79.50 737.78
80.00 744.81
80.50 700.42
81.00 718.77
81.50 750.82
82.00 732.87
82.50 767.92
83.00 748.04
83.50 757.15
84.00 739.58
84.50 21.18
85.00 63.74
85.50 512.83
86.00 197.78
86.50 2.28
87.00 727.10
87.50 491.07
88.00 486.04
88.50 0.00
89.00 494.78
89.50 494.30
90.00 764.11
90.50 680.79
91.00 689.44
91.50 720.90
92.00 698.78
92.50 823.38
93.00 794.25
93.50 861.92
94.00 698.26
94.50 900.00
95.00 729.94
95.50 750.29
96.00 811.96
96.50 689.19
97.00 842.08
97.50 685.87
98.00 741.26
98.50 766.89
99.00 832.68
99.50 800.44
100.00 706.14
100.50 712.52
101.00 811.74
101.50 750.12
102.00 804.59
102.50 706.66
103.00 725.50
103.50 695.06
104.00 722.92
104.50 585.21
105.00 827.01
105.50 770.92
106.00 733.75
106.50 817.98
107.00 732.43
107.50 776.42
108.00 701.24
108.50 837.96
109.00 719.64
109.50 731.65
110.00 784.31
110.50 752.33
111.00 816.96
111.50 893.47
112.00 725.20
112.50 719.59
113.00 776.34
113.50 716.05
114.00 695.55
114.50 715.50
115.00 678.68
115.50 726.22
116.00 791.73
116.50 706.74
117.00 437.59
117.50 546.53
118.00 705.44
118.50 877.49
119.00 830.56
119.50 840.67
120.00 859.13
120.50 746.30
121.00 712.71
121.50 105.82
122.00 0.00
122.50 441.63
123.00 735.98
123.50 735.77
124.00 704.06
124.50 145.39
125.00 708.97
125.50 669.41
126.00 847.57
126.50 821.14
127.00 832.94
127.50 863.84
128.00 878.08
128.50 850.20
129.00 830.10
129.50 342.54
130.00 560.97
130.50 700.91
131.00 695.53
131.50 696.69
132.00 803.07
132.50 793.53
133.00 856.27
133.50 811.48
134.00 862.20
134.50 849.97
135.00 197.57
135.50 99.53
136.00 397.03
136.50 623.80
137.00 313.81
137.50 900.00
138.00 154.69
138.50 772.51
139.00 716.01
139.50 720.85
140.00 630.25
140.50 728.75
141.00 696.10
141.50 239.89
142.00 622.38
142.50 673.46
143.00 735.24
143.50 756.94
144.00 811.19
144.50 854.03
145.00 196.17
145.50 692.96
146.00 653.23
146.50 736.77
147.00 757.53
147.50 754.02
148.00 839.41
148.50 850.41
149.00 854.79
149.50 830.21
150.00 845.65
150.50 752.95
151.00 717.85
151.50 747.99
152.00 716.42
152.50 855.53
153.00 845.88
153.50 833.21
154.00 319.19
154.50 685.07
155.00 743.28
155.50 596.20
156.00 713.44
156.50 67.67
157.00 124.66
157.50 730.49
158.00 695.88
158.50 716.76
159.00 738.74
159.50 722.24
160.00 675.92
160.50 305.15
161.00 717.39
161.50 900.00
162.00 873.61
162.50 711.34
163.00 863.29
163.50 684.78
164.00 798.85
164.50 718.38
165.00 356.07
165.50 687.51
166.00 633.49
166.50 808.43
167.00 678.95
167.50 718.49
168.00 773.18
168.50 772.59
169.00 769.39
169.50 777.19
170.00 730.00
170.50 706.82
171.00 681.21
171.50 760.49
172.00 748.56
172.50 766.95
173.00 761.43
173.50 739.12
174.00 751.95
174.50 768.37
175.00 723.96
175.50 735.10
176.00 740.90
176.50 741.06
177.00 689.84
177.50 702.83
178.00 686.87
178.50 722.20
179.00 702.35
179.50 739.92
180.00 711.29
180.50 729.76
181.00 735.41
181.50 699.73
182.00 738.26
182.50 782.49
183.00 749.40
183.50 770.18
184.00 697.81
184.50 694.03
185.00 700.44
185.50 707.46
186.00 711.39
186.50 718.30
187.00 675.92
187.50 745.15
188.00 727.63
188.50 711.68
189.00 735.79
189.50 699.21
190.00 725.42
190.50 749.97
191.00 764.58
191.50 707.61
192.00 787.36
192.50 829.35
193.00 715.00
193.50 726.38
194.00 723.37
194.50 793.91
195.00 710.26
195.50 516.54
196.00 692.81
196.50 810.42
197.00 715.61
197.50 895.18
198.00 773.08
198.50 701.82
199.00 709.00
199.50 548.23
200.00 861.68
200.50 674.36
201.00 670.34
201.50 694.52
202.00 731.11
202.50 714.40
203.00 746.64
203.50 772.57
204.00 749.06
204.50 781.53
205.00 310.49
205.50 465.14
206.00 161.29
206.50 729.43
207.00 720.40
207.50 0.00
208.00 697.18
208.50 705.12
209.00 837.90
209.50 767.75
210.00 829.16
210.50 822.72
211.00 737.81
211.50 739.02
212.00 879.70
212.50 842.12
213.00 819.56
213.50 828.03
214.00 832.54
214.50 853.65
215.00 836.69
215.50 719.52
216.00 800.26
216.50 680.07
217.00 694.57
217.50 688.24
218.00 333.27
218.50 320.84
219.00 781.37
219.50 797.74
220.00 720.68
220.50 816.09
221.00 859.40
221.50 860.76
222.00 868.64
222.50 879.57
223.00 703.62
223.50 837.77
224.00 841.39
224.50 453.35
225.00 380.24
225.50 687.36
226.00 721.92
226.50 743.58
227.00 701.90
227.50 527.97
228.00 176.04
228.50 740.97
229.00 227.09
229.50 291.67
230.00 430.27
230.50 453.10
231.00 5.87
231.50 512.28
232.00 691.86
232.50 689.58
233.00 782.50
233.50 671.00
234.00 818.79
234.50 852.57
235.00 864.59
235.50 268.37
236.00 751.55
236.50 750.66
237.00 714.73
237.50 633.13
238.00 702.69
238.50 700.52
239.00 711.90
239.50 684.59
240.00 736.46
240.50 751.96
241.00 730.05
241.50 681.70
242.00 713.40
242.50 759.37
243.00 689.24
243.50 670.88
244.00 687.07
244.50 674.35
245.00 712.77
245.50 671.41
246.00 701.02
246.50 731.19
247.00 783.77
247.50 724.45
248.00 746.98
248.50 710.17
249.00 752.43
249.50 716.54
250.00 781.10
250.50 704.85
251.00 700.10
251.50 749.02
252.00 658.56
252.50 697.57
253.00 826.59
253.50 852.83
254.00 735.98
254.50 711.27
255.00 732.24
255.50 698.16
256.00 820.24
256.50 695.43
257.00 724.29
257.50 721.08
258.00 720.92
258.50 787.79
259.00 900.00
259.50 835.01
260.00 715.73
260.50 704.14
261.00 736.51
261.50 690.21
262.00 709.26
262.50 697.63
263.00 706.76
263.50 715.29
264.00 851.13
264.50 711.72
265.00 338.29
265.50 642.12
266.00 718.36
266.50 717.65
267.00 751.61
267.50 801.38
268.00 680.09
268.50 715.47
269.00 784.11
269.50 670.22
270.00 663.35
270.50 736.10
271.00 726.66
271.50 680.30
272.00 900.00
272.50 790.54
273.00 687.36
273.50 738.87
274.00 805.86
274.50 900.00
275.00 503.89
275.50 727.25
276.00 821.10
276.50 682.86
277.00 827.76
277.50 801.26
278.00 801.98
278.50 777.09
279.00 786.21
279.50 670.87
280.00 717.35
280.50 496.61
281.00 683.58
281.50 768.41
282.00 826.36
282.50 843.88
283.00 813.40
283.50 742.71
284.00 657.30
284.50 855.77
285.00 762.72
285.50 734.61
286.00 730.48
286.50 648.14
287.00 471.05
287.50 825.89
288.00 500.04
288.50 599.45
289.00 758.99
289.50 798.92
290.00 736.93
290.50 682.46
291.00 696.85
291.50 316.95
292.00 728.03
292.50 750.93
293.00 820.25
293.50 755.59
294.00 791.31
294.50 708.96
295.00 433.37
295.50 393.97
296.00 603.80
296.50 569.13
297.00 557.58
297.50 707.37
298.00 701.09
298.50 714.67
299.00 846.42
299.50 806.47
