0.00 750.59
0.50 696.42
1.00 689.35
1.50 721.80
2.00 708.83
2.50 746.18
3.00 675.23
3.50 767.20
4.00 735.25
4.50 749.97
5.00 750.47
5.50 749.34
6.00 749.22
6.50 751.59
7.00 776.55
7.50 688.54
8.00 734.15
8.50 694.11
9.00 719.43
9.50 654.75
10.00 744.83
10.50 752.31
11.00 739.25
11.50 759.79
12.00 766.96
12.50 708.33
13.00 767.80
13.50 725.36
14.00 774.27
14.50 766.62
15.00 779.60
15.50 779.63
16.00 725.34
16.50 726.35
17.00 722.69
17.50 673.51
18.00 730.56
18.50 698.74
19.00 756.43
19.50 730.49
20.00 701.48
20.50 732.21
21.00 737.01
21.50 665.93
22.00 702.88
22.50 742.03
23.00 725.76
23.50 735.99
24.00 773.98
24.50 743.75
25.00 705.11
25.50 685.06
26.00 713.82
26.50 691.29
27.00 807.82
27.50 779.61
28.00 689.36
28.50 719.04
29.00 833.13
29.50 829.25
30.00 801.71
30.50 709.91
31.00 719.97
31.50 503.41
32.00 729.30
32.50 723.63
33.00 678.40
33.50 350.12
34.00 384.75
34.50 707.11
35.00 747.75
35.50 802.62
36.00 792.06
36.50 822.46
37.00 723.66
37.50 724.70
38.00 684.95
38.50 863.14
39.00 759.99
39.50 860.95
40.00 813.68
40.50 731.04
41.00 743.80
41.50 731.74
42.00 796.64
42.50 746.04
43.00 852.01
43.50 800.80
44.00 839.93
44.50 827.91
45.00 853.95
45.50 852.36
46.00 622.49
46.50 365.00
47.00 357.47
47.50 381.63
48.00 737.56
48.50 202.18
49.00 15.35
49.50 0.00
50.00 291.61
50.50 744.03
51.00 852.47
51.50 897.68
52.00 887.50
52.50 706.45
53.00 831.41
53.50 717.74
54.00 722.08
54.50 725.96
55.00 695.23
55.50 758.49
56.00 726.02
56.50 718.01
57.00 781.28
57.50 824.53
58.00 816.73
58.50 737.00
59.00 746.18
59.50 835.20
60.00 694.81
60.50 723.34
61.00 710.17
61.50 712.99
62.00 729.53
62.50 723.95
63.00 851.53
63.50 701.41
64.00 756.77
64.50 728.82
65.00 758.03
65.50 670.20
66.00 708.47
66.50 738.70
67.00 745.42
67.50 823.53
68.00 721.49
68.50 743.83
69.00 714.36
69.50 746.93
70.00 738.36
70.50 732.84
71.00 677.18
71.50 695.99
72.00 761.54
72.50 753.45
73.00 726.96
73.50 724.16
74.00 753.59
74.50 648.93
75.00 686.94
75.50 785.08
76.00 746.12
76.50 733.29
77.00 736.34
77.50 729.20
78.00 900.00
78.50 709.40
79.00 668.10
79.50 137.22
80.00 704.95
80.50 720.20
81.00 840.72
81.50 864.75
82.00 871.89
82.50 724.75
83.00 770.94
83.50 837.97
84.00 837.06
84.50 838.02
85.00 857.14
85.50 884.57
86.00 873.52
86.50 826.94
87.00 841.86
87.50 842.72
88.00 836.33
88.50 849.77
89.00 836.40
89.50 870.70
90.00 884.31
90.50 722.87
91.00 847.44
91.50 857.94
92.00 667.27
92.50 718.76
93.00 702.06
93.50 685.39
94.00 863.19
94.50 754.86
95.00 728.50
95.50 900.00
96.00 697.87
96.50 807.76
97.00 771.01
97.50 708.85
98.00 734.90
98.50 852.25
99.00 792.08
99.50 736.35
100.00 722.52
100.50 699.98
101.00 710.97
101.50 778.93
102.00 675.15
102.50 422.05
103.00 540.72
103.50 730.95
104.00 745.13
104.50 281.78
105.00 723.10
105.50 786.19
106.00 734.92
106.50 722.67
107.00 241.94
107.50 833.29
108.00 768.42
108.50 689.17
109.00 707.93
109.50 820.81
110.00 227.75
110.50 0.00
111.00 318.89
111.50 769.37
112.00 440.67
112.50 413.48
113.00 754.16
113.50 391.81
114.00 8.07
114.50 12.63
115.00 370.18
115.50 755.28
116.00 681.63
116.50 558.98
117.00 665.40
117.50 739.22
118.00 722.70
118.50 412.35
119.00 277.17
119.50 769.71
120.00 744.32
120.50 834.61
121.00 720.39
121.50 833.44
122.00 858.55
122.50 801.42
123.00 857.68
123.50 854.31
124.00 853.93
124.50 807.11
125.00 737.35
125.50 704.33
126.00 755.12
126.50 692.90
127.00 772.54
127.50 715.49
128.00 894.52
128.50 860.40
129.00 716.42
129.50 541.81
130.00 705.79
130.50 682.16
131.00 734.98
131.50 736.66
132.00 848.52
132.50 820.79
133.00 704.06
133.50 755.65
134.00 773.55
134.50 822.55
135.00 778.76
135.50 738.73
136.00 669.17
136.50 694.65
137.00 714.99
137.50 745.20
138.00 712.22
138.50 750.58
139.00 750.03
139.50 745.58
140.00 720.88
140.50 729.53
141.00 727.98
141.50 747.75
142.00 738.00
142.50 733.30
143.00 753.45
143.50 737.02
144.00 737.03
144.50 750.08
145.00 793.79
145.50 753.00
146.00 739.30
146.50 439.17
147.00 742.87
147.50 684.44
148.00 852.71
148.50 633.38
149.00 565.75
149.50 706.65
150.00 696.14
150.50 732.27
151.00 714.20
151.50 0.00
152.00 0.00
152.50 0.00
153.00 0.00
153.50 21.31
154.00 576.81
154.50 218.01
155.00 816.98
155.50 635.92
156.00 239.67
156.50 745.59
157.00 723.22
157.50 7.08
158.00 375.52
158.50 487.42
159.00 654.80
159.50 622.42
160.00 266.26
160.50 106.21
161.00 10.20
161.50 302.58
162.00 430.48
162.50 708.09
163.00 722.65
163.50 216.27
164.00 266.57
164.50 750.44
165.00 765.06
165.50 789.13
166.00 706.52
166.50 757.10
167.00 747.11
167.50 789.30
168.00 716.27
168.50 716.19
169.00 763.32
169.50 768.20
170.00 769.84
170.50 723.86
171.00 747.91
171.50 712.48
172.00 727.68
172.50 727.81
173.00 761.69
173.50 743.67
174.00 720.11
174.50 697.29
175.00 732.98
175.50 849.59
176.00 832.80
176.50 809.94
177.00 555.58
177.50 710.07
178.00 708.26
178.50 693.23
179.00 859.18
179.50 690.28
180.00 173.39
180.50 695.93
181.00 830.07
181.50 696.38
182.00 745.93
182.50 834.59
183.00 0.00
183.50 734.67
184.00 837.05
184.50 812.89
185.00 701.53
185.50 717.94
186.00 718.22
186.50 694.87
187.00 679.52
187.50 703.71
188.00 763.92
188.50 699.28
189.00 717.74
189.50 734.98
190.00 704.86
190.50 736.63
191.00 754.62
191.50 761.78
192.00 691.66
192.50 699.90
193.00 634.73
193.50 729.90
194.00 752.73
194.50 735.09
195.00 696.86
195.50 726.61
196.00 736.49
196.50 719.17
197.00 720.50
197.50 735.63
198.00 744.58
198.50 714.70
199.00 657.33
199.50 747.97
200.00 782.32
200.50 760.77
201.00 737.76
201.50 760.25
202.00 748.65
202.50 676.26
203.00 722.34
203.50 706.98
204.00 317.33
204.50 0.00
205.00 12.38
205.50 735.57
206.00 713.87
206.50 729.65
207.00 764.20
207.50 757.19
208.00 711.16
208.50 781.43
209.00 740.01
209.50 675.60
210.00 718.50
210.50 709.99
211.00 711.79
211.50 753.73
212.00 706.90
212.50 732.98
213.00 734.23
213.50 844.20
214.00 825.76
214.50 826.26
215.00 822.36
215.50 836.87
216.00 698.57
216.50 847.35
217.00 731.53
217.50 714.84
218.00 741.29
218.50 534.08
219.00 695.55
219.50 872.19
220.00 828.36
220.50 820.39
221.00 900.00
221.50 628.55
222.00 726.43
222.50 688.03
223.00 663.73
223.50 731.01
224.00 832.38
224.50 808.26
225.00 260.26
225.50 0.00
226.00 361.21
226.50 0.00
227.00 709.08
227.50 719.42
228.00 736.16
228.50 855.37
229.00 762.43
229.50 735.92
230.00 733.98
230.50 691.56
231.00 678.68
231.50 780.28
232.00 719.38
232.50 691.91
233.00 731.22
233.50 719.21
234.00 720.23
234.50 712.87
235.00 713.50
235.50 762.89
236.00 449.53
236.50 670.61
237.00 865.41
237.50 732.15
238.00 744.12
238.50 678.07
239.00 798.19
239.50 288.96
240.00 689.90
240.50 771.23
241.00 725.98
241.50 715.65
242.00 738.35
242.50 406.63
243.00 789.71
243.50 733.27
244.00 669.17
244.50 680.94
245.00 804.76
245.50 440.11
246.00 763.23
246.50 726.73
247.00 761.40
247.50 871.21
248.00 825.11
248.50 830.69
249.00 838.97
249.50 758.49
250.00 705.38
250.50 704.01
251.00 687.52
251.50 725.85
252.00 732.42
252.50 862.46
253.00 672.99
253.50 723.80
254.00 749.34
254.50 859.37
255.00 656.85
255.50 836.68
256.00 0.00
256.50 11.16
257.00 699.50
257.50 752.41
258.00 810.18
258.50 674.39
259.00 705.02
259.50 776.82
260.00 708.44
260.50 325.07
261.00 721.62
261.50 725.68
262.00 719.30
262.50 714.85
263.00 822.38
263.50 747.17
264.00 795.31
264.50 717.84
265.00 751.25
265.50 855.21
266.00 722.47
266.50 711.40
267.00 645.85
267.50 725.60
268.00 411.36
268.50 736.78
269.00 839.04
269.50 828.64
270.00 782.74
270.50 743.78
271.00 725.33
271.50 736.43
272.00 744.62
272.50 730.29
273.00 765.69
273.50 744.98
274.00 748.09
274.50 682.12
275.00 730.59
275.50 771.60
276.00 750.98
276.50 678.33
277.00 687.16
277.50 255.92
278.00 660.66
278.50 668.00
279.00 150.38
279.50 701.47
280.00 793.33
280.50 856.41
281.00 779.88
281.50 781.07
282.00 811.60
282.50 759.67
283.00 802.92
283.50 233.05
284.00 295.52
284.50 769.64
285.00 717.23
285.50 808.03
286.00 309.88
286.50 843.76
287.00 886.60
287.50 809.87
288.00 841.74
288.50 712.84
289.00 688.33
289.50 855.65
290.00 805.20
290.50 830.95
291.00 818.08
291.50 842.92
292.00 837.07
292.50 844.04
293.00 816.49
293.50 826.18
294.00 723.49
294.50 708.51
295.00 732.16
295.50 721.69
296.00 666.81
296.50 715.20
297.00 724.99
297.50 762.59
298.00 706.84
298.50 716.45
299.00 704.49
299.50 728.10
