0.00 751.34
0.50 743.11
1.00 716.33
1.50 694.05
2.00 723.49
2.50 743.07
3.00 651.13
3.50 712.51
4.00 739.69
4.50 821.92
5.00 738.11
5.50 845.75
6.00 837.31
6.50 725.12
7.00 723.57
7.50 709.64
8.00 762.20
8.50 731.06
9.00 676.82
9.50 702.21
10.00 712.89
10.50 764.06
11.00 745.08
11.50 722.52
12.00 763.76
12.50 764.23
13.00 750.72
13.50 768.50
14.00 781.90
14.50 721.24
15.00 730.08
15.50 765.62
16.00 736.61
16.50 700.80
17.00 747.18
17.50 744.26
18.00 0.00
18.50 394.17
19.00 330.00
19.50 716.95
20.00 755.83
20.50 784.64
21.00 714.84
21.50 715.56
22.00 779.30
22.50 753.18
23.00 737.16
23.50 705.48
24.00 760.20
24.50 765.64
25.00 754.09
25.50 719.93
26.00 751.54
26.50 710.56
27.00 791.55
27.50 708.87
28.00 700.83
28.50 740.84
29.00 684.25
29.50 503.53
30.00 833.69
30.50 855.31
31.00 703.64
31.50 748.32
32.00 738.82
32.50 746.29
33.00 758.11
33.50 760.85
34.00 739.51
34.50 743.68
35.00 758.72
35.50 725.80
36.00 726.01
36.50 768.25
37.00 687.92
37.50 687.58
38.00 754.84
38.50 745.24
39.00 780.44
39.50 716.43
40.00 742.07
40.50 747.21
41.00 741.72
41.50 835.58
42.00 718.82
42.50 731.26
43.00 617.93
43.50 780.54
44.00 754.52
44.50 799.05
45.00 743.11
45.50 734.35
46.00 731.83
46.50 736.65
47.00 701.17
47.50 746.84
48.00 686.65
48.50 705.98
49.00 803.96
49.50 836.33
50.00 725.81
50.50 731.37
51.00 714.46
51.50 679.32
52.00 705.60
52.50 724.57
53.00 703.66
53.50 725.27
54.00 704.12
54.50 754.99
55.00 727.22
55.50 793.18
56.00 760.13
56.50 829.57
57.00 692.02
57.50 714.60
58.00 879.63
58.50 7.82
59.00 0.00
59.50 123.04
60.00 442.36
60.50 476.88
61.00 294.70
61.50 742.27
62.00 163.77
62.50 250.26
63.00 13.32
63.50 537.51
64.00 54.52
64.50 818.90
65.00 834.50
65.50 760.25
66.00 731.37
66.50 780.02
67.00 694.69
67.50 731.89
68.00 729.03
68.50 744.28
69.00 725.75
69.50 736.92
70.00 734.91
70.50 784.94
71.00 722.28
71.50 748.98
72.00 753.50
72.50 716.05
73.00 709.46
73.50 239.88
74.00 778.99
74.50 766.13
75.00 641.55
75.50 353.28
76.00 659.50
76.50 700.17
77.00 714.86
77.50 716.15
78.00 645.07
78.50 518.36
79.00 574.78
79.50 767.43
80.00 824.95
80.50 714.12
81.00 730.08
81.50 704.63
82.00 715.64
82.50 681.81
83.00 818.36
83.50 774.86
84.00 786.56
84.50 672.23
85.00 720.13
85.50 718.15
86.00 761.77
86.50 859.54
87.00 793.66
87.50 681.75
88.00 699.90
88.50 736.89
89.00 753.43
89.50 707.31
90.00 794.00
90.50 779.38
91.00 795.62
91.50 750.71
92.00 693.51
92.50 722.93
93.00 705.29
93.50 698.75
94.00 826.90
94.50 765.73
95.00 695.78
95.50 730.50
96.00 694.64
96.50 674.96
97.00 720.60
97.50 802.71
98.00 785.87
98.50 691.00
99.00 673.58
99.50 714.00
100.00 716.57
100.50 801.93
101.00 701.28
101.50 706.51
102.00 705.66
102.50 726.57
103.00 705.68
103.50 789.56
104.00 900.00
104.50 721.14
105.00 691.70
105.50 830.01
106.00 689.92
106.50 792.00
107.00 717.71
107.50 697.26
108.00 708.22
108.50 703.35
109.00 688.84
109.50 712.10
110.00 713.75
110.50 341.95
111.00 743.15
111.50 736.65
112.00 765.00
112.50 795.38
113.00 723.24
113.50 769.52
114.00 306.08
114.50 635.37
115.00 496.43
115.50 0.00
116.00 509.49
116.50 0.00
117.00 36.50
117.50 20.48
118.00 319.77
118.50 109.14
119.00 731.68
119.50 874.93
120.00 691.54
120.50 167.53
121.00 863.12
121.50 560.71
122.00 109.89
122.50 804.32
123.00 720.88
123.50 736.79
124.00 791.40
124.50 668.88
125.00 795.14
125.50 847.23
126.00 676.89
126.50 742.28
127.00 724.42
127.50 832.41
128.00 712.41
128.50 725.89
129.00 736.99
129.50 732.68
130.00 750.53
130.50 693.79
131.00 731.07
131.50 717.79
132.00 754.34
132.50 715.14
133.00 765.76
133.50 762.04
134.00 728.53
134.50 715.92
135.00 815.35
135.50 711.14
136.00 752.06
136.50 831.42
137.00 776.87
137.50 750.11
138.00 717.02
138.50 746.94
139.00 737.75
139.50 645.87
140.00 732.59
140.50 842.05
141.00 873.17
141.50 839.57
142.00 852.27
142.50 847.72
143.00 420.77
143.50 846.36
144.00 797.31
144.50 692.18
145.00 749.68
145.50 874.65
146.00 719.44
146.50 672.65
147.00 881.62
147.50 781.48
148.00 679.49
148.50 679.19
149.00 774.40
149.50 829.32
150.00 720.23
150.50 722.83
151.00 678.06
151.50 762.98
152.00 696.67
152.50 709.34
153.00 706.01
153.50 702.69
154.00 695.34
154.50 681.75
155.00 746.22
155.50 731.34
156.00 760.89
156.50 745.13
157.00 729.61
157.50 757.49
158.00 811.82
158.50 723.97
159.00 683.55
159.50 766.42
160.00 689.89
160.50 829.16
161.00 233.43
161.50 37.24
162.00 2.82
162.50 0.00
163.00 190.42
163.50 774.16
164.00 543.37
164.50 0.00
165.00 0.00
165.50 705.37
166.00 622.40
166.50 625.20
167.00 172.59
167.50 0.00
168.00 10.84
168.50 2.91
169.00 536.14
169.50 0.00
170.00 786.97
170.50 771.75
171.00 762.05
171.50 799.05
172.00 841.52
172.50 688.65
173.00 752.10
173.50 821.73
174.00 609.74
174.50 809.35
175.00 737.53
175.50 690.11
176.00 807.64
176.50 724.07
177.00 695.97
177.50 672.26
178.00 705.70
178.50 746.93
179.00 646.58
179.50 721.55
180.00 731.94
180.50 697.29
181.00 763.41
181.50 755.36
182.00 751.65
182.50 707.56
183.00 733.14
183.50 674.43
184.00 739.09
184.50 675.28
185.00 714.79
185.50 729.62
186.00 846.05
186.50 17.99
187.00 538.75
187.50 838.82
188.00 758.68
188.50 724.49
189.00 643.50
189.50 693.83
190.00 683.59
190.50 710.86
191.00 705.90
191.50 727.56
192.00 708.98
192.50 677.53
193.00 707.52
193.50 465.12
194.00 19.86
194.50 335.72
195.00 484.00
195.50 136.12
196.00 736.45
196.50 822.66
197.00 892.50
197.50 698.58
198.00 786.61
198.50 760.12
199.00 724.15
199.50 844.13
200.00 714.16
200.50 684.91
201.00 784.24
201.50 724.41
202.00 835.80
202.50 530.68
203.00 773.38
203.50 774.99
204.00 285.43
204.50 714.84
205.00 719.41
205.50 708.91
206.00 723.95
206.50 637.11
207.00 728.64
207.50 791.91
208.00 80.75
208.50 312.75
209.00 668.32
209.50 750.97
210.00 742.27
210.50 710.20
211.00 714.59
211.50 714.25
212.00 688.78
212.50 518.96
213.00 684.84
213.50 695.71
214.00 740.26
214.50 729.55
215.00 734.61
215.50 736.06
216.00 733.53
216.50 700.66
217.00 714.10
217.50 764.11
218.00 744.96
218.50 703.50
219.00 754.72
219.50 789.00
220.00 778.19
220.50 755.83
221.00 726.98
221.50 754.34
222.00 733.67
222.50 723.24
223.00 768.03
223.50 734.75
224.00 776.99
224.50 750.95
225.00 777.86
225.50 733.00
226.00 750.31
226.50 713.10
227.00 745.09
227.50 760.35
228.00 779.24
228.50 717.81
229.00 3.90
229.50 738.94
230.00 688.33
230.50 761.86
231.00 746.67
231.50 717.10
232.00 654.52
232.50 699.30
233.00 800.73
233.50 695.07
234.00 701.51
234.50 731.77
235.00 900.00
235.50 695.61
236.00 81.37
236.50 733.01
237.00 747.35
237.50 734.98
238.00 700.69
238.50 745.05
239.00 732.80
239.50 726.77
240.00 792.58
240.50 0.00
241.00 14.24
241.50 7.80
242.00 111.09
242.50 785.05
243.00 741.21
243.50 741.82
244.00 785.34
244.50 719.92
245.00 781.00
245.50 768.59
246.00 729.95
246.50 744.75
247.00 698.40
247.50 847.68
248.00 755.30
248.50 796.61
249.00 727.75
249.50 725.17
250.00 699.94
250.50 883.64
251.00 678.11
251.50 824.78
252.00 900.00
252.50 851.19
253.00 799.94
253.50 780.27
254.00 701.70
254.50 713.22
255.00 769.04
255.50 742.57
256.00 776.88
256.50 697.67
257.00 743.78
257.50 725.85
258.00 709.13
258.50 735.70
259.00 728.61
259.50 747.24
260.00 748.67
260.50 837.46
261.00 772.60
261.50 697.45
262.00 742.74
262.50 706.90
263.00 740.00
263.50 750.02
264.00 839.28
264.50 712.40
265.00 842.00
265.50 671.76
266.00 709.80
266.50 762.15
267.00 761.65
267.50 788.39
268.00 728.76
268.50 753.69
269.00 688.63
269.50 740.43
270.00 734.25
270.50 711.05
271.00 772.33
271.50 790.75
272.00 771.04
272.50 717.90
273.00 718.81
273.50 753.09
274.00 777.63
274.50 733.70
275.00 740.61
275.50 740.36
276.00 701.53
276.50 709.35
277.00 718.19
277.50 764.90
278.00 733.89
278.50 698.66
279.00 773.82
279.50 695.81
280.00 658.10
280.50 862.58
281.00 729.52
281.50 704.33
282.00 683.10
282.50 301.69
283.00 697.75
283.50 709.63
284.00 814.97
284.50 704.34
285.00 720.66
285.50 753.72
286.00 688.07
286.50 732.29
287.00 751.61
287.50 743.18
288.00 670.08
288.50 753.36
289.00 707.81
289.50 740.73
290.00 680.16
290.50 748.82
291.00 735.67
291.50 740.72
292.00 694.47
292.50 701.99
293.00 732.27
293.50 755.10
294.00 731.73
294.50 659.92
295.00 697.85
295.50 678.85
296.00 777.18
296.50 692.60
297.00 720.73
297.50 687.93
298.00 783.57
298.50 0.00
299.00 2.76
299.50 410.47
