0.00 750.21
0.50 720.40
1.00 699.55
1.50 698.73
2.00 730.68
2.50 701.11
3.00 772.17
3.50 705.19
4.00 733.12
4.50 691.91
5.00 702.00
5.50 776.25
6.00 714.00
6.50 776.41
7.00 666.62
7.50 768.83
8.00 713.61
8.50 739.91
9.00 731.52
9.50 709.27
10.00 900.00
10.50 698.92
11.00 733.77
11.50 687.38
12.00 626.04
12.50 773.71
13.00 799.95
13.50 900.00
14.00 813.40
14.50 766.83
15.00 790.97
15.50 723.36
16.00 727.61
16.50 735.35
17.00 706.75
17.50 703.43
18.00 455.44
18.50 702.20
19.00 720.84
19.50 759.83
20.00 728.62
20.50 726.14
21.00 684.58
21.50 752.86
22.00 706.62
22.50 760.80
23.00 747.73
23.50 804.42
24.00 742.56
24.50 740.96
25.00 737.28
25.50 820.19
26.00 900.00
26.50 747.10
27.00 768.20
27.50 714.06
28.00 823.96
28.50 780.62
29.00 704.86
29.50 700.87
30.00 726.56
30.50 672.44
31.00 742.70
31.50 716.47
32.00 629.13
32.50 669.97
33.00 768.62
33.50 717.15
34.00 745.67
34.50 738.50
35.00 779.76
35.50 592.85
36.00 738.76
36.50 756.03
37.00 771.87
37.50 723.60
38.00 56.79
38.50 734.19
39.00 755.11
39.50 510.84
40.00 749.89
40.50 751.80
41.00 776.71
41.50 702.26
42.00 717.56
42.50 738.51
43.00 753.85
43.50 728.11
44.00 650.45
44.50 736.99
45.00 718.90
45.50 762.02
46.00 702.61
46.50 707.93
47.00 741.05
47.50 787.71
48.00 808.58
48.50 848.20
49.00 873.82
49.50 695.11
50.00 772.64
50.50 900.00
51.00 699.06
51.50 697.61
52.00 707.60
52.50 691.60
53.00 750.03
53.50 695.07
54.00 723.28
54.50 876.49
55.00 734.93
55.50 16.16
56.00 8.03
56.50 684.84
57.00 709.37
57.50 794.14
58.00 842.04
58.50 708.14
59.00 830.23
59.50 343.24
60.00 694.65
60.50 710.59
61.00 705.66
61.50 763.84
62.00 770.21
62.50 716.45
63.00 744.45
63.50 743.28
64.00 730.90
64.50 705.50
65.00 741.25
65.50 751.41
66.00 768.80
66.50 766.60
67.00 741.47
67.50 724.05
68.00 778.03
68.50 721.35
69.00 751.46
69.50 700.50
70.00 765.22
70.50 698.00
71.00 681.28
71.50 722.71
72.00 748.64
72.50 655.68
73.00 764.16
73.50 785.11
74.00 15.40
74.50 173.69
75.00 575.41
75.50 187.51
76.00 673.12
76.50 876.71
77.00 833.44
77.50 835.23
78.00 827.64
78.50 828.29
79.00 849.01
79.50 853.72
80.00 852.28
80.50 816.60
81.00 871.35
81.50 831.65
82.00 822.01
82.50 747.83
83.00 749.32
83.50 735.60
84.00 690.45
84.50 57.91
85.00 0.00
85.50 16.59
86.00 678.85
86.50 759.96
87.00 683.80
87.50 699.96
88.00 786.05
88.50 674.59
89.00 696.75
89.50 751.75
90.00 704.00
90.50 734.08
91.00 726.22
91.50 715.93
92.00 765.17
92.50 701.33
93.00 722.52
93.50 736.06
94.00 715.49
94.50 682.81
95.00 681.52
95.50 717.33
96.00 698.03
96.50 693.44
97.00 735.05
97.50 706.55
98.00 697.75
98.50 709.28
99.00 705.27
99.50 806.37
100.00 742.46
100.50 764.23
101.00 704.33
101.50 699.54
102.00 704.02
102.50 741.14
103.00 747.98
103.50 725.94
104.00 672.75
104.50 673.08
105.00 787.81
105.50 722.37
106.00 738.18
106.50 890.69
107.00 657.44
107.50 590.38
108.00 703.46
108.50 750.76
109.00 727.97
109.50 790.03
110.00 702.48
110.50 745.21
111.00 761.24
111.50 736.58
112.00 765.91
112.50 692.33
113.00 776.16
113.50 507.22
114.00 592.77
114.50 3.97
115.00 10.48
115.50 485.99
116.00 534.07
116.50 254.68
117.00 698.60
117.50 640.88
118.00 774.02
118.50 717.73
119.00 726.19
119.50 720.15
120.00 839.20
120.50 702.67
121.00 713.97
121.50 741.19
122.00 762.08
122.50 744.09
123.00 741.75
123.50 813.22
124.00 731.58
124.50 785.22
125.00 744.13
125.50 868.83
126.00 687.76
126.50 713.74
127.00 704.60
127.50 798.46
128.00 722.62
128.50 714.12
129.00 722.48
129.50 736.73
130.00 687.42
130.50 750.03
131.00 738.86
131.50 734.88
132.00 722.37
132.50 95.59
133.00 678.96
133.50 762.25
134.00 677.64
134.50 503.74
135.00 708.50
135.50 705.61
136.00 798.36
136.50 520.04
137.00 708.60
137.50 845.68
138.00 708.92
138.50 852.17
139.00 807.68
139.50 760.41
140.00 772.42
140.50 726.91
141.00 807.03
141.50 765.62
142.00 741.77
142.50 722.76
143.00 712.67
143.50 734.82
144.00 733.22
144.50 699.85
145.00 687.78
145.50 718.12
146.00 717.57
146.50 726.76
147.00 669.71
147.50 719.82
148.00 734.89
148.50 726.42
149.00 749.04
149.50 664.63
150.00 702.85
150.50 720.70
151.00 713.27
151.50 716.05
152.00 770.67
152.50 716.93
153.00 769.15
153.50 729.63
154.00 738.62
154.50 752.43
155.00 680.17
155.50 737.11
156.00 757.68
156.50 668.69
157.00 700.69
157.50 715.46
158.00 802.19
158.50 848.28
159.00 825.58
159.50 849.90
160.00 819.66
160.50 261.84
161.00 4.00
161.50 159.41
162.00 331.63
162.50 596.23
163.00 758.04
163.50 857.43
164.00 815.43
164.50 678.27
165.00 727.29
165.50 704.14
166.00 772.11
166.50 706.12
167.00 710.52
167.50 733.33
168.00 731.21
168.50 893.59
169.00 683.03
169.50 704.34
170.00 723.45
170.50 691.14
171.00 753.06
171.50 718.26
172.00 683.87
172.50 679.01
173.00 684.90
173.50 716.16
174.00 695.56
174.50 386.36
175.00 746.72
175.50 551.86
176.00 683.89
176.50 845.16
177.00 844.57
177.50 829.67
178.00 841.46
178.50 847.03
179.00 745.07
179.50 697.27
180.00 791.67
180.50 728.75
181.00 860.33
181.50 858.60
182.00 859.53
182.50 808.84
183.00 0.00
183.50 733.95
184.00 207.13
184.50 128.32
185.00 0.00
185.50 701.10
186.00 786.55
186.50 790.90
187.00 796.52
187.50 771.57
188.00 666.54
188.50 748.25
189.00 805.09
189.50 814.94
190.00 679.21
190.50 671.97
191.00 769.01
191.50 769.40
192.00 850.31
192.50 707.77
193.00 729.98
193.50 794.10
194.00 832.25
194.50 890.52
195.00 731.83
195.50 554.85
196.00 737.78
196.50 695.53
197.00 722.29
197.50 800.58
198.00 640.73
198.50 710.45
199.00 448.51
199.50 708.90
200.00 688.10
200.50 267.93
201.00 801.63
201.50 725.50
202.00 275.67
202.50 418.41
203.00 578.49
203.50 783.61
204.00 710.60
204.50 689.88
205.00 754.82
205.50 713.07
206.00 770.61
206.50 710.64
207.00 742.85
207.50 702.96
208.00 699.19
208.50 775.47
209.00 675.17
209.50 763.43
210.00 730.24
210.50 786.11
211.00 828.83
211.50 862.13
212.00 842.12
212.50 863.98
213.00 831.67
213.50 848.16
214.00 889.79
214.50 747.51
215.00 771.94
215.50 772.97
216.00 679.28
216.50 841.17
217.00 292.66
217.50 755.56
218.00 697.18
218.50 246.96
219.00 709.68
219.50 319.21
220.00 725.80
220.50 736.89
221.00 721.38
221.50 735.03
222.00 806.13
222.50 734.89
223.00 708.67
223.50 699.71
224.00 724.55
224.50 735.19
225.00 0.00
225.50 19.29
226.00 18.83
226.50 0.00
227.00 11.34
227.50 900.00
228.00 826.08
228.50 796.41
229.00 684.43
229.50 849.34
230.00 836.57
230.50 797.99
231.00 840.07
231.50 823.52
232.00 707.27
232.50 686.26
233.00 702.49
233.50 716.49
234.00 788.92
234.50 660.58
235.00 705.41
235.50 656.32
236.00 847.33
236.50 871.11
237.00 871.44
237.50 818.92
238.00 867.20
238.50 831.98
239.00 672.53
239.50 734.29
240.00 693.46
240.50 281.84
241.00 593.75
241.50 468.59
242.00 694.82
242.50 377.78
243.00 799.11
243.50 729.54
244.00 728.60
244.50 694.92
245.00 794.77
245.50 392.66
246.00 805.55
246.50 792.08
247.00 667.86
247.50 859.82
248.00 681.10
248.50 658.73
249.00 299.66
249.50 764.99
250.00 734.84
250.50 708.17
251.00 857.31
251.50 847.32
252.00 681.31
252.50 687.80
253.00 729.99
253.50 767.53
254.00 677.39
254.50 815.62
255.00 766.51
255.50 821.38
256.00 759.53
256.50 748.66
257.00 457.28
257.50 740.54
258.00 731.15
258.50 846.91
259.00 837.89
259.50 875.03
260.00 769.14
260.50 725.80
261.00 730.41
261.50 705.11
262.00 703.21
262.50 731.25
263.00 694.23
263.50 777.20
264.00 708.32
264.50 745.18
265.00 737.26
265.50 703.40
266.00 714.75
266.50 693.83
267.00 670.03
267.50 760.70
268.00 762.89
268.50 752.82
269.00 768.29
269.50 766.58
270.00 699.09
270.50 751.42
271.00 838.33
271.50 742.21
272.00 717.19
272.50 682.42
273.00 728.77
273.50 759.40
274.00 682.68
274.50 697.28
275.00 789.37
275.50 766.85
276.00 735.16
276.50 677.98
277.00 751.91
277.50 744.45
278.00 732.33
278.50 755.63
279.00 719.15
279.50 721.28
280.00 723.87
280.50 452.66
281.00 717.77
281.50 676.81
282.00 779.07
282.50 755.64
283.00 670.19
283.50 689.97
284.00 328.92
284.50 711.25
285.00 761.20
285.50 695.02
286.00 845.86
286.50 716.68
287.00 766.73
287.50 744.78
288.00 734.89
288.50 697.14
289.00 730.39
289.50 0.00
290.00 259.10
290.50 772.42
291.00 742.33
291.50 297.97
292.00 10.89
292.50 13.55
293.00 237.55
293.50 203.98
294.00 13.60
294.50 718.47
295.00 710.08
295.50 708.35
296.00 730.90
296.50 729.01
297.00 714.01
297.50 678.27
298.00 734.11
298.50 802.94
299.00 776.16
299.50 835.32
