0.00 725.81
0.50 752.16
1.00 761.93
1.50 740.77
2.00 753.62
2.50 726.12
3.00 705.28
3.50 772.81
4.00 757.74
4.50 539.05
5.00 560.36
5.50 721.10
6.00 699.18
6.50 752.19
7.00 852.69
7.50 848.85
8.00 845.60
8.50 810.82
9.00 860.58
9.50 834.26
10.00 622.70
10.50 740.90
11.00 513.16
11.50 696.08
12.00 704.93
12.50 773.70
13.00 770.77
13.50 731.04
14.00 734.19
14.50 388.78
15.00 717.86
15.50 857.20
16.00 382.61
16.50 785.36
17.00 711.35
17.50 716.23
18.00 720.27
18.50 692.41
19.00 178.02
19.50 782.66
20.00 695.84
20.50 853.76
21.00 746.71
21.50 737.36
22.00 728.44
22.50 705.41
23.00 818.33
23.50 753.12
24.00 737.19
24.50 730.53
25.00 809.13
25.50 840.82
26.00 768.13
26.50 799.50
27.00 779.32
27.50 690.82
28.00 707.38
28.50 728.44
29.00 884.46
29.50 757.86
30.00 798.68
30.50 792.33
31.00 711.82
31.50 529.44
32.00 747.45
32.50 775.69
33.00 818.81
33.50 689.31
34.00 783.42
34.50 734.91
35.00 758.92
35.50 767.11
36.00 764.72
36.50 743.45
37.00 763.20
37.50 713.20
38.00 760.28
38.50 736.55
39.00 725.74
39.50 689.33
40.00 744.39
40.50 702.06
41.00 729.41
41.50 17.56
42.00 81.80
42.50 754.28
43.00 74.27
43.50 246.02
44.00 716.88
44.50 380.65
45.00 776.62
45.50 758.55
46.00 682.01
46.50 738.17
47.00 161.87
47.50 721.55
48.00 774.47
48.50 844.91
49.00 681.33
49.50 17.66
50.00 0.00
50.50 0.00
51.00 17.71
51.50 230.90
52.00 370.16
52.50 605.73
53.00 2.27
53.50 705.43
54.00 720.00
54.50 717.18
55.00 748.76
55.50 743.69
56.00 758.00
56.50 765.13
57.00 743.44
57.50 723.47
58.00 363.00
58.50 782.46
59.00 710.21
59.50 709.41
60.00 761.84
60.50 810.71
61.00 797.12
61.50 688.44
62.00 783.44
62.50 714.10
63.00 757.49
63.50 740.03
64.00 764.63
64.50 707.87
65.00 692.98
65.50 726.96
66.00 724.60
66.50 640.19
67.00 873.42
67.50 547.31
68.00 900.00
68.50 673.95
69.00 742.25
69.50 705.75
70.00 729.80
70.50 665.00
71.00 759.51
71.50 743.47
72.00 714.49
72.50 723.34
73.00 721.59
73.50 757.84
74.00 721.80
74.50 772.03
75.00 686.10
75.50 737.79
76.00 721.02
76.50 740.49
77.00 709.66
77.50 686.37
78.00 704.16
78.50 806.99
79.00 794.44
79.50 702.48
80.00 778.39
80.50 756.42
81.00 696.84
81.50 750.07
82.00 747.93
82.50 393.08
83.00 319.31
83.50 714.06
84.00 684.40
84.50 645.39
85.00 793.10
85.50 726.08
86.00 798.35
86.50 747.54
87.00 770.74
87.50 699.86
88.00 716.63
88.50 726.25
89.00 745.60
89.50 718.00
90.00 726.37
90.50 726.98
91.00 706.59
91.50 742.85
92.00 696.22
92.50 866.65
93.00 704.17
93.50 792.21
94.00 735.41
94.50 706.57
95.00 701.08
95.50 570.55
96.00 343.09
96.50 690.09
97.00 693.95
97.50 900.00
98.00 717.57
98.50 318.21
99.00 696.87
99.50 705.38
100.00 685.44
100.50 862.49
101.00 743.76
101.50 840.91
102.00 844.38
102.50 836.40
103.00 873.91
103.50 515.67
104.00 493.13
104.50 731.28
105.00 716.99
105.50 446.38
106.00 702.08
106.50 305.42
107.00 20.08
107.50 19.70
108.00 278.78
108.50 0.00
109.00 748.49
109.50 828.13
110.00 743.09
110.50 860.70
111.00 827.59
111.50 730.84
112.00 792.36
112.50 642.04
113.00 740.00
113.50 731.34
114.00 854.39
114.50 825.04
115.00 780.34
115.50 727.83
116.00 729.05
116.50 695.98
117.00 730.00
117.50 704.06
118.00 712.70
118.50 665.20
119.00 767.62
119.50 693.16
120.00 759.95
120.50 694.64
121.00 735.59
121.50 780.52
122.00 677.62
122.50 727.52
123.00 535.93
123.50 900.00
124.00 815.08
124.50 733.33
125.00 721.09
125.50 696.84
126.00 678.36
126.50 796.35
127.00 711.61
127.50 722.47
128.00 704.51
128.50 860.29
129.00 749.31
129.50 791.63
130.00 870.98
130.50 798.58
131.00 708.83
131.50 709.95
132.00 707.42
132.50 704.76
133.00 686.95
133.50 714.01
134.00 718.65
134.50 715.67
135.00 709.80
135.50 631.27
136.00 297.79
136.50 808.68
137.00 709.44
137.50 660.87
138.00 733.14
138.50 812.95
139.00 692.49
139.50 701.89
140.00 720.86
140.50 712.16
141.00 812.08
141.50 704.34
142.00 789.92
142.50 542.69
143.00 297.57
143.50 690.71
144.00 823.17
144.50 773.93
145.00 797.60
145.50 650.94
146.00 796.40
146.50 725.18
147.00 741.56
147.50 734.18
148.00 855.51
148.50 750.72
149.00 789.74
149.50 678.39
150.00 682.63
150.50 794.21
151.00 714.03
151.50 851.77
152.00 855.41
152.50 854.78
153.00 579.99
153.50 489.73
154.00 728.36
154.50 0.00
155.00 491.42
155.50 126.16
156.00 803.58
156.50 635.81
157.00 670.68
157.50 694.93
158.00 697.61
158.50 689.48
159.00 860.36
159.50 841.05
160.00 501.36
160.50 731.82
161.00 718.03
161.50 849.80
162.00 836.96
162.50 798.00
163.00 241.47
163.50 0.00
164.00 3.64
164.50 381.14
165.00 661.42
165.50 175.58
166.00 746.26
166.50 701.43
167.00 716.57
167.50 727.33
168.00 646.99
168.50 809.77
169.00 726.52
169.50 703.70
170.00 845.78
170.50 192.03
171.00 795.74
171.50 784.73
172.00 819.09
172.50 866.44
173.00 822.58
173.50 831.32
174.00 847.60
174.50 744.51
175.00 721.32
175.50 475.29
176.00 714.72
176.50 775.09
177.00 753.92
177.50 674.96
178.00 679.06
178.50 719.59
179.00 691.98
179.50 845.54
180.00 740.81
180.50 559.90
181.00 787.33
181.50 843.03
182.00 691.81
182.50 732.71
183.00 668.21
183.50 701.50
184.00 735.34
184.50 668.99
185.00 674.07
185.50 827.63
186.00 756.16
186.50 844.50
187.00 851.18
187.50 726.60
188.00 735.41
188.50 758.60
189.00 714.14
189.50 21.10
190.00 10.76
190.50 0.00
191.00 0.51
191.50 14.67
192.00 0.00
192.50 38.68
193.00 104.91
193.50 70.56
194.00 470.74
194.50 598.42
195.00 396.32
195.50 696.70
196.00 708.83
196.50 744.72
197.00 844.44
197.50 861.67
198.00 755.91
198.50 712.44
199.00 727.42
199.50 846.65
200.00 839.75
200.50 842.52
201.00 830.67
201.50 870.20
202.00 863.93
202.50 761.97
203.00 706.13
203.50 726.68
204.00 715.31
204.50 722.99
205.00 746.55
205.50 729.15
206.00 730.51
206.50 697.99
207.00 748.84
207.50 763.34
208.00 725.82
208.50 650.16
209.00 717.79
209.50 704.69
210.00 688.28
210.50 768.35
211.00 721.37
211.50 731.66
212.00 611.69
212.50 831.53
213.00 700.40
213.50 704.65
214.00 723.11
214.50 741.51
215.00 804.45
215.50 730.96
216.00 763.90
216.50 681.05
217.00 700.50
217.50 686.31
218.00 749.99
218.50 752.62
219.00 745.48
219.50 656.60
220.00 746.37
220.50 721.31
221.00 847.85
221.50 858.48
222.00 719.51
222.50 205.33
223.00 399.71
223.50 778.00
224.00 0.00
224.50 788.03
225.00 708.56
225.50 688.32
226.00 745.28
226.50 817.17
227.00 816.81
227.50 793.95
228.00 0.00
228.50 0.00
229.00 7.16
229.50 274.97
230.00 175.87
230.50 479.18
231.00 425.52
231.50 4.43
232.00 14.27
232.50 154.02
233.00 0.00
233.50 2.01
234.00 0.00
234.50 0.00
235.00 0.00
235.50 0.62
236.00 4.44
236.50 0.00
237.00 402.13
237.50 539.79
238.00 743.45
238.50 756.06
239.00 706.87
239.50 693.60
240.00 703.58
240.50 665.27
241.00 698.63
241.50 729.86
242.00 278.41
242.50 135.32
243.00 761.94
243.50 750.60
244.00 753.64
244.50 797.54
245.00 738.25
245.50 704.29
246.00 741.52
246.50 716.25
247.00 741.81
247.50 751.82
248.00 716.38
248.50 755.95
249.00 744.67
249.50 725.63
250.00 728.99
250.50 775.78
251.00 760.27
251.50 744.06
252.00 698.45
252.50 758.62
253.00 753.21
253.50 728.61
254.00 750.16
254.50 789.72
255.00 729.97
255.50 718.34
256.00 765.41
256.50 716.81
257.00 727.80
257.50 715.27
258.00 751.41
258.50 723.42
259.00 729.13
259.50 706.56
260.00 740.91
260.50 805.42
261.00 711.64
261.50 706.99
262.00 794.83
262.50 798.69
263.00 494.34
263.50 472.60
264.00 774.80
264.50 826.55
265.00 720.93
265.50 707.32
266.00 706.49
266.50 348.48
267.00 698.76
267.50 714.22
268.00 720.88
268.50 701.15
269.00 799.95
269.50 704.60
270.00 756.51
270.50 689.88
271.00 706.45
271.50 781.33
272.00 681.90
272.50 693.72
273.00 740.10
273.50 779.19
274.00 723.42
274.50 692.41
275.00 728.48
275.50 900.00
276.00 741.66
276.50 695.47
277.00 812.40
277.50 708.60
278.00 717.99
278.50 681.44
279.00 794.26
279.50 731.09
280.00 849.57
280.50 852.93
281.00 707.93
281.50 707.40
282.00 725.56
282.50 625.10
283.00 762.08
283.50 720.63
284.00 731.90
284.50 764.32
285.00 730.25
285.50 680.64
286.00 737.20
286.50 718.94
287.00 718.90
287.50 695.96
288.00 835.95
288.50 861.68
289.00 851.72
289.50 835.68
290.00 690.46
290.50 742.63
291.00 777.70
291.50 657.75
292.00 873.49
292.50 652.04
293.00 731.04
293.50 682.58
294.00 736.06
294.50 696.59
295.00 675.93
295.50 460.69
296.00 363.46
296.50 463.56
297.00 197.08
297.50 366.17
298.00 305.75
298.50 0.00
299.00 336.55
299.50 582.15
