0.00 749.15
0.50 713.28
1.00 812.69
1.50 717.26
2.00 764.93
2.50 724.85
3.00 817.47
3.50 714.49
4.00 790.86
4.50 731.12
5.00 145.47
5.50 648.43
6.00 717.35
6.50 762.25
7.00 772.99
7.50 738.13
8.00 701.38
8.50 728.98
9.00 754.55
9.50 713.15
10.00 758.26
10.50 745.65
11.00 718.54
11.50 745.12
12.00 712.58
12.50 756.66
13.00 741.25
13.50 675.38
14.00 757.06
14.50 724.66
15.00 727.23
15.50 716.13
16.00 690.11
16.50 678.50
17.00 723.78
17.50 812.19
18.00 737.13
18.50 752.49
19.00 758.27
19.50 780.59
20.00 717.96
20.50 652.59
21.00 757.76
21.50 726.68
22.00 767.01
22.50 725.58
23.00 741.70
23.50 710.00
24.00 800.36
24.50 752.53
25.00 732.01
25.50 698.65
26.00 761.02
26.50 683.61
27.00 736.52
27.50 790.34
28.00 768.87
28.50 718.23
29.00 703.07
29.50 713.06
30.00 774.72
30.50 772.63
31.00 741.64
31.50 776.62
32.00 768.42
32.50 739.49
33.00 762.69
33.50 734.21
34.00 685.15
34.50 738.66
35.00 690.94
35.50 713.26
36.00 715.28
36.50 696.06
37.00 716.75
37.50 835.81
38.00 802.24
38.50 749.24
39.00 815.05
39.50 284.37
40.00 736.22
40.50 859.35
41.00 855.52
41.50 784.20
42.00 766.53
42.50 721.41
43.00 710.51
43.50 764.48
44.00 723.70
44.50 723.89
45.00 704.94
45.50 675.84
46.00 719.78
46.50 674.88
47.00 702.78
47.50 729.31
48.00 692.91
48.50 734.20
49.00 740.69
49.50 720.88
50.00 771.30
50.50 827.09
51.00 844.66
51.50 717.49
52.00 281.35
52.50 503.10
53.00 150.64
53.50 0.00
54.00 6.50
54.50 239.37
55.00 435.77
55.50 264.01
56.00 370.39
56.50 0.00
57.00 0.00
57.50 296.73
58.00 787.88
58.50 736.04
59.00 717.97
59.50 662.44
60.00 756.06
60.50 747.55
61.00 828.52
61.50 689.34
62.00 865.72
62.50 750.51
63.00 645.75
63.50 731.48
64.00 739.85
64.50 354.63
65.00 8.66
65.50 11.72
66.00 10.11
66.50 0.00
67.00 611.70
67.50 0.00
68.00 173.01
68.50 808.11
69.00 830.33
69.50 725.86
70.00 702.42
70.50 729.01
71.00 849.80
71.50 841.25
72.00 733.41
72.50 758.96
73.00 719.08
73.50 633.85
74.00 759.55
74.50 819.16
75.00 749.68
75.50 731.37
76.00 341.84
76.50 491.78
77.00 444.35
77.50 12.03
78.00 779.00
78.50 301.74
79.00 743.14
79.50 778.87
80.00 710.67
80.50 673.03
81.00 803.58
81.50 716.57
82.00 761.40
82.50 711.09
83.00 767.58
83.50 688.68
84.00 740.04
84.50 678.90
85.00 723.34
85.50 768.37
86.00 769.51
86.50 183.24
87.00 637.85
87.50 716.63
88.00 517.50
88.50 754.19
89.00 757.12
89.50 736.44
90.00 1.39
90.50 10.82
91.00 10.44
91.50 277.96
92.00 378.10
92.50 29.04
93.00 180.19
93.50 783.28
94.00 11.80
94.50 637.68
95.00 424.97
95.50 0.00
96.00 795.57
96.50 731.00
97.00 753.60
97.50 784.75
98.00 852.32
98.50 835.18
99.00 826.71
99.50 223.39
100.00 368.74
100.50 486.33
101.00 632.63
101.50 588.41
102.00 693.75
102.50 746.98
103.00 738.93
103.50 704.19
104.00 733.19
104.50 766.65
105.00 707.01
105.50 734.50
106.00 803.60
106.50 886.41
107.00 688.37
107.50 707.47
108.00 722.48
108.50 858.79
109.00 839.97
109.50 728.29
110.00 684.49
110.50 745.20
111.00 694.97
111.50 685.23
112.00 697.15
112.50 765.20
113.00 759.22
113.50 701.70
114.00 763.08
114.50 732.57
115.00 739.48
115.50 717.37
116.00 756.53
116.50 685.13
117.00 705.31
117.50 765.31
118.00 733.48
118.50 735.28
119.00 767.85
119.50 840.20
120.00 801.29
120.50 487.73
121.00 739.78
121.50 759.55
122.00 719.62
122.50 768.43
123.00 717.62
123.50 755.13
124.00 751.88
124.50 836.93
125.00 788.05
125.50 361.00
126.00 77.68
126.50 388.93
127.00 686.83
127.50 791.88
128.00 702.66
128.50 558.87
129.00 697.38
129.50 536.59
130.00 752.20
130.50 764.68
131.00 707.11
131.50 789.22
132.00 811.91
132.50 774.31
133.00 812.96
133.50 807.71
134.00 766.17
134.50 709.88
135.00 276.08
135.50 6.39
136.00 0.00
136.50 9.06
137.00 3.91
137.50 1.61
138.00 9.20
138.50 10.62
139.00 24.10
139.50 282.25
140.00 687.32
140.50 768.31
141.00 746.94
141.50 745.69
142.00 811.84
142.50 765.65
143.00 853.42
143.50 831.05
144.00 813.52
144.50 881.64
145.00 168.81
145.50 564.25
146.00 403.87
146.50 611.95
147.00 726.14
147.50 756.92
148.00 710.38
148.50 738.78
149.00 737.93
149.50 253.10
150.00 689.99
150.50 883.98
151.00 842.35
151.50 660.68
152.00 740.50
152.50 713.81
153.00 583.08
153.50 674.03
154.00 720.84
154.50 358.38
155.00 695.63
155.50 676.23
156.00 732.34
156.50 725.24
157.00 811.00
157.50 700.13
158.00 719.84
158.50 856.99
159.00 688.76
159.50 699.40
160.00 705.17
160.50 631.87
161.00 709.35
161.50 739.54
162.00 741.17
162.50 742.18
163.00 704.26
163.50 831.53
164.00 847.56
164.50 859.10
165.00 832.38
165.50 839.65
166.00 743.11
166.50 733.56
167.00 696.77
167.50 760.95
168.00 713.58
168.50 348.37
169.00 700.03
169.50 699.63
170.00 715.53
170.50 844.93
171.00 852.30
171.50 834.77
172.00 835.05
172.50 802.54
173.00 724.75
173.50 823.85
174.00 787.16
174.50 704.16
175.00 788.83
175.50 805.08
176.00 695.61
176.50 613.37
177.00 743.92
177.50 848.69
178.00 791.71
178.50 749.39
179.00 688.03
179.50 721.56
180.00 683.64
180.50 719.13
181.00 733.56
181.50 829.85
182.00 834.67
182.50 848.70
183.00 858.19
183.50 840.48
184.00 843.27
184.50 845.27
185.00 851.62
185.50 843.71
186.00 876.90
186.50 846.00
187.00 880.25
187.50 815.09
188.00 863.60
188.50 806.60
189.00 849.05
189.50 818.15
190.00 730.45
190.50 754.66
191.00 750.87
191.50 701.53
192.00 237.11
192.50 859.99
193.00 824.02
193.50 708.12
194.00 814.60
194.50 304.71
195.00 492.24
195.50 766.89
196.00 732.09
196.50 749.55
197.00 712.61
197.50 793.27
198.00 328.27
198.50 6.36
199.00 544.40
199.50 781.09
200.00 820.08
200.50 696.58
201.00 859.24
201.50 826.15
202.00 847.57
202.50 835.19
203.00 846.56
203.50 811.79
204.00 840.34
204.50 840.70
205.00 731.14
205.50 734.40
206.00 734.25
206.50 736.64
207.00 721.16
207.50 727.32
208.00 742.85
208.50 693.37
209.00 766.44
209.50 656.22
210.00 752.98
210.50 739.92
211.00 732.33
211.50 731.77
212.00 782.76
212.50 752.49
213.00 745.81
213.50 680.43
214.00 727.92
214.50 691.20
215.00 706.33
215.50 723.15
216.00 689.65
216.50 709.83
217.00 384.46
217.50 689.37
218.00 721.94
218.50 657.13
219.00 664.26
219.50 701.93
220.00 729.32
220.50 773.82
221.00 371.71
221.50 413.58
222.00 441.79
222.50 712.09
223.00 725.35
223.50 839.75
224.00 779.56
224.50 453.09
225.00 378.80
225.50 12.10
226.00 22.56
226.50 0.00
227.00 736.01
227.50 714.87
228.00 695.74
228.50 579.66
229.00 731.97
229.50 380.46
230.00 802.10
230.50 797.24
231.00 817.03
231.50 736.92
232.00 828.24
232.50 735.52
233.00 743.53
233.50 750.52
234.00 762.03
234.50 694.51
235.00 748.88
235.50 714.98
236.00 774.46
236.50 751.60
237.00 0.00
237.50 149.49
238.00 686.97
238.50 710.97
239.00 729.78
239.50 403.88
240.00 675.29
240.50 735.41
241.00 879.05
241.50 830.36
242.00 720.86
242.50 705.93
243.00 710.38
243.50 702.58
244.00 839.25
244.50 854.94
245.00 888.25
245.50 836.30
246.00 848.73
246.50 812.22
247.00 869.23
247.50 830.27
248.00 873.50
248.50 822.00
249.00 850.94
249.50 851.09
250.00 852.99
250.50 29.50
251.00 599.29
251.50 423.93
252.00 781.72
252.50 764.87
253.00 726.20
253.50 722.78
254.00 732.39
254.50 875.65
255.00 723.18
255.50 702.92
256.00 791.56
256.50 709.30
257.00 717.04
257.50 712.64
258.00 880.67
258.50 841.44
259.00 900.00
259.50 761.69
260.00 756.57
260.50 707.45
261.00 757.28
261.50 738.18
262.00 755.51
262.50 752.34
263.00 695.25
263.50 722.91
264.00 716.68
264.50 748.37
265.00 749.86
265.50 736.50
266.00 751.32
266.50 751.49
267.00 672.12
267.50 722.06
268.00 724.40
268.50 811.26
269.00 852.42
269.50 841.17
270.00 868.96
270.50 822.39
271.00 785.14
271.50 758.56
272.00 696.05
272.50 687.37
273.00 877.48
273.50 846.87
274.00 727.23
274.50 661.82
275.00 733.28
275.50 712.53
276.00 720.31
276.50 713.49
277.00 700.23
277.50 679.82
278.00 817.26
278.50 264.14
279.00 708.93
279.50 661.62
280.00 864.15
280.50 870.58
281.00 756.40
281.50 663.11
282.00 730.68
282.50 498.97
283.00 569.99
283.50 686.85
284.00 809.98
284.50 819.22
285.00 816.97
285.50 768.25
286.00 827.08
286.50 678.14
287.00 720.97
287.50 9.45
288.00 482.41
288.50 340.26
289.00 763.71
289.50 857.67
290.00 843.89
290.50 866.87
291.00 836.52
291.50 817.45
292.00 871.71
292.50 881.61
293.00 830.84
293.50 801.70
294.00 827.74
294.50 711.31
295.00 711.38
295.50 679.99
296.00 716.97
296.50 705.33
297.00 718.47
297.50 874.73
298.00 832.60
298.50 717.43
299.00 803.42
299.50 668.85
