0.00 776.05
0.50 716.61
1.00 716.01
1.50 723.75
2.00 752.12
2.50 708.25
3.00 684.26
3.50 790.91
4.00 796.35
4.50 728.50
5.00 732.99
5.50 708.84
6.00 733.38
6.50 755.29
7.00 736.15
7.50 727.87
8.00 760.97
8.50 661.87
9.00 435.31
9.50 624.12
10.00 837.84
10.50 694.64
11.00 706.06
11.50 789.22
12.00 736.82
12.50 757.35
13.00 717.57
13.50 729.11
14.00 680.92
14.50 799.36
15.00 740.75
15.50 773.24
16.00 767.03
16.50 711.07
17.00 686.52
17.50 752.51
18.00 391.74
18.50 807.19
19.00 714.15
19.50 788.54
20.00 702.66
20.50 891.88
21.00 879.05
21.50 817.43
22.00 710.05
22.50 314.22
23.00 781.67
23.50 770.84
24.00 729.31
24.50 780.66
25.00 758.75
25.50 733.43
26.00 739.73
26.50 710.22
27.00 761.46
27.50 652.80
28.00 793.60
28.50 727.47
29.00 711.78
29.50 756.71
30.00 743.71
30.50 800.39
31.00 693.16
31.50 721.78
32.00 760.09
32.50 699.36
33.00 693.20
33.50 802.59
34.00 734.86
34.50 741.79
35.00 750.38
35.50 661.44
36.00 724.46
36.50 731.50
37.00 854.08
37.50 706.06
38.00 756.29
38.50 745.66
39.00 760.24
39.50 740.77
40.00 767.96
40.50 746.26
41.00 709.14
41.50 710.85
42.00 516.23
42.50 0.00
43.00 601.98
43.50 302.47
44.00 1.72
44.50 14.75
45.00 88.00
45.50 768.96
46.00 707.44
46.50 748.95
47.00 826.08
47.50 834.91
48.00 846.56
48.50 829.99
49.00 760.15
49.50 782.11
50.00 661.05
50.50 735.41
51.00 672.33
51.50 741.67
52.00 701.07
52.50 754.35
53.00 734.63
53.50 656.48
54.00 710.75
54.50 735.36
55.00 778.13
55.50 664.47
56.00 736.33
56.50 730.53
57.00 748.66
57.50 729.77
58.00 362.10
58.50 701.01
59.00 695.67
59.50 680.65
60.00 805.08
60.50 744.42
61.00 837.26
61.50 839.58
62.00 735.13
62.50 754.47
63.00 859.79
63.50 521.53
64.00 747.10
64.50 719.32
65.00 729.57
65.50 685.90
66.00 755.26
66.50 726.11
67.00 747.68
67.50 709.29
68.00 758.82
68.50 728.48
69.00 767.12
69.50 760.56
70.00 804.49
70.50 820.98
71.00 0.00
71.50 126.76
72.00 383.35
72.50 503.23
73.00 235.09
73.50 703.68
74.00 726.98
74.50 722.76
75.00 775.47
75.50 769.48
76.00 739.68
76.50 771.82
77.00 793.14
77.50 727.67
78.00 703.13
78.50 733.29
79.00 759.00
79.50 815.84
80.00 862.56
80.50 821.16
81.00 849.10
81.50 853.19
82.00 849.53
82.50 867.80
83.00 864.03
83.50 664.37
84.00 737.79
84.50 865.26
85.00 792.41
85.50 875.99
86.00 714.60
86.50 712.88
87.00 716.05
87.50 698.77
88.00 726.66
88.50 785.66
89.00 695.66
89.50 668.95
90.00 791.11
90.50 701.58
91.00 713.89
91.50 779.65
92.00 757.06
92.50 764.36
93.00 686.08
93.50 753.75
94.00 746.55
94.50 747.00
95.00 759.90
95.50 717.64
96.00 717.35
96.50 761.46
97.00 720.23
97.50 695.08
98.00 714.35
98.50 686.52
99.00 753.74
99.50 754.99
100.00 685.47
100.50 715.89
101.00 755.30
101.50 704.25
102.00 728.21
102.50 714.19
103.00 742.26
103.50 765.84
104.00 711.73
104.50 749.42
105.00 691.19
105.50 698.33
106.00 146.79
106.50 625.15
107.00 780.44
107.50 574.13
108.00 531.28
108.50 311.12
109.00 150.80
109.50 0.00
110.00 15.80
110.50 14.98
111.00 550.01
111.50 670.63
112.00 857.53
112.50 736.16
113.00 670.50
113.50 706.35
114.00 535.83
114.50 0.00
115.00 29.56
115.50 4.23
116.00 7.66
116.50 0.52
117.00 7.12
117.50 406.38
118.00 681.58
118.50 702.58
119.00 485.65
119.50 665.96
120.00 703.95
120.50 694.67
121.00 834.27
121.50 751.65
122.00 776.91
122.50 797.07
123.00 723.47
123.50 742.39
124.00 713.85
124.50 755.32
125.00 744.47
125.50 740.83
126.00 698.60
126.50 744.73
127.00 746.12
127.50 771.88
128.00 730.25
128.50 745.66
129.00 744.68
129.50 807.50
130.00 413.13
130.50 749.53
131.00 702.82
131.50 219.36
132.00 712.49
132.50 694.96
133.00 50.76
133.50 387.22
134.00 821.51
134.50 779.94
135.00 720.02
135.50 653.07
136.00 900.00
136.50 717.95
137.00 800.58
137.50 756.84
138.00 679.79
138.50 703.52
139.00 700.01
139.50 678.58
140.00 692.48
140.50 748.11
141.00 712.77
141.50 685.91
142.00 776.93
142.50 713.85
143.00 680.52
143.50 789.98
144.00 698.95
144.50 763.77
145.00 750.29
145.50 766.53
146.00 739.06
146.50 684.29
147.00 733.76
147.50 813.13
148.00 734.16
148.50 758.78
149.00 691.83
149.50 734.49
150.00 648.20
150.50 0.00
151.00 725.36
151.50 754.00
152.00 716.41
152.50 760.48
153.00 705.46
153.50 706.46
154.00 656.50
154.50 719.07
155.00 863.01
155.50 881.91
156.00 731.49
156.50 770.69
157.00 770.92
157.50 768.47
158.00 0.00
158.50 183.22
159.00 726.07
159.50 712.61
160.00 717.79
160.50 708.93
161.00 719.93
161.50 724.48
162.00 726.64
162.50 717.32
163.00 682.46
163.50 707.35
164.00 718.86
164.50 775.56
165.00 740.47
165.50 748.89
166.00 722.96
166.50 754.05
167.00 755.18
167.50 733.81
168.00 778.06
168.50 726.34
169.00 752.51
169.50 745.72
170.00 738.99
170.50 752.39
171.00 727.82
171.50 748.17
172.00 772.59
172.50 742.58
173.00 802.53
173.50 705.36
174.00 696.82
174.50 743.09
175.00 741.33
175.50 698.63
176.00 753.65
176.50 738.27
177.00 705.41
177.50 771.99
178.00 775.39
178.50 726.57
179.00 697.32
179.50 702.95
180.00 797.43
180.50 826.42
181.00 744.40
181.50 691.40
182.00 714.98
182.50 707.21
183.00 727.46
183.50 768.68
184.00 733.65
184.50 838.23
185.00 670.34
185.50 715.06
186.00 759.32
186.50 838.24
187.00 737.26
187.50 703.52
188.00 709.04
188.50 752.71
189.00 680.42
189.50 765.98
190.00 757.52
190.50 712.72
191.00 682.65
191.50 807.41
192.00 692.44
192.50 714.07
193.00 652.71
193.50 704.62
194.00 807.39
194.50 721.97
195.00 888.35
195.50 801.35
196.00 818.13
196.50 865.22
197.00 726.65
197.50 704.12
198.00 825.38
198.50 758.76
199.00 859.71
199.50 815.01
200.00 786.13
200.50 710.50
201.00 711.93
201.50 867.23
202.00 702.39
202.50 697.90
203.00 672.92
203.50 869.94
204.00 720.54
204.50 743.35
205.00 792.72
205.50 736.31
206.00 731.38
206.50 739.51
207.00 734.49
207.50 377.40
208.00 379.69
208.50 714.52
209.00 700.76
209.50 687.57
210.00 836.91
210.50 695.07
211.00 734.32
211.50 765.58
212.00 722.95
212.50 490.93
213.00 734.50
213.50 691.61
214.00 711.56
214.50 726.04
215.00 760.55
215.50 670.93
216.00 679.60
216.50 825.90
217.00 812.28
217.50 705.26
218.00 760.21
218.50 685.51
219.00 691.46
219.50 699.79
220.00 706.11
220.50 714.80
221.00 707.46
221.50 780.49
222.00 747.38
222.50 764.48
223.00 695.49
223.50 656.26
224.00 7.46
224.50 10.60
225.00 749.50
225.50 734.15
226.00 873.72
226.50 778.04
227.00 761.63
227.50 772.82
228.00 732.62
228.50 724.06
229.00 716.41
229.50 799.84
230.00 811.77
230.50 686.31
231.00 686.60
231.50 699.19
232.00 752.40
232.50 699.66
233.00 692.64
233.50 309.81
234.00 466.94
234.50 806.36
235.00 302.09
235.50 257.61
236.00 345.52
236.50 25.58
237.00 4.25
237.50 604.25
238.00 828.92
238.50 7.26
239.00 0.00
239.50 16.88
240.00 0.68
240.50 17.98
241.00 11.18
241.50 4.43
242.00 683.90
242.50 686.75
243.00 735.12
243.50 746.64
244.00 692.21
244.50 784.51
245.00 758.40
245.50 737.22
246.00 782.87
246.50 729.92
247.00 758.62
247.50 710.38
248.00 764.05
248.50 735.75
249.00 715.87
249.50 741.02
250.00 756.23
250.50 696.32
251.00 872.54
251.50 792.60
252.00 738.73
252.50 0.00
253.00 439.93
253.50 307.07
254.00 1.18
254.50 1.31
255.00 40.46
255.50 166.92
256.00 698.91
256.50 697.59
257.00 644.20
257.50 739.09
258.00 727.68
258.50 112.75
259.00 809.18
259.50 858.60
260.00 817.15
260.50 681.67
261.00 769.82
261.50 239.58
262.00 729.91
262.50 698.10
263.00 700.37
263.50 716.61
264.00 663.52
264.50 763.58
265.00 767.51
265.50 751.04
266.00 848.99
266.50 745.27
267.00 721.70
267.50 688.60
268.00 669.18
268.50 719.03
269.00 716.21
269.50 743.79
270.00 722.56
270.50 797.83
271.00 740.31
271.50 735.70
272.00 734.67
272.50 724.24
273.00 762.11
273.50 714.62
274.00 727.30
274.50 724.87
275.00 662.89
275.50 727.30
276.00 797.51
276.50 850.14
277.00 827.13
277.50 716.09
278.00 735.64
278.50 810.96
279.00 686.58
279.50 773.07
280.00 706.60
280.50 683.32
281.00 472.59
281.50 762.02
282.00 753.29
282.50 733.91
283.00 758.98
283.50 718.19
284.00 743.31
284.50 748.42
285.00 777.65
285.50 677.53
286.00 715.25
286.50 703.00
287.00 756.56
287.50 745.35
288.00 754.85
288.50 652.93
289.00 689.31
289.50 719.83
290.00 719.91
290.50 736.71
291.00 724.12
291.50 0.00
292.00 0.00
292.50 757.19
293.00 817.62
293.50 731.90
294.00 768.42
294.50 731.47
295.00 742.23
295.50 738.47
296.00 739.70
296.50 751.57
297.00 685.13
297.50 729.78
298.00 713.96
298.50 755.26
299.00 701.71
299.50 715.48
