0.00 811.02
0.50 709.36
1.00 694.39
1.50 760.00
2.00 705.52
2.50 670.50
3.00 702.73
3.50 705.42
4.00 693.66
4.50 711.95
5.00 710.13
5.50 23.42
6.00 486.76
6.50 700.32
7.00 432.11
7.50 724.74
8.00 476.06
8.50 720.45
9.00 766.30
9.50 673.06
10.00 751.16
10.50 770.65
11.00 667.58
11.50 705.47
12.00 699.70
12.50 702.84
13.00 712.19
13.50 811.63
14.00 699.33
14.50 746.05
15.00 736.36
15.50 789.34
16.00 883.16
16.50 801.94
17.00 739.37
17.50 809.09
18.00 792.21
18.50 703.87
19.00 725.92
19.50 745.47
20.00 759.44
20.50 770.55
21.00 758.28
21.50 765.92
22.00 3.59
22.50 0.00
23.00 550.99
23.50 813.75
24.00 379.86
24.50 588.56
25.00 774.44
25.50 767.98
26.00 711.49
26.50 837.33
27.00 862.54
27.50 852.80
28.00 845.44
28.50 814.85
29.00 858.32
29.50 839.37
30.00 825.35
30.50 762.82
31.00 748.32
31.50 614.85
32.00 738.23
32.50 714.09
33.00 723.33
33.50 705.29
34.00 699.16
34.50 738.68
35.00 777.75
35.50 714.48
36.00 749.33
36.50 811.80
37.00 839.51
37.50 819.89
38.00 856.85
38.50 809.47
39.00 828.79
39.50 861.45
40.00 814.35
40.50 866.04
41.00 843.76
41.50 816.76
42.00 788.95
42.50 722.32
43.00 679.23
43.50 49.98
44.00 0.00
44.50 149.34
45.00 294.31
45.50 719.43
46.00 758.20
46.50 688.25
47.00 735.71
47.50 710.96
48.00 833.35
48.50 704.22
49.00 900.00
49.50 789.09
50.00 764.86
50.50 690.60
51.00 694.90
51.50 710.00
52.00 707.36
52.50 860.29
53.00 736.48
53.50 754.08
54.00 843.90
54.50 853.95
55.00 730.67
55.50 718.12
56.00 705.89
56.50 833.36
57.00 757.82
57.50 859.00
58.00 719.87
58.50 833.42
59.00 356.71
59.50 503.20
60.00 13.16
60.50 535.37
61.00 218.41
61.50 68.13
62.00 765.35
62.50 757.17
63.00 699.61
63.50 724.12
64.00 772.35
64.50 765.45
65.00 805.19
65.50 777.34
66.00 703.66
66.50 711.35
67.00 784.11
67.50 692.55
68.00 768.34
68.50 733.04
69.00 753.37
69.50 712.88
70.00 690.37
70.50 769.33
71.00 714.99
71.50 749.96
72.00 725.62
72.50 671.10
73.00 716.24
73.50 728.37
74.00 762.45
74.50 741.98
75.00 785.98
75.50 751.17
76.00 750.27
76.50 716.28
77.00 746.79
77.50 751.42
78.00 719.18
78.50 873.57
79.00 810.65
79.50 702.88
80.00 831.04
80.50 14.56
81.00 0.27
81.50 5.91
82.00 164.13
82.50 748.21
83.00 759.55
83.50 687.74
84.00 671.50
84.50 820.49
85.00 851.27
85.50 867.81
86.00 19.59
86.50 658.60
87.00 778.36
87.50 716.59
88.00 679.38
88.50 741.88
89.00 729.42
89.50 819.79
90.00 741.70
90.50 818.23
91.00 750.02
91.50 726.20
92.00 677.13
92.50 702.88
93.00 815.23
93.50 900.00
94.00 691.09
94.50 721.32
95.00 709.03
95.50 710.20
96.00 856.41
96.50 881.33
97.00 811.55
97.50 693.35
98.00 722.56
98.50 738.91
99.00 728.40
99.50 617.56
100.00 620.06
100.50 775.30
101.00 738.96
101.50 697.93
102.00 699.23
102.50 698.08
103.00 848.17
103.50 676.43
104.00 674.03
104.50 679.42
105.00 715.29
105.50 691.79
106.00 726.26
106.50 829.80
107.00 694.16
107.50 746.85
108.00 716.50
108.50 826.15
109.00 714.24
109.50 790.94
110.00 742.21
110.50 739.57
111.00 717.25
111.50 741.02
112.00 723.14
112.50 718.12
113.00 757.18
113.50 686.59
114.00 733.94
114.50 686.63
115.00 689.84
115.50 439.64
116.00 763.99
116.50 745.80
117.00 742.33
117.50 750.07
118.00 700.04
118.50 713.85
119.00 755.89
119.50 723.29
120.00 324.44
120.50 536.40
121.00 6.09
121.50 342.52
122.00 735.81
122.50 809.70
123.00 684.24
123.50 645.63
124.00 769.64
124.50 684.01
125.00 144.46
125.50 721.44
126.00 706.16
126.50 715.11
127.00 693.50
127.50 685.53
128.00 900.00
128.50 798.68
129.00 764.93
129.50 690.30
130.00 713.64
130.50 704.47
131.00 676.46
131.50 520.06
132.00 709.20
132.50 693.27
133.00 755.83
133.50 702.39
134.00 685.17
134.50 754.75
135.00 694.94
135.50 714.51
136.00 708.60
136.50 744.37
137.00 795.33
137.50 768.46
138.00 738.13
138.50 667.93
139.00 737.02
139.50 720.19
140.00 749.31
140.50 725.38
141.00 757.95
141.50 738.21
142.00 689.37
142.50 713.49
143.00 747.91
143.50 751.45
144.00 753.92
144.50 738.91
145.00 761.13
145.50 760.02
146.00 726.94
146.50 726.23
147.00 716.91
147.50 730.34
148.00 744.79
148.50 762.07
149.00 745.88
149.50 695.86
150.00 763.75
150.50 694.29
151.00 896.32
151.50 710.45
152.00 699.69
152.50 695.93
153.00 717.14
153.50 687.70
154.00 692.61
154.50 744.24
155.00 672.58
155.50 797.19
156.00 855.92
156.50 781.39
157.00 710.52
157.50 696.73
158.00 727.85
158.50 686.77
159.00 708.93
159.50 900.00
160.00 738.72
160.50 735.24
161.00 527.64
161.50 7.77
162.00 23.16
162.50 16.62
163.00 322.36
163.50 17.81
164.00 1.27
164.50 213.00
165.00 718.14
165.50 802.09
166.00 770.07
166.50 750.09
167.00 792.22
167.50 142.31
168.00 28.75
168.50 0.61
169.00 19.23
169.50 16.00
170.00 723.42
170.50 676.59
171.00 598.17
171.50 803.50
172.00 734.71
172.50 772.68
173.00 866.34
173.50 790.23
174.00 751.31
174.50 860.88
175.00 698.35
175.50 772.99
176.00 713.65
176.50 740.83
177.00 809.35
177.50 717.73
178.00 716.41
178.50 780.46
179.00 738.43
179.50 727.26
180.00 716.25
180.50 659.13
181.00 766.33
181.50 719.56
182.00 727.59
182.50 727.68
183.00 758.83
183.50 780.21
184.00 695.88
184.50 738.30
185.00 704.30
185.50 409.09
186.00 808.82
186.50 152.47
187.00 704.89
187.50 702.32
188.00 853.06
188.50 732.46
189.00 693.27
189.50 715.35
190.00 853.46
190.50 433.74
191.00 733.49
191.50 791.84
192.00 726.14
192.50 707.45
193.00 828.07
193.50 758.71
194.00 741.49
194.50 704.87
195.00 786.42
195.50 790.43
196.00 724.69
196.50 750.08
197.00 730.97
197.50 752.70
198.00 659.09
198.50 773.32
199.00 714.94
199.50 712.25
200.00 782.69
200.50 706.27
201.00 825.12
201.50 834.68
202.00 855.27
202.50 836.98
203.00 813.54
203.50 834.34
204.00 850.95
204.50 855.08
205.00 730.56
205.50 654.29
206.00 721.43
206.50 706.40
207.00 846.54
207.50 718.10
208.00 672.04
208.50 746.04
209.00 728.47
209.50 719.96
210.00 724.61
210.50 766.76
211.00 733.69
211.50 782.35
212.00 714.40
212.50 736.05
213.00 868.61
213.50 690.61
214.00 736.00
214.50 758.40
215.00 823.73
215.50 399.99
216.00 781.41
216.50 470.98
217.00 730.19
217.50 687.67
218.00 866.49
218.50 865.14
219.00 676.21
219.50 761.83
220.00 770.54
220.50 788.83
221.00 719.65
221.50 692.24
222.00 773.27
222.50 728.27
223.00 739.86
223.50 736.19
224.00 724.60
224.50 693.40
225.00 179.77
225.50 645.67
226.00 423.95
226.50 24.22
227.00 595.94
227.50 773.82
228.00 737.38
228.50 793.06
229.00 857.22
229.50 727.37
230.00 713.05
230.50 720.62
231.00 712.48
231.50 211.27
232.00 10.58
232.50 8.75
233.00 11.09
233.50 575.19
234.00 0.00
234.50 16.48
235.00 532.35
235.50 724.37
236.00 764.57
236.50 787.77
237.00 745.66
237.50 775.08
238.00 711.76
238.50 787.54
239.00 817.20
239.50 0.00
240.00 0.00
240.50 734.69
241.00 741.65
241.50 755.47
242.00 716.30
242.50 774.65
243.00 856.37
243.50 698.47
244.00 668.45
244.50 713.74
245.00 745.69
245.50 741.88
246.00 782.90
246.50 741.10
247.00 781.63
247.50 784.76
248.00 825.51
248.50 818.23
249.00 825.54
249.50 795.97
250.00 669.66
250.50 694.71
251.00 694.37
251.50 697.94
252.00 739.99
252.50 756.08
253.00 743.61
253.50 706.09
254.00 742.52
254.50 716.37
255.00 733.88
255.50 728.54
256.00 725.76
256.50 692.83
257.00 737.64
257.50 705.38
258.00 735.20
258.50 766.24
259.00 758.50
259.50 757.87
260.00 752.89
260.50 677.43
261.00 756.83
261.50 750.15
262.00 774.97
262.50 715.64
263.00 729.52
263.50 800.69
264.00 754.27
264.50 725.15
265.00 742.29
265.50 827.83
266.00 679.57
266.50 686.50
267.00 675.86
267.50 855.28
268.00 723.93
268.50 705.61
269.00 741.33
269.50 162.29
270.00 418.57
270.50 11.18
271.00 779.48
271.50 737.82
272.00 749.21
272.50 748.98
273.00 719.27
273.50 737.35
274.00 755.49
274.50 725.85
275.00 758.04
275.50 689.25
276.00 692.87
276.50 700.84
277.00 709.84
277.50 741.63
278.00 736.52
278.50 697.59
279.00 733.49
279.50 666.96
280.00 450.57
280.50 841.56
281.00 851.30
281.50 847.92
282.00 831.73
282.50 900.00
283.00 714.54
283.50 684.90
284.00 708.62
284.50 748.85
285.00 765.50
285.50 836.83
286.00 690.58
286.50 706.06
287.00 682.46
287.50 708.28
288.00 655.94
288.50 720.57
289.00 703.35
289.50 725.50
290.00 753.60
290.50 678.61
291.00 206.64
291.50 2.44
292.00 532.16
292.50 556.61
293.00 34.94
293.50 0.00
294.00 15.69
294.50 729.91
295.00 763.04
295.50 751.45
296.00 731.10
296.50 692.69
297.00 730.14
297.50 774.15
298.00 749.85
298.50 688.30
299.00 689.74
299.50 728.83
