0.00 748.15
0.50 734.80
1.00 746.93
1.50 778.40
2.00 742.71
2.50 734.33
3.00 775.91
3.50 718.70
4.00 733.56
4.50 745.50
5.00 737.86
5.50 728.73
6.00 700.73
6.50 679.04
7.00 718.01
7.50 776.41
8.00 834.70
8.50 727.40
9.00 723.99
9.50 703.19
10.00 700.16
10.50 761.54
11.00 747.47
11.50 723.15
12.00 762.34
12.50 798.05
13.00 650.32
13.50 811.92
14.00 704.48
14.50 728.78
15.00 722.88
15.50 720.05
16.00 733.87
16.50 720.05
17.00 783.69
17.50 693.90
18.00 689.09
18.50 710.86
19.00 709.16
19.50 775.86
20.00 691.04
20.50 571.97
21.00 711.15
21.50 568.38
22.00 696.77
22.50 858.86
23.00 741.16
23.50 823.65
24.00 306.01
24.50 646.79
25.00 685.12
25.50 790.82
26.00 760.24
26.50 816.36
27.00 804.74
27.50 776.38
28.00 766.11
28.50 758.62
29.00 731.67
29.50 656.69
30.00 371.75
30.50 744.00
31.00 707.47
31.50 386.14
32.00 779.32
32.50 732.97
33.00 852.40
33.50 838.57
34.00 849.35
34.50 846.21
35.00 834.16
35.50 239.29
36.00 749.12
36.50 727.74
37.00 699.96
37.50 693.91
38.00 0.00
38.50 0.00
39.00 223.58
39.50 809.60
40.00 754.08
40.50 705.23
41.00 670.01
41.50 760.40
42.00 800.46
42.50 664.38
43.00 746.18
43.50 720.04
44.00 752.39
44.50 725.78
45.00 724.99
45.50 749.62
46.00 720.13
46.50 734.99
47.00 787.59
47.50 775.14
48.00 692.09
48.50 802.93
49.00 750.59
49.50 724.10
50.00 745.15
50.50 671.98
51.00 752.27
51.50 686.46
52.00 750.09
52.50 747.11
53.00 768.23
53.50 749.91
54.00 776.60
54.50 723.89
55.00 780.13
55.50 680.24
56.00 717.45
56.50 697.11
57.00 777.84
57.50 739.64
58.00 768.47
58.50 738.63
59.00 752.48
59.50 756.38
60.00 746.17
60.50 734.27
61.00 703.71
61.50 842.86
62.00 852.78
62.50 824.42
63.00 843.70
63.50 810.92
64.00 836.33
64.50 834.57
65.00 814.62
65.50 801.66
66.00 782.48
66.50 783.95
67.00 737.03
67.50 722.16
68.00 774.43
68.50 761.59
69.00 743.51
69.50 717.75
70.00 714.91
70.50 759.07
71.00 765.75
71.50 711.28
72.00 794.91
72.50 756.52
73.00 733.68
73.50 538.92
74.00 737.94
74.50 754.85
75.00 773.21
75.50 684.07
76.00 355.46
76.50 796.54
77.00 690.35
77.50 397.34
78.00 779.98
78.50 780.25
79.00 741.94
79.50 698.69
80.00 749.66
80.50 761.74
81.00 760.40
81.50 762.22
82.00 771.73
82.50 716.06
83.00 800.02
83.50 728.51
84.00 775.89
84.50 808.82
85.00 781.88
85.50 756.28
86.00 721.26
86.50 725.54
87.00 694.60
87.50 753.54
88.00 832.42
88.50 693.82
89.00 683.99
89.50 679.82
90.00 729.91
90.50 714.15
91.00 747.47
91.50 719.15
92.00 661.48
92.50 725.34
93.00 700.84
93.50 498.24
94.00 785.01
94.50 718.10
95.00 687.30
95.50 832.69
96.00 900.00
96.50 857.85
97.00 864.54
97.50 717.32
98.00 692.38
98.50 739.73
99.00 274.31
99.50 822.76
100.00 828.29
100.50 817.27
101.00 865.68
101.50 834.37
102.00 835.01
102.50 863.35
103.00 678.56
103.50 782.66
104.00 727.78
104.50 686.60
105.00 771.21
105.50 724.36
106.00 861.16
106.50 836.74
107.00 829.06
107.50 813.45
108.00 865.57
108.50 860.36
109.00 842.88
109.50 860.38
110.00 752.37
110.50 694.41
111.00 537.69
111.50 370.12
112.00 844.63
112.50 874.62
113.00 144.16
113.50 522.84
114.00 464.41
114.50 424.09
115.00 533.14
115.50 182.81
116.00 361.77
116.50 688.76
117.00 762.97
117.50 716.38
118.00 741.46
118.50 788.08
119.00 487.46
119.50 695.31
120.00 690.43
120.50 699.95
121.00 732.60
121.50 765.89
122.00 688.47
122.50 826.69
123.00 834.35
123.50 718.06
124.00 768.42
124.50 719.09
125.00 738.65
125.50 690.31
126.00 815.99
126.50 784.38
127.00 727.59
127.50 739.92
128.00 773.01
128.50 804.10
129.00 715.45
129.50 717.49
130.00 700.91
130.50 703.28
131.00 704.43
131.50 850.07
132.00 749.66
132.50 742.49
133.00 769.59
133.50 798.09
134.00 755.49
134.50 763.10
135.00 821.57
135.50 708.31
136.00 741.74
136.50 707.04
137.00 742.40
137.50 749.99
138.00 665.71
138.50 783.88
139.00 767.29
139.50 700.82
140.00 787.37
140.50 762.87
141.00 752.53
141.50 740.06
142.00 666.32
142.50 763.03
143.00 663.55
143.50 765.40
144.00 721.03
144.50 718.58
145.00 793.07
145.50 685.38
146.00 716.87
146.50 733.69
147.00 684.66
147.50 754.59
148.00 518.62
148.50 683.54
149.00 705.97
149.50 754.17
150.00 710.38
150.50 670.21
151.00 696.20
151.50 708.32
152.00 696.79
152.50 714.96
153.00 731.52
153.50 670.53
154.00 697.80
154.50 693.60
155.00 650.20
155.50 826.03
156.00 855.81
156.50 735.32
157.00 761.53
157.50 722.27
158.00 754.99
158.50 753.23
159.00 750.99
159.50 754.70
160.00 749.66
160.50 677.76
161.00 726.80
161.50 716.73
162.00 755.57
162.50 741.96
163.00 724.31
163.50 747.03
164.00 733.83
164.50 688.24
165.00 694.33
165.50 689.01
166.00 739.26
166.50 713.70
167.00 724.07
167.50 736.50
168.00 702.02
168.50 723.95
169.00 724.78
169.50 698.89
170.00 738.56
170.50 747.52
171.00 668.57
171.50 731.96
172.00 715.71
172.50 735.67
173.00 704.17
173.50 720.43
174.00 761.91
174.50 740.40
175.00 724.15
175.50 785.82
176.00 717.46
176.50 733.15
177.00 753.34
177.50 763.40
178.00 741.62
178.50 704.80
179.00 654.12
179.50 752.26
180.00 751.69
180.50 729.09
181.00 766.70
181.50 705.69
182.00 706.97
182.50 695.29
183.00 756.62
183.50 794.51
184.00 747.32
184.50 748.45
185.00 746.78
185.50 755.00
186.00 725.18
186.50 750.46
187.00 721.34
187.50 699.62
188.00 477.46
188.50 377.08
189.00 236.43
189.50 91.44
190.00 746.88
190.50 669.62
191.00 716.95
191.50 56.39
192.00 421.10
192.50 450.42
193.00 569.91
193.50 730.13
194.00 720.67
194.50 755.93
195.00 723.62
195.50 752.28
196.00 741.42
196.50 761.25
197.00 778.78
197.50 678.09
198.00 776.62
198.50 745.53
199.00 788.12
199.50 774.06
200.00 680.07
200.50 760.58
201.00 686.38
201.50 741.48
202.00 673.14
202.50 737.73
203.00 764.66
203.50 710.39
204.00 710.08
204.50 751.48
205.00 704.30
205.50 713.21
206.00 694.51
206.50 763.90
207.00 729.91
207.50 762.66
208.00 720.17
208.50 744.44
209.00 712.50
209.50 733.68
210.00 695.15
210.50 733.15
211.00 764.21
211.50 730.46
212.00 770.13
212.50 699.47
213.00 743.20
213.50 737.50
214.00 764.94
214.50 814.19
215.00 823.05
215.50 771.19
216.00 706.34
216.50 726.40
217.00 790.88
217.50 734.48
218.00 850.95
218.50 865.18
219.00 852.77
219.50 836.13
220.00 754.29
220.50 835.72
221.00 198.46
221.50 352.94
222.00 700.95
222.50 804.81
223.00 818.16
223.50 847.77
224.00 856.01
224.50 211.92
225.00 22.10
225.50 498.50
226.00 720.27
226.50 732.69
227.00 679.02
227.50 333.32
228.00 664.12
228.50 758.24
229.00 762.00
229.50 708.05
230.00 701.86
230.50 715.94
231.00 816.79
231.50 690.45
232.00 793.99
232.50 702.35
233.00 717.00
233.50 688.37
234.00 725.46
234.50 689.24
235.00 472.28
235.50 737.70
236.00 715.70
236.50 802.45
237.00 705.58
237.50 846.46
238.00 677.82
238.50 896.00
239.00 889.93
239.50 668.04
240.00 728.25
240.50 683.63
241.00 684.80
241.50 709.42
242.00 900.00
242.50 734.12
243.00 866.67
243.50 679.56
244.00 814.40
244.50 753.34
245.00 733.47
245.50 739.23
246.00 695.74
246.50 808.31
247.00 786.93
247.50 809.29
248.00 700.42
248.50 733.55
249.00 744.22
249.50 767.15
250.00 675.68
250.50 720.60
251.00 716.03
251.50 746.55
252.00 725.31
252.50 779.54
253.00 785.09
253.50 753.36
254.00 756.78
254.50 781.14
255.00 749.85
255.50 752.95
256.00 715.13
256.50 743.37
257.00 784.91
257.50 727.19
258.00 687.46
258.50 717.79
259.00 756.71
259.50 763.95
260.00 688.83
260.50 747.65
261.00 743.35
261.50 814.16
262.00 718.24
262.50 777.47
263.00 863.79
263.50 735.52
264.00 688.48
264.50 837.17
265.00 814.32
265.50 672.20
266.00 857.76
266.50 695.87
267.00 817.09
267.50 760.82
268.00 866.50
268.50 729.17
269.00 692.76
269.50 677.86
270.00 900.00
270.50 674.02
271.00 706.84
271.50 710.82
272.00 683.13
272.50 856.79
273.00 727.21
273.50 836.16
274.00 724.14
274.50 724.98
275.00 760.38
275.50 797.09
276.00 801.53
276.50 713.72
277.00 757.37
277.50 708.44
278.00 900.00
278.50 229.43
279.00 332.62
279.50 681.70
280.00 772.77
280.50 726.22
281.00 880.86
281.50 21.66
282.00 10.23
282.50 27.05
283.00 20.68
283.50 803.63
284.00 720.34
284.50 739.52
285.00 745.40
285.50 779.75
286.00 709.47
286.50 693.27
287.00 759.14
287.50 720.62
288.00 717.69
288.50 728.43
289.00 751.68
289.50 753.69
290.00 712.69
290.50 701.56
291.00 713.78
291.50 739.59
292.00 735.76
292.50 691.61
293.00 720.29
293.50 740.48
294.00 794.82
294.50 792.24
295.00 802.61
295.50 215.92
296.00 270.20
296.50 696.00
297.00 825.66
297.50 834.88
298.00 871.47
298.50 848.42
299.00 737.99
299.50 452.76
