0.00 689.12
0.50 703.11
1.00 761.06
1.50 731.10
2.00 715.62
2.50 729.80
3.00 781.42
3.50 712.07
4.00 695.49
4.50 853.40
5.00 825.26
5.50 878.98
6.00 721.17
6.50 725.43
7.00 639.98
7.50 828.20
8.00 886.12
8.50 5.74
9.00 325.17
9.50 245.23
10.00 536.25
10.50 614.82
11.00 709.19
11.50 698.66
12.00 865.72
12.50 764.38
13.00 768.50
13.50 775.28
14.00 0.00
14.50 525.33
15.00 739.52
15.50 778.41
16.00 788.79
16.50 846.39
17.00 861.76
17.50 843.43
18.00 697.62
18.50 699.38
19.00 738.85
19.50 290.67
20.00 389.72
20.50 488.60
21.00 542.98
21.50 721.62
22.00 688.35
22.50 730.01
23.00 743.89
23.50 750.99
24.00 727.91
24.50 739.26
25.00 767.13
25.50 726.68
26.00 747.71
26.50 737.26
27.00 712.79
27.50 645.23
28.00 1.40
28.50 170.36
29.00 575.53
29.50 530.11
30.00 711.86
30.50 16.24
31.00 240.05
31.50 7.52
32.00 8.59
32.50 341.00
33.00 702.96
33.50 725.64
34.00 735.78
34.50 749.76
35.00 731.02
35.50 710.13
36.00 746.77
36.50 727.72
37.00 749.04
37.50 739.44
38.00 773.17
38.50 758.51
39.00 751.60
39.50 702.65
40.00 733.27
40.50 714.83
41.00 761.55
41.50 732.20
42.00 839.71
42.50 872.17
43.00 816.42
43.50 736.18
44.00 823.95
44.50 751.85
45.00 758.03
45.50 761.87
46.00 809.70
46.50 372.72
47.00 113.35
47.50 309.54
48.00 192.16
48.50 717.56
49.00 701.06
49.50 774.40
50.00 770.53
50.50 808.68
51.00 735.09
51.50 886.30
52.00 725.79
52.50 872.86
53.00 851.65
53.50 713.92
54.00 304.74
54.50 323.03
55.00 337.39
55.50 280.61
56.00 559.87
56.50 880.78
57.00 631.39
57.50 776.57
58.00 683.11
58.50 745.68
59.00 665.26
59.50 743.99
60.00 828.94
60.50 670.20
61.00 683.92
61.50 703.77
62.00 731.96
62.50 826.28
63.00 741.70
63.50 314.02
64.00 812.87
64.50 792.73
65.00 710.44
65.50 730.83
66.00 722.16
66.50 724.57
67.00 749.07
67.50 745.72
68.00 774.24
68.50 698.98
69.00 711.35
69.50 672.29
70.00 693.00
70.50 723.47
71.00 663.34
71.50 746.78
72.00 730.37
72.50 741.10
73.00 684.66
73.50 280.29
74.00 740.84
74.50 778.66
75.00 877.90
75.50 704.92
76.00 734.28
76.50 711.91
77.00 735.27
77.50 720.89
78.00 702.24
78.50 715.14
79.00 627.07
79.50 709.77
80.00 870.38
80.50 652.39
81.00 796.57
81.50 710.76
82.00 867.22
82.50 762.88
83.00 763.52
83.50 700.15
84.00 712.86
84.50 718.92
85.00 705.46
85.50 741.68
86.00 725.85
86.50 701.27
87.00 782.00
87.50 711.85
88.00 741.50
88.50 745.23
89.00 764.04
89.50 702.82
90.00 726.51
90.50 640.13
91.00 718.02
91.50 751.52
92.00 765.10
92.50 731.03
93.00 762.62
93.50 726.98
94.00 727.46
94.50 850.90
95.00 827.72
95.50 870.81
96.00 865.25
96.50 865.91
97.00 834.92
97.50 870.79
98.00 834.74
98.50 827.77
99.00 827.80
99.50 867.32
100.00 671.97
100.50 806.91
101.00 757.56
101.50 739.56
102.00 731.84
102.50 736.31
103.00 705.79
103.50 774.17
104.00 789.72
104.50 719.47
105.00 715.77
105.50 821.40
106.00 776.06
106.50 704.78
107.00 718.49
107.50 788.74
108.00 709.91
108.50 680.13
109.00 706.16
109.50 716.39
110.00 769.62
110.50 817.36
111.00 708.38
111.50 685.10
112.00 436.00
112.50 707.31
113.00 751.52
113.50 677.35
114.00 738.19
114.50 706.25
115.00 725.79
115.50 716.80
116.00 748.66
116.50 683.34
117.00 698.79
117.50 756.56
118.00 876.92
118.50 817.32
119.00 702.34
119.50 701.65
120.00 312.69
120.50 664.90
121.00 789.82
121.50 814.35
122.00 704.55
122.50 677.54
123.00 691.04
123.50 709.01
124.00 574.26
124.50 639.78
125.00 700.59
125.50 725.77
126.00 715.59
126.50 752.50
127.00 687.23
127.50 806.58
128.00 731.74
128.50 728.22
129.00 681.34
129.50 721.41
130.00 734.26
130.50 693.13
131.00 721.25
131.50 730.97
132.00 743.41
132.50 740.34
133.00 773.68
133.50 698.13
134.00 446.34
134.50 616.14
135.00 333.58
135.50 753.04
136.00 392.26
136.50 267.76
137.00 5.53
137.50 18.03
138.00 0.00
138.50 11.23
139.00 9.35
139.50 11.66
140.00 16.40
140.50 0.00
141.00 7.21
141.50 173.31
142.00 365.88
142.50 12.80
143.00 10.99
143.50 11.31
144.00 0.00
144.50 11.57
145.00 38.72
145.50 751.16
146.00 794.24
146.50 714.84
147.00 726.82
147.50 710.68
148.00 779.47
148.50 747.59
149.00 462.99
149.50 550.77
150.00 766.60
150.50 765.29
151.00 735.09
151.50 691.42
152.00 749.24
152.50 778.32
153.00 734.33
153.50 737.99
154.00 767.42
154.50 732.48
155.00 734.75
155.50 766.66
156.00 718.18
156.50 704.88
157.00 750.13
157.50 747.24
158.00 827.27
158.50 849.50
159.00 834.88
159.50 745.06
160.00 315.49
160.50 718.13
161.00 726.86
161.50 739.84
162.00 715.17
162.50 899.16
163.00 773.56
163.50 723.98
164.00 710.81
164.50 520.26
165.00 719.89
165.50 658.48
166.00 709.28
166.50 752.27
167.00 737.07
167.50 766.76
168.00 826.76
168.50 870.97
169.00 842.05
169.50 831.65
170.00 852.26
170.50 843.44
171.00 852.47
171.50 868.56
172.00 159.67
172.50 813.84
173.00 771.05
173.50 24.94
174.00 842.98
174.50 837.00
175.00 711.91
175.50 734.87
176.00 712.58
176.50 743.16
177.00 720.54
177.50 760.74
178.00 691.08
178.50 711.59
179.00 755.27
179.50 818.01
180.00 815.68
180.50 691.78
181.00 708.79
181.50 705.38
182.00 701.65
182.50 832.00
183.00 713.92
183.50 874.36
184.00 817.17
184.50 833.04
185.00 805.92
185.50 855.88
186.00 841.09
186.50 831.93
187.00 846.12
187.50 841.30
188.00 887.95
188.50 726.42
189.00 687.68
189.50 705.32
190.00 697.34
190.50 776.27
191.00 723.68
191.50 729.91
192.00 688.31
192.50 722.93
193.00 461.29
193.50 710.66
194.00 731.42
194.50 780.02
195.00 789.70
195.50 696.53
196.00 699.07
196.50 723.24
197.00 817.88
197.50 708.96
198.00 718.15
198.50 821.00
199.00 699.55
199.50 711.39
200.00 727.35
200.50 584.75
201.00 670.83
201.50 720.73
202.00 695.04
202.50 864.93
203.00 838.90
203.50 794.80
204.00 772.62
204.50 287.75
205.00 338.88
205.50 244.37
206.00 327.45
206.50 201.04
207.00 468.41
207.50 671.32
208.00 781.33
208.50 739.92
209.00 320.33
209.50 778.02
210.00 732.84
210.50 851.80
211.00 9.38
211.50 348.07
212.00 315.51
212.50 26.06
213.00 386.54
213.50 290.26
214.00 588.66
214.50 727.44
215.00 730.94
215.50 752.80
216.00 707.43
216.50 108.17
217.00 428.57
217.50 728.53
218.00 712.22
218.50 714.90
219.00 663.66
219.50 769.21
220.00 725.08
220.50 701.64
221.00 855.27
221.50 843.40
222.00 812.11
222.50 843.33
223.00 849.88
223.50 857.96
224.00 836.11
224.50 670.10
225.00 728.10
225.50 693.56
226.00 779.09
226.50 665.80
227.00 778.89
227.50 739.59
228.00 844.99
228.50 848.04
229.00 832.98
229.50 841.39
230.00 787.23
230.50 568.40
231.00 780.34
231.50 776.37
232.00 785.23
232.50 728.35
233.00 697.33
233.50 755.24
234.00 780.17
234.50 726.46
235.00 706.76
235.50 722.30
236.00 764.27
236.50 699.41
237.00 676.26
237.50 875.79
238.00 722.70
238.50 818.25
239.00 764.17
239.50 725.84
240.00 672.50
240.50 718.32
241.00 815.33
241.50 802.25
242.00 742.43
242.50 786.23
243.00 723.84
243.50 713.41
244.00 707.36
244.50 718.04
245.00 776.22
245.50 792.82
246.00 707.20
246.50 484.04
247.00 778.03
247.50 728.59
248.00 701.74
248.50 823.82
249.00 751.65
249.50 768.04
250.00 727.12
250.50 747.58
251.00 761.33
251.50 759.44
252.00 710.98
252.50 764.14
253.00 665.03
253.50 703.20
254.00 756.54
254.50 772.39
255.00 762.94
255.50 738.36
256.00 773.40
256.50 727.07
257.00 721.99
257.50 767.22
258.00 662.90
258.50 733.81
259.00 716.85
259.50 779.00
260.00 730.48
260.50 740.98
261.00 725.35
261.50 671.66
262.00 716.59
262.50 717.37
263.00 0.00
263.50 9.76
264.00 281.11
264.50 479.28
265.00 141.81
265.50 681.50
266.00 727.58
266.50 722.66
267.00 784.64
267.50 831.42
268.00 900.00
268.50 848.98
269.00 830.33
269.50 811.80
270.00 782.25
270.50 721.40
271.00 717.18
271.50 688.32
272.00 0.00
272.50 0.00
273.00 9.91
273.50 122.33
274.00 789.26
274.50 716.86
275.00 846.32
275.50 837.69
276.00 784.81
276.50 719.99
277.00 843.00
277.50 841.71
278.00 830.06
278.50 821.43
279.00 746.35
279.50 822.52
280.00 844.09
280.50 745.95
281.00 719.45
281.50 744.62
282.00 659.60
282.50 715.35
283.00 664.14
283.50 856.81
284.00 866.57
284.50 704.84
285.00 744.04
285.50 774.72
286.00 766.88
286.50 711.68
287.00 686.30
287.50 760.11
288.00 704.35
288.50 817.55
289.00 849.88
289.50 853.79
290.00 868.99
290.50 743.04
291.00 831.30
291.50 829.92
292.00 802.56
292.50 850.61
293.00 847.28
293.50 648.85
294.00 728.60
294.50 771.51
295.00 741.02
295.50 756.35
296.00 743.38
296.50 728.42
297.00 752.09
297.50 775.77
298.00 830.23
298.50 738.15
299.00 775.74
299.50 709.63
