0.00 743.46
0.50 683.80
1.00 409.23
1.50 711.77
2.00 737.47
2.50 839.26
3.00 854.34
3.50 720.04
4.00 719.31
4.50 845.62
5.00 719.55
5.50 696.90
6.00 732.48
6.50 739.79
7.00 685.84
7.50 728.05
8.00 697.95
8.50 684.94
9.00 691.66
9.50 833.19
10.00 680.87
10.50 745.75
11.00 787.24
11.50 775.85
12.00 868.61
12.50 695.09
13.00 804.76
13.50 782.71
14.00 724.72
14.50 795.70
15.00 703.02
15.50 726.20
16.00 751.82
16.50 741.17
17.00 739.50
17.50 324.93
18.00 755.89
18.50 686.65
19.00 759.74
19.50 727.00
20.00 786.31
20.50 744.34
21.00 703.70
21.50 834.58
22.00 705.08
22.50 733.98
23.00 823.68
23.50 834.88
24.00 842.25
24.50 821.40
25.00 822.06
25.50 805.88
26.00 708.85
26.50 859.61
27.00 857.83
27.50 852.37
28.00 833.86
28.50 851.68
29.00 841.63
29.50 701.81
30.00 713.07
30.50 841.68
31.00 711.81
31.50 683.19
32.00 672.15
32.50 717.65
33.00 765.27
33.50 708.86
34.00 711.18
34.50 692.98
35.00 725.30
35.50 768.71
36.00 768.45
36.50 780.71
37.00 768.61
37.50 685.73
38.00 683.35
38.50 850.67
39.00 733.38
39.50 812.51
40.00 714.32
40.50 792.03
41.00 228.80
41.50 376.88
42.00 190.14
42.50 11.92
43.00 0.47
43.50 13.88
44.00 0.00
44.50 0.16
45.00 539.59
45.50 840.59
46.00 509.20
46.50 746.70
47.00 733.98
47.50 707.28
48.00 795.75
48.50 779.52
49.00 784.79
49.50 766.66
50.00 824.42
50.50 196.95
51.00 749.52
51.50 828.08
52.00 830.25
52.50 860.01
53.00 856.75
53.50 866.44
54.00 858.46
54.50 814.93
55.00 863.73
55.50 821.09
56.00 847.72
56.50 838.15
57.00 844.97
57.50 841.65
58.00 863.88
58.50 693.45
59.00 845.63
59.50 694.57
60.00 752.55
60.50 653.06
61.00 814.88
61.50 685.05
62.00 781.57
62.50 691.75
63.00 812.70
63.50 748.59
64.00 762.54
64.50 741.39
65.00 716.61
65.50 744.54
66.00 727.61
66.50 696.22
67.00 715.45
67.50 760.15
68.00 736.11
68.50 729.62
69.00 709.70
69.50 711.19
70.00 719.62
70.50 237.58
71.00 738.98
71.50 671.09
72.00 683.74
72.50 725.40
73.00 830.33
73.50 662.73
74.00 758.57
74.50 815.15
75.00 705.73
75.50 732.72
76.00 722.26
76.50 879.17
77.00 713.01
77.50 700.07
78.00 778.32
78.50 713.88
79.00 715.82
79.50 769.98
80.00 752.85
80.50 718.12
81.00 779.90
81.50 715.98
82.00 742.04
82.50 680.05
83.00 666.65
83.50 709.35
84.00 707.09
84.50 826.04
85.00 494.39
85.50 489.64
86.00 759.56
86.50 777.13
87.00 779.92
87.50 801.44
88.00 687.87
88.50 708.95
89.00 687.87
89.50 707.85
90.00 125.94
90.50 804.90
91.00 857.22
91.50 714.10
92.00 845.16
92.50 695.18
93.00 711.61
93.50 713.96
94.00 460.03
94.50 716.57
95.00 716.23
95.50 829.18
96.00 667.90
96.50 712.30
97.00 737.63
97.50 715.42
98.00 704.21
98.50 710.01
99.00 722.84
99.50 741.79
100.00 669.99
100.50 705.88
101.00 782.30
101.50 713.45
102.00 735.60
102.50 468.02
103.00 756.71
103.50 674.88
104.00 684.86
104.50 819.81
105.00 802.34
105.50 831.37
106.00 900.00
106.50 729.21
107.00 329.48
107.50 51.56
108.00 849.47
108.50 752.81
109.00 812.70
109.50 2.10
110.00 297.88
110.50 356.23
111.00 718.63
111.50 666.39
112.00 659.66
112.50 732.08
113.00 699.70
113.50 762.99
114.00 732.62
114.50 764.01
115.00 698.35
115.50 784.25
116.00 722.78
116.50 826.17
117.00 865.48
117.50 875.19
118.00 830.55
118.50 728.13
119.00 675.87
119.50 842.54
120.00 832.10
120.50 749.49
121.00 860.32
121.50 833.36
122.00 836.41
122.50 216.71
123.00 0.00
123.50 757.40
124.00 765.81
124.50 712.84
125.00 776.69
125.50 719.88
126.00 736.17
126.50 779.59
127.00 715.68
127.50 741.83
128.00 780.58
128.50 778.88
129.00 754.11
129.50 765.11
130.00 744.05
130.50 743.86
131.00 728.89
131.50 712.40
132.00 728.42
132.50 736.00
133.00 710.23
133.50 708.59
134.00 692.15
134.50 758.47
135.00 775.05
135.50 750.13
136.00 711.57
136.50 766.14
137.00 664.94
137.50 724.48
138.00 707.47
138.50 746.74
139.00 693.42
139.50 711.45
140.00 694.50
140.50 774.65
141.00 758.28
141.50 722.25
142.00 707.45
142.50 717.27
143.00 731.49
143.50 710.16
144.00 750.86
144.50 789.62
145.00 751.30
145.50 744.71
146.00 701.81
146.50 734.13
147.00 756.29
147.50 706.67
148.00 736.43
148.50 706.63
149.00 701.44
149.50 802.33
150.00 730.36
150.50 889.75
151.00 826.50
151.50 373.60
152.00 691.45
152.50 851.37
153.00 706.61
153.50 756.91
154.00 712.85
154.50 783.40
155.00 697.44
155.50 776.85
156.00 736.98
156.50 721.66
157.00 752.34
157.50 677.95
158.00 716.75
158.50 872.97
159.00 745.42
159.50 650.79
160.00 834.98
160.50 738.92
161.00 733.93
161.50 692.07
162.00 694.27
162.50 806.73
163.00 692.68
163.50 710.28
164.00 823.04
164.50 851.93
165.00 793.12
165.50 681.20
166.00 839.84
166.50 857.90
167.00 862.00
167.50 823.82
168.00 842.66
168.50 837.72
169.00 852.62
169.50 802.86
170.00 836.27
170.50 865.31
171.00 810.25
171.50 858.97
172.00 826.59
172.50 833.43
173.00 761.71
173.50 737.99
174.00 736.83
174.50 863.19
175.00 857.25
175.50 842.75
176.00 393.50
176.50 593.84
177.00 676.19
177.50 745.49
178.00 725.79
178.50 736.44
179.00 700.91
179.50 675.37
180.00 881.94
180.50 744.85
181.00 702.25
181.50 639.35
182.00 711.94
182.50 863.79
183.00 708.62
183.50 730.14
184.00 678.24
184.50 829.55
185.00 603.97
185.50 804.18
186.00 783.89
186.50 699.55
187.00 716.67
187.50 703.76
188.00 693.61
188.50 677.04
189.00 731.20
189.50 689.36
190.00 679.37
190.50 724.73
191.00 762.30
191.50 799.70
192.00 848.19
192.50 834.48
193.00 838.03
193.50 820.69
194.00 839.21
194.50 846.31
195.00 379.68
195.50 741.27
196.00 861.76
196.50 852.48
197.00 871.66
197.50 853.09
198.00 757.12
198.50 697.06
199.00 745.95
199.50 857.89
200.00 849.81
200.50 838.98
201.00 828.34
201.50 830.28
202.00 820.21
202.50 871.47
203.00 885.04
203.50 858.54
204.00 740.41
204.50 714.39
205.00 748.54
205.50 857.40
206.00 436.96
206.50 0.00
207.00 312.17
207.50 414.13
208.00 727.17
208.50 799.46
209.00 698.89
209.50 767.61
210.00 305.76
210.50 425.06
211.00 18.78
211.50 7.11
212.00 9.56
212.50 687.30
213.00 745.45
213.50 721.71
214.00 843.09
214.50 840.86
215.00 847.78
215.50 736.66
216.00 719.75
216.50 676.34
217.00 730.67
217.50 847.44
218.00 884.14
218.50 817.75
219.00 825.51
219.50 886.14
220.00 828.17
220.50 729.56
221.00 738.73
221.50 742.69
222.00 776.24
222.50 733.12
223.00 741.13
223.50 278.95
224.00 694.36
224.50 703.63
225.00 702.01
225.50 711.71
226.00 827.49
226.50 879.78
227.00 756.32
227.50 706.62
228.00 686.66
228.50 703.82
229.00 708.53
229.50 731.19
230.00 702.75
230.50 732.34
231.00 696.62
231.50 773.51
232.00 687.78
232.50 722.89
233.00 715.87
233.50 715.96
234.00 783.41
234.50 758.40
235.00 717.38
235.50 757.50
236.00 701.15
236.50 768.68
237.00 768.65
237.50 784.95
238.00 722.62
238.50 748.83
239.00 785.34
239.50 778.25
240.00 766.07
240.50 708.08
241.00 736.26
241.50 731.41
242.00 699.15
242.50 712.76
243.00 688.98
243.50 734.17
244.00 724.27
244.50 771.91
245.00 693.56
245.50 730.63
246.00 710.13
246.50 658.27
247.00 736.78
247.50 712.30
248.00 812.20
248.50 709.57
249.00 688.74
249.50 725.71
250.00 767.20
250.50 672.82
251.00 665.85
251.50 737.56
252.00 765.97
252.50 791.49
253.00 590.56
253.50 169.15
254.00 580.12
254.50 693.25
255.00 747.52
255.50 747.69
256.00 341.89
256.50 740.77
257.00 493.14
257.50 691.80
258.00 763.06
258.50 648.43
259.00 697.95
259.50 900.00
260.00 725.96
260.50 809.86
261.00 752.34
261.50 159.21
262.00 711.04
262.50 770.32
263.00 793.54
263.50 732.57
264.00 720.19
264.50 822.14
265.00 692.83
265.50 706.11
266.00 838.06
266.50 733.06
267.00 900.00
267.50 689.33
268.00 693.76
268.50 728.55
269.00 722.44
269.50 686.45
270.00 690.55
270.50 733.73
271.00 463.46
271.50 676.67
272.00 692.86
272.50 685.96
273.00 467.96
273.50 791.13
274.00 330.05
274.50 304.42
275.00 753.70
275.50 728.46
276.00 687.74
276.50 672.26
277.00 746.00
277.50 848.42
278.00 740.31
278.50 752.35
279.00 764.96
279.50 692.08
280.00 846.89
280.50 512.96
281.00 427.96
281.50 694.90
282.00 716.54
282.50 839.26
283.00 855.29
283.50 819.87
284.00 802.02
284.50 836.87
285.00 838.06
285.50 859.96
286.00 717.23
286.50 727.38
287.00 729.81
287.50 752.32
288.00 783.03
288.50 740.68
289.00 791.51
289.50 735.42
290.00 728.52
290.50 688.00
291.00 757.27
291.50 720.19
292.00 18.01
292.50 0.00
293.00 0.23
293.50 580.12
294.00 744.05
294.50 769.48
295.00 742.54
295.50 166.58
296.00 295.78
296.50 791.97
297.00 671.51
297.50 879.13
298.00 828.70
298.50 880.28
299.00 837.32
299.50 837.88
