0.00 757.18
0.50 700.32
1.00 766.58
1.50 744.12
2.00 743.38
2.50 752.27
3.00 717.00
3.50 761.12
4.00 776.66
4.50 718.95
5.00 792.59
5.50 852.86
6.00 775.17
6.50 641.30
7.00 729.85
7.50 742.27
8.00 678.34
8.50 726.98
9.00 743.82
9.50 727.61
10.00 707.22
10.50 797.45
11.00 704.20
11.50 709.70
12.00 700.53
12.50 800.71
13.00 730.72
13.50 721.24
14.00 673.71
14.50 900.00
15.00 840.79
15.50 744.57
16.00 733.24
16.50 755.65
17.00 809.00
17.50 714.68
18.00 769.50
18.50 720.86
19.00 685.14
19.50 507.92
20.00 729.59
20.50 705.87
21.00 821.70
21.50 839.49
22.00 783.21
22.50 757.01
23.00 797.81
23.50 736.94
24.00 719.81
24.50 712.89
25.00 706.92
25.50 718.42
26.00 693.59
26.50 836.91
27.00 762.13
27.50 718.51
28.00 742.89
28.50 745.49
29.00 707.97
29.50 702.95
30.00 900.00
30.50 7.75
31.00 0.00
31.50 147.01
32.00 725.08
32.50 735.55
33.00 718.48
33.50 706.93
34.00 733.87
34.50 737.43
35.00 697.82
35.50 712.02
36.00 790.44
36.50 766.00
37.00 728.37
37.50 700.55
38.00 762.60
38.50 737.06
39.00 794.39
39.50 763.18
40.00 755.03
40.50 768.18
41.00 744.35
41.50 707.22
42.00 695.30
42.50 732.43
43.00 770.84
43.50 753.08
44.00 763.89
44.50 743.90
45.00 716.90
45.50 199.30
46.00 598.38
46.50 704.47
47.00 859.33
47.50 821.84
48.00 723.18
48.50 843.60
49.00 852.88
49.50 859.22
50.00 579.95
50.50 291.04
51.00 632.22
51.50 736.30
52.00 697.49
52.50 727.75
53.00 845.65
53.50 791.68
54.00 757.43
54.50 763.00
55.00 775.34
55.50 723.58
56.00 453.21
56.50 681.80
57.00 795.89
57.50 824.07
58.00 273.71
58.50 494.72
59.00 757.64
59.50 843.99
60.00 744.44
60.50 187.71
61.00 725.34
61.50 736.44
62.00 732.49
62.50 728.64
63.00 725.20
63.50 724.97
64.00 738.05
64.50 761.62
65.00 749.22
65.50 734.60
66.00 696.34
66.50 763.07
67.00 765.88
67.50 754.83
68.00 0.00
68.50 784.05
69.00 551.04
69.50 277.30
70.00 482.87
70.50 493.55
71.00 328.06
71.50 790.07
72.00 860.31
72.50 288.06
73.00 152.23
73.50 183.77
74.00 709.09
74.50 789.58
75.00 13.77
75.50 297.16
76.00 122.67
76.50 739.27
77.00 419.30
77.50 197.18
78.00 368.14
78.50 255.64
79.00 700.62
79.50 789.93
80.00 767.67
80.50 741.21
81.00 739.38
81.50 739.40
82.00 740.42
82.50 765.78
83.00 668.65
83.50 890.27
84.00 727.94
84.50 900.00
85.00 820.55
85.50 698.82
86.00 694.70
86.50 899.05
87.00 723.24
87.50 698.54
88.00 825.00
88.50 719.29
89.00 751.59
89.50 738.12
90.00 749.95
90.50 714.23
91.00 707.83
91.50 824.93
92.00 759.59
92.50 691.28
93.00 839.51
93.50 764.09
94.00 699.64
94.50 695.62
95.00 736.17
95.50 717.63
96.00 283.16
96.50 859.06
97.00 689.78
97.50 713.27
98.00 708.95
98.50 764.96
99.00 709.87
99.50 716.17
100.00 793.97
100.50 786.58
101.00 752.93
101.50 716.87
102.00 704.72
102.50 740.20
103.00 705.99
103.50 736.59
104.00 732.01
104.50 775.13
105.00 726.14
105.50 720.11
106.00 777.02
106.50 769.05
107.00 700.99
107.50 829.92
108.00 900.00
108.50 716.81
109.00 719.88
109.50 751.45
110.00 849.61
110.50 791.16
111.00 900.00
111.50 736.64
112.00 718.64
112.50 714.11
113.00 734.47
113.50 708.78
114.00 704.31
114.50 718.99
115.00 708.41
115.50 716.51
116.00 775.25
116.50 679.22
117.00 777.63
117.50 370.43
118.00 166.86
118.50 738.10
119.00 0.00
119.50 743.02
120.00 764.71
120.50 718.05
121.00 742.76
121.50 795.06
122.00 693.53
122.50 733.11
123.00 737.20
123.50 0.00
124.00 727.89
124.50 742.62
125.00 751.83
125.50 708.65
126.00 809.59
126.50 813.36
127.00 696.11
127.50 685.02
128.00 775.17
128.50 751.46
129.00 817.75
129.50 684.22
130.00 691.59
130.50 399.46
131.00 710.10
131.50 438.96
132.00 806.45
132.50 826.22
133.00 707.04
133.50 715.38
134.00 723.21
134.50 760.87
135.00 733.31
135.50 750.87
136.00 871.25
136.50 763.41
137.00 706.88
137.50 727.30
138.00 739.77
138.50 719.92
139.00 838.50
139.50 679.28
140.00 564.24
140.50 407.53
141.00 724.06
141.50 728.05
142.00 870.49
142.50 858.32
143.00 863.89
143.50 720.25
144.00 688.59
144.50 876.76
145.00 853.86
145.50 764.86
146.00 748.22
146.50 355.13
147.00 0.00
147.50 470.17
148.00 2.53
148.50 9.46
149.00 21.53
149.50 683.26
150.00 432.12
150.50 441.74
151.00 754.96
151.50 812.40
152.00 793.90
152.50 782.08
153.00 750.50
153.50 722.29
154.00 716.87
154.50 670.65
155.00 717.97
155.50 718.10
156.00 458.35
156.50 324.02
157.00 894.88
157.50 847.93
158.00 790.16
158.50 820.68
159.00 712.23
159.50 670.29
160.00 715.61
160.50 741.63
161.00 712.91
161.50 710.78
162.00 732.72
162.50 805.07
163.00 761.31
163.50 787.60
164.00 725.99
164.50 707.17
165.00 810.00
165.50 738.59
166.00 731.79
166.50 777.46
167.00 730.18
167.50 752.38
168.00 290.55
168.50 702.71
169.00 681.50
169.50 765.93
170.00 751.83
170.50 756.36
171.00 731.25
171.50 804.36
172.00 718.68
172.50 788.82
173.00 715.18
173.50 719.97
174.00 787.36
174.50 753.22
175.00 704.11
175.50 765.94
176.00 772.77
176.50 779.56
177.00 686.92
177.50 726.53
178.00 710.49
178.50 778.00
179.00 746.17
179.50 29.48
180.00 224.65
180.50 825.81
181.00 869.90
181.50 900.00
182.00 779.64
182.50 708.66
183.00 703.21
183.50 360.58
184.00 491.51
184.50 712.30
185.00 719.72
185.50 651.91
186.00 768.50
186.50 705.72
187.00 788.11
187.50 721.88
188.00 695.86
188.50 704.03
189.00 698.10
189.50 680.58
190.00 737.73
190.50 727.37
191.00 662.36
191.50 815.85
192.00 736.57
192.50 844.03
193.00 723.99
193.50 700.04
194.00 762.06
194.50 482.94
195.00 813.68
195.50 246.11
196.00 9.46
196.50 5.84
197.00 664.13
197.50 682.75
198.00 705.60
198.50 755.17
199.00 759.64
199.50 779.32
200.00 762.49
200.50 708.00
201.00 786.05
201.50 766.27
202.00 714.61
202.50 746.01
203.00 749.57
203.50 761.42
204.00 761.75
204.50 766.80
205.00 721.11
205.50 772.31
206.00 702.77
206.50 688.27
207.00 793.89
207.50 715.65
208.00 720.87
208.50 696.84
209.00 793.99
209.50 677.49
210.00 755.42
210.50 751.32
211.00 754.20
211.50 727.53
212.00 747.02
212.50 726.40
213.00 769.37
213.50 711.85
214.00 703.18
214.50 676.69
215.00 798.07
215.50 711.55
216.00 695.42
216.50 678.90
217.00 820.68
217.50 871.66
218.00 856.61
218.50 821.62
219.00 837.34
219.50 860.08
220.00 875.08
220.50 601.09
221.00 892.99
221.50 787.39
222.00 669.10
222.50 716.90
223.00 429.25
223.50 683.03
224.00 697.57
224.50 713.50
225.00 900.00
225.50 730.61
226.00 331.71
226.50 725.97
227.00 721.33
227.50 720.25
228.00 731.79
228.50 726.40
229.00 727.87
229.50 701.21
230.00 778.29
230.50 721.43
231.00 720.78
231.50 736.42
232.00 701.59
232.50 576.06
233.00 596.27
233.50 814.07
234.00 712.64
234.50 721.32
235.00 457.95
235.50 697.89
236.00 702.41
236.50 439.80
237.00 644.81
237.50 682.07
238.00 818.84
238.50 715.68
239.00 711.42
239.50 697.19
240.00 708.20
240.50 795.81
241.00 735.18
241.50 858.41
242.00 727.66
242.50 724.98
243.00 727.52
243.50 700.55
244.00 276.68
244.50 680.37
245.00 756.09
245.50 818.50
246.00 741.77
246.50 704.74
247.00 698.52
247.50 784.00
248.00 741.72
248.50 366.43
249.00 316.29
249.50 393.09
250.00 504.03
250.50 698.34
251.00 843.48
251.50 682.00
252.00 695.25
252.50 427.23
253.00 272.36
253.50 806.93
254.00 744.78
254.50 354.54
255.00 331.34
255.50 679.87
256.00 770.59
256.50 769.12
257.00 441.80
257.50 266.38
258.00 387.03
258.50 0.00
259.00 604.85
259.50 450.89
260.00 707.00
260.50 606.12
261.00 707.39
261.50 856.21
262.00 856.42
262.50 758.92
263.00 704.81
263.50 795.62
264.00 724.55
264.50 714.10
265.00 843.91
265.50 837.94
266.00 863.93
266.50 818.35
267.00 849.33
267.50 827.41
268.00 829.94
268.50 847.53
269.00 806.54
269.50 790.75
270.00 702.97
270.50 776.85
271.00 615.41
271.50 725.61
272.00 725.81
272.50 700.37
273.00 56.98
273.50 691.22
274.00 723.42
274.50 715.58
275.00 736.37
275.50 773.71
276.00 742.65
276.50 837.96
277.00 729.98
277.50 682.44
278.00 894.26
278.50 725.44
279.00 154.50
279.50 862.97
280.00 693.71
280.50 832.03
281.00 756.38
281.50 717.05
282.00 679.17
282.50 795.64
283.00 723.23
283.50 900.00
284.00 756.49
284.50 735.05
285.00 868.68
285.50 832.67
286.00 783.35
286.50 685.45
287.00 658.90
287.50 726.49
288.00 781.94
288.50 752.47
289.00 752.21
289.50 770.74
290.00 222.75
290.50 0.00
291.00 678.88
291.50 775.93
292.00 756.84
292.50 694.85
293.00 695.80
293.50 761.90
294.00 681.09
294.50 737.64
295.00 708.57
295.50 705.67
296.00 742.69
296.50 824.96
297.00 854.82
297.50 736.02
298.00 725.02
298.50 680.88
299.00 717.47
299.50 806.37
