0.00 750.59
0.50 702.70
1.00 771.57
1.50 691.23
2.00 792.35
2.50 725.14
3.00 839.65
3.50 740.49
4.00 699.58
4.50 821.70
5.00 802.54
5.50 743.55
6.00 698.89
6.50 684.36
7.00 711.30
7.50 676.45
8.00 871.16
8.50 647.46
9.00 717.73
9.50 689.38
10.00 691.73
10.50 696.28
11.00 721.72
11.50 696.42
12.00 767.12
12.50 852.42
13.00 701.08
13.50 300.07
14.00 197.30
14.50 405.70
15.00 729.58
15.50 734.98
16.00 845.60
16.50 806.64
17.00 764.86
17.50 738.92
18.00 710.32
18.50 286.71
19.00 788.16
19.50 684.39
20.00 647.06
20.50 768.71
21.00 843.39
21.50 703.17
22.00 703.27
22.50 803.99
23.00 723.81
23.50 679.74
24.00 720.72
24.50 706.93
25.00 721.64
25.50 0.00
26.00 400.16
26.50 808.92
27.00 15.74
27.50 11.49
28.00 18.44
28.50 181.91
29.00 692.27
29.50 733.20
30.00 700.18
30.50 484.71
31.00 788.07
31.50 768.93
32.00 808.16
32.50 694.89
33.00 717.61
33.50 692.77
34.00 712.37
34.50 698.87
35.00 679.75
35.50 725.44
36.00 754.46
36.50 719.25
37.00 680.78
37.50 652.47
38.00 675.40
38.50 712.12
39.00 776.66
39.50 729.15
40.00 722.45
40.50 743.77
41.00 704.36
41.50 747.49
42.00 702.36
42.50 755.00
43.00 742.58
43.50 798.60
44.00 714.18
44.50 695.76
45.00 748.44
45.50 700.49
46.00 757.09
46.50 798.12
47.00 900.00
47.50 791.01
48.00 667.57
48.50 696.53
49.00 679.77
49.50 631.83
50.00 711.22
50.50 725.04
51.00 735.34
51.50 703.42
52.00 722.39
52.50 702.50
53.00 706.56
53.50 688.57
54.00 734.42
54.50 698.80
55.00 792.08
55.50 825.67
56.00 849.36
56.50 853.60
57.00 864.17
57.50 839.33
58.00 0.00
58.50 445.23
59.00 688.82
59.50 733.94
60.00 745.39
60.50 706.51
61.00 713.96
61.50 769.64
62.00 697.49
62.50 769.35
63.00 753.93
63.50 807.69
64.00 705.94
64.50 759.53
65.00 722.32
65.50 658.80
66.00 740.64
66.50 694.68
67.00 797.35
67.50 703.74
68.00 696.52
68.50 772.67
69.00 753.07
69.50 768.58
70.00 798.06
70.50 741.93
71.00 95.07
71.50 522.44
72.00 731.48
72.50 745.30
73.00 761.69
73.50 696.00
74.00 772.57
74.50 717.68
75.00 717.53
75.50 741.57
76.00 704.59
76.50 710.94
77.00 753.57
77.50 735.64
78.00 796.70
78.50 742.04
79.00 706.42
79.50 743.19
80.00 754.99
80.50 717.15
81.00 689.50
81.50 737.87
82.00 705.74
82.50 705.52
83.00 737.77
83.50 730.87
84.00 761.48
84.50 723.61
85.00 676.88
85.50 692.85
86.00 732.49
86.50 726.11
87.00 702.16
87.50 757.99
88.00 694.95
88.50 726.71
89.00 710.20
89.50 740.06
90.00 697.88
90.50 671.36
91.00 755.57
91.50 743.18
92.00 751.07
92.50 762.30
93.00 756.90
93.50 705.29
94.00 728.29
94.50 759.83
95.00 709.84
95.50 701.59
96.00 692.26
96.50 695.01
97.00 722.81
97.50 842.16
98.00 893.10
98.50 715.89
99.00 737.88
99.50 719.76
100.00 747.89
100.50 701.90
101.00 712.83
101.50 730.54
102.00 713.61
102.50 729.29
103.00 653.91
103.50 697.83
104.00 860.02
104.50 679.33
105.00 727.42
105.50 693.30
106.00 748.99
106.50 695.89
107.00 680.45
107.50 888.35
108.00 745.84
108.50 736.40
109.00 847.53
109.50 738.79
110.00 706.96
110.50 711.09
111.00 595.60
111.50 734.76
112.00 736.76
112.50 747.84
113.00 720.31
113.50 722.88
114.00 841.89
114.50 688.79
115.00 778.38
115.50 701.21
116.00 698.69
116.50 697.70
117.00 802.14
117.50 736.11
118.00 711.90
118.50 774.88
119.00 738.16
119.50 706.33
120.00 763.40
120.50 716.99
121.00 787.14
121.50 770.39
122.00 785.31
122.50 703.34
123.00 707.63
123.50 730.14
124.00 818.85
124.50 688.21
125.00 765.07
125.50 682.11
126.00 722.99
126.50 692.41
127.00 372.79
127.50 753.84
128.00 711.57
128.50 371.38
129.00 723.88
129.50 781.60
130.00 900.00
130.50 693.58
131.00 561.77
131.50 677.30
132.00 671.57
132.50 736.35
133.00 712.76
133.50 685.69
134.00 727.73
134.50 721.75
135.00 662.07
135.50 712.36
136.00 700.61
136.50 761.00
137.00 3.24
137.50 0.00
138.00 483.74
138.50 632.46
139.00 364.48
139.50 169.89
140.00 739.89
140.50 289.52
141.00 244.45
141.50 731.32
142.00 709.43
142.50 692.20
143.00 734.83
143.50 612.72
144.00 11.93
144.50 0.95
145.00 55.81
145.50 592.76
146.00 550.02
146.50 287.16
147.00 720.11
147.50 764.20
148.00 778.35
148.50 690.01
149.00 687.24
149.50 784.36
150.00 731.39
150.50 771.79
151.00 819.61
151.50 730.28
152.00 742.36
152.50 722.70
153.00 755.34
153.50 691.34
154.00 756.86
154.50 789.20
155.00 707.98
155.50 784.77
156.00 692.30
156.50 706.76
157.00 721.21
157.50 725.95
158.00 677.63
158.50 699.35
159.00 719.69
159.50 833.68
160.00 850.82
160.50 655.77
161.00 745.82
161.50 755.08
162.00 782.19
162.50 730.44
163.00 721.04
163.50 827.43
164.00 725.39
164.50 798.32
165.00 862.57
165.50 696.76
166.00 757.47
166.50 0.00
167.00 874.16
167.50 781.30
168.00 640.71
168.50 695.02
169.00 181.20
169.50 17.41
170.00 658.68
170.50 709.04
171.00 678.11
171.50 699.53
172.00 864.79
172.50 702.42
173.00 780.17
173.50 709.21
174.00 707.79
174.50 743.09
175.00 766.65
175.50 805.04
176.00 687.92
176.50 687.57
177.00 318.90
177.50 297.68
178.00 528.52
178.50 715.44
179.00 718.69
179.50 242.10
180.00 761.03
180.50 684.38
181.00 795.76
181.50 867.07
182.00 848.07
182.50 833.38
183.00 863.04
183.50 838.57
184.00 772.43
184.50 465.48
185.00 1.87
185.50 30.03
186.00 720.03
186.50 728.88
187.00 721.67
187.50 738.59
188.00 753.15
188.50 738.65
189.00 717.84
189.50 785.68
190.00 707.11
190.50 748.32
191.00 779.53
191.50 778.56
192.00 0.00
192.50 0.00
193.00 7.89
193.50 717.07
194.00 742.27
194.50 750.19
195.00 809.31
195.50 719.06
196.00 662.54
196.50 778.54
197.00 752.80
197.50 727.12
198.00 769.49
198.50 767.98
199.00 711.25
199.50 723.54
200.00 731.02
200.50 767.98
201.00 757.12
201.50 775.51
202.00 723.68
202.50 720.16
203.00 707.90
203.50 690.87
204.00 701.48
204.50 738.14
205.00 723.76
205.50 750.62
206.00 770.23
206.50 669.21
207.00 718.84
207.50 804.23
208.00 678.20
208.50 740.30
209.00 744.95
209.50 801.20
210.00 736.51
210.50 781.50
211.00 670.18
211.50 688.26
212.00 709.82
212.50 723.42
213.00 762.05
213.50 695.86
214.00 777.44
214.50 766.22
215.00 728.32
215.50 644.35
216.00 739.99
216.50 736.43
217.00 752.19
217.50 669.19
218.00 426.34
218.50 702.37
219.00 697.71
219.50 711.88
220.00 776.22
220.50 792.79
221.00 719.18
221.50 688.73
222.00 728.22
222.50 720.78
223.00 720.79
223.50 714.28
224.00 727.81
224.50 748.57
225.00 709.26
225.50 690.18
226.00 900.00
226.50 739.51
227.00 676.96
227.50 65.81
228.00 857.07
228.50 651.51
229.00 739.40
229.50 817.01
230.00 817.72
230.50 750.97
231.00 666.34
231.50 730.59
232.00 747.79
232.50 806.25
233.00 720.41
233.50 890.73
234.00 773.44
234.50 757.23
235.00 681.41
235.50 794.91
236.00 710.78
236.50 689.89
237.00 674.79
237.50 715.43
238.00 680.94
238.50 696.25
239.00 705.08
239.50 734.91
240.00 727.52
240.50 720.46
241.00 698.50
241.50 734.66
242.00 753.00
242.50 736.90
243.00 666.88
243.50 756.97
244.00 713.99
244.50 744.79
245.00 836.68
245.50 845.90
246.00 812.84
246.50 766.98
247.00 837.76
247.50 701.04
248.00 686.37
248.50 653.24
249.00 541.12
249.50 374.91
250.00 300.11
250.50 570.89
251.00 717.48
251.50 48.99
252.00 570.08
252.50 0.00
253.00 16.73
253.50 10.36
254.00 704.89
254.50 770.28
255.00 777.04
255.50 498.43
256.00 663.50
256.50 733.39
257.00 772.92
257.50 750.52
258.00 761.62
258.50 715.66
259.00 662.07
259.50 707.14
260.00 734.80
260.50 730.70
261.00 780.75
261.50 748.70
262.00 744.04
262.50 657.67
263.00 695.14
263.50 743.68
264.00 742.66
264.50 777.38
265.00 753.61
265.50 756.73
266.00 752.97
266.50 775.44
267.00 708.12
267.50 689.35
268.00 731.30
268.50 702.05
269.00 692.69
269.50 717.47
270.00 748.57
270.50 855.49
271.00 768.69
271.50 717.05
272.00 743.44
272.50 725.82
273.00 688.08
273.50 383.53
274.00 238.08
274.50 103.39
275.00 711.39
275.50 723.67
276.00 823.15
276.50 900.00
277.00 810.38
277.50 305.67
278.00 685.10
278.50 717.44
279.00 721.14
279.50 759.29
280.00 682.95
280.50 312.91
281.00 393.90
281.50 212.81
282.00 765.86
282.50 639.91
283.00 729.47
283.50 699.99
284.00 713.67
284.50 812.11
285.00 755.55
285.50 739.89
286.00 705.62
286.50 692.30
287.00 750.91
287.50 733.88
288.00 745.37
288.50 766.89
289.00 791.19
289.50 746.35
290.00 711.02
290.50 689.67
291.00 747.79
291.50 753.01
292.00 725.84
292.50 731.41
293.00 707.75
293.50 690.80
294.00 716.74
294.50 748.34
295.00 691.91
295.50 712.25
296.00 695.08
296.50 699.31
297.00 744.84
297.50 757.15
298.00 722.67
298.50 2.20
299.00 1.07
299.50 451.68
