0.00 687.06
0.50 706.34
1.00 713.51
1.50 778.47
2.00 696.34
2.50 703.83
3.00 780.72
3.50 724.23
4.00 729.14
4.50 745.89
5.00 724.49
5.50 776.14
6.00 741.88
6.50 700.36
7.00 695.30
7.50 713.69
8.00 760.13
8.50 735.79
9.00 721.37
9.50 727.08
10.00 749.72
10.50 704.51
11.00 721.95
11.50 759.03
12.00 766.35
12.50 6.22
13.00 1.21
13.50 9.37
14.00 15.49
14.50 20.27
15.00 343.15
15.50 803.58
16.00 486.35
16.50 8.05
17.00 15.26
17.50 264.39
18.00 363.58
18.50 852.82
19.00 830.95
19.50 841.60
20.00 888.80
20.50 895.49
21.00 558.22
21.50 646.50
22.00 711.72
22.50 682.96
23.00 731.70
23.50 717.33
24.00 703.12
24.50 862.11
25.00 714.95
25.50 719.91
26.00 763.10
26.50 454.78
27.00 20.14
27.50 19.41
28.00 10.52
28.50 4.81
29.00 511.87
29.50 392.00
30.00 657.44
30.50 639.58
31.00 822.25
31.50 823.74
32.00 818.40
32.50 821.64
33.00 820.15
33.50 843.39
34.00 825.51
34.50 725.68
35.00 736.44
35.50 747.87
36.00 678.39
36.50 419.53
37.00 400.99
37.50 713.70
38.00 860.88
38.50 867.10
39.00 836.23
39.50 633.53
40.00 662.20
40.50 706.13
41.00 730.20
41.50 690.63
42.00 832.57
42.50 689.49
43.00 695.70
43.50 760.61
44.00 749.57
44.50 734.87
45.00 726.40
45.50 753.30
46.00 725.78
46.50 750.44
47.00 706.58
47.50 762.87
48.00 679.36
48.50 777.72
49.00 754.98
49.50 742.34
50.00 695.05
50.50 715.30
51.00 731.01
51.50 688.87
52.00 771.74
52.50 767.01
53.00 751.52
53.50 732.86
54.00 672.48
54.50 792.97
55.00 690.51
55.50 712.26
56.00 727.79
56.50 709.81
57.00 694.35
57.50 666.49
58.00 704.50
58.50 739.82
59.00 889.83
59.50 736.40
60.00 678.42
60.50 661.75
61.00 721.71
61.50 730.05
62.00 760.43
62.50 684.29
63.00 723.21
63.50 748.50
64.00 691.87
64.50 742.34
65.00 827.15
65.50 741.29
66.00 686.62
66.50 815.85
67.00 452.26
67.50 749.20
68.00 897.06
68.50 396.10
69.00 518.71
69.50 719.44
70.00 743.35
70.50 728.15
71.00 49.96
71.50 711.94
72.00 673.75
72.50 689.59
73.00 708.39
73.50 696.93
74.00 705.88
74.50 837.32
75.00 809.85
75.50 744.02
76.00 720.98
76.50 749.90
77.00 829.77
77.50 672.07
78.00 724.69
78.50 871.80
79.00 786.69
79.50 787.02
80.00 813.59
80.50 801.72
81.00 829.35
81.50 785.36
82.00 723.11
82.50 345.36
83.00 452.75
83.50 702.10
84.00 729.61
84.50 778.25
85.00 718.38
85.50 688.32
86.00 763.98
86.50 817.81
87.00 726.62
87.50 717.01
88.00 838.52
88.50 764.83
89.00 686.38
89.50 808.98
90.00 733.34
90.50 870.56
91.00 719.98
91.50 756.42
92.00 669.67
92.50 793.76
93.00 760.55
93.50 728.86
94.00 716.83
94.50 739.92
95.00 725.19
95.50 784.92
96.00 699.70
96.50 704.73
97.00 724.76
97.50 709.65
98.00 737.51
98.50 724.10
99.00 730.64
99.50 749.84
100.00 727.05
100.50 704.42
101.00 711.36
101.50 728.64
102.00 711.18
102.50 769.80
103.00 671.98
103.50 743.34
104.00 777.54
104.50 746.32
105.00 756.37
105.50 785.66
106.00 722.71
106.50 747.11
107.00 760.37
107.50 758.79
108.00 764.01
108.50 732.71
109.00 727.28
109.50 733.99
110.00 707.05
110.50 749.98
111.00 781.79
111.50 724.01
112.00 729.06
112.50 727.76
113.00 777.39
113.50 780.47
114.00 750.01
114.50 779.87
115.00 737.64
115.50 734.40
116.00 725.21
116.50 681.57
117.00 712.57
117.50 773.67
118.00 713.75
118.50 673.87
119.00 803.58
119.50 849.64
120.00 841.92
120.50 866.34
121.00 848.09
121.50 817.78
122.00 693.16
122.50 20.35
123.00 704.00
123.50 566.59
124.00 633.67
124.50 179.23
125.00 700.78
125.50 617.61
126.00 699.23
126.50 704.94
127.00 717.02
127.50 730.62
128.00 795.81
128.50 788.80
129.00 867.28
129.50 720.38
130.00 346.58
130.50 686.31
131.00 755.11
131.50 739.57
132.00 751.92
132.50 764.86
133.00 412.74
133.50 726.38
134.00 711.70
134.50 707.10
135.00 740.11
135.50 698.00
136.00 700.30
136.50 705.94
137.00 728.54
137.50 739.97
138.00 773.12
138.50 750.63
139.00 759.17
139.50 743.47
140.00 687.31
140.50 770.52
141.00 740.91
141.50 703.72
142.00 713.29
142.50 722.71
143.00 764.84
143.50 669.54
144.00 754.71
144.50 758.72
145.00 738.49
145.50 703.70
146.00 734.14
146.50 736.20
147.00 749.56
147.50 347.20
148.00 677.86
148.50 754.04
149.00 723.81
149.50 0.00
150.00 403.14
150.50 716.51
151.00 743.92
151.50 711.30
152.00 712.60
152.50 783.63
153.00 736.84
153.50 760.13
154.00 792.47
154.50 714.89
155.00 704.63
155.50 754.10
156.00 695.83
156.50 690.80
157.00 691.09
157.50 729.42
158.00 799.83
158.50 715.27
159.00 725.73
159.50 747.48
160.00 782.28
160.50 729.04
161.00 780.41
161.50 752.82
162.00 754.13
162.50 744.21
163.00 725.48
163.50 686.25
164.00 750.43
164.50 725.34
165.00 881.15
165.50 745.90
166.00 717.86
166.50 691.38
167.00 884.92
167.50 834.72
168.00 821.98
168.50 698.20
169.00 244.58
169.50 705.21
170.00 304.96
170.50 370.93
171.00 426.34
171.50 746.28
172.00 771.79
172.50 204.75
173.00 148.86
173.50 763.99
174.00 721.64
174.50 715.46
175.00 716.85
175.50 740.94
176.00 679.04
176.50 751.68
177.00 709.44
177.50 700.48
178.00 682.25
178.50 709.21
179.00 827.93
179.50 697.13
180.00 598.74
180.50 691.41
181.00 387.83
181.50 819.97
182.00 818.82
182.50 693.96
183.00 691.06
183.50 708.92
184.00 755.20
184.50 651.44
185.00 701.74
185.50 864.59
186.00 685.27
186.50 807.12
187.00 717.86
187.50 899.39
188.00 799.47
188.50 830.82
189.00 783.24
189.50 469.45
190.00 168.46
190.50 0.00
191.00 626.17
191.50 330.90
192.00 601.11
192.50 741.28
193.00 701.26
193.50 795.00
194.00 760.66
194.50 326.98
195.00 453.72
195.50 761.67
196.00 779.24
196.50 757.90
197.00 710.74
197.50 738.41
198.00 783.78
198.50 764.56
199.00 775.04
199.50 781.10
200.00 783.71
200.50 762.68
201.00 326.26
201.50 780.75
202.00 745.95
202.50 688.45
203.00 802.19
203.50 774.84
204.00 675.85
204.50 777.38
205.00 740.38
205.50 682.03
206.00 720.59
206.50 850.48
207.00 816.57
207.50 718.38
208.00 698.89
208.50 729.30
209.00 721.31
209.50 700.08
210.00 778.65
210.50 715.25
211.00 769.79
211.50 779.56
212.00 795.86
212.50 799.88
213.00 885.28
213.50 797.16
214.00 847.60
214.50 804.59
215.00 673.73
215.50 769.48
216.00 813.45
216.50 782.61
217.00 714.45
217.50 718.22
218.00 673.91
218.50 842.42
219.00 841.16
219.50 803.93
220.00 731.59
220.50 745.01
221.00 747.64
221.50 781.42
222.00 742.15
222.50 690.61
223.00 755.68
223.50 760.15
224.00 669.66
224.50 690.86
225.00 716.39
225.50 752.39
226.00 724.66
226.50 692.73
227.00 690.29
227.50 868.46
228.00 813.05
228.50 709.95
229.00 730.18
229.50 729.63
230.00 696.35
230.50 711.53
231.00 0.65
231.50 8.14
232.00 407.42
232.50 321.53
233.00 765.72
233.50 645.96
234.00 424.72
234.50 718.76
235.00 802.70
235.50 707.80
236.00 764.28
236.50 676.11
237.00 683.21
237.50 427.83
238.00 747.74
238.50 700.23
239.00 697.85
239.50 720.97
240.00 846.38
240.50 845.57
241.00 772.98
241.50 700.73
242.00 754.32
242.50 713.83
243.00 724.40
243.50 740.61
244.00 707.38
244.50 858.21
245.00 823.76
245.50 729.29
246.00 745.00
246.50 748.60
247.00 726.46
247.50 725.28
248.00 702.31
248.50 713.78
249.00 235.51
249.50 492.93
250.00 479.50
250.50 720.22
251.00 739.72
251.50 788.95
252.00 750.56
252.50 766.13
253.00 704.86
253.50 690.28
254.00 775.89
254.50 732.42
255.00 727.80
255.50 659.39
256.00 738.84
256.50 697.44
257.00 750.11
257.50 767.61
258.00 709.95
258.50 732.25
259.00 730.47
259.50 730.31
260.00 704.80
260.50 702.13
261.00 737.74
261.50 758.63
262.00 710.76
262.50 787.98
263.00 756.08
263.50 715.27
264.00 709.53
264.50 742.86
265.00 758.64
265.50 737.45
266.00 763.27
266.50 714.16
267.00 708.64
267.50 728.50
268.00 741.35
268.50 718.55
269.00 735.86
269.50 726.93
270.00 851.72
270.50 711.06
271.00 509.93
271.50 656.30
272.00 742.97
272.50 778.63
273.00 775.74
273.50 827.25
274.00 844.27
274.50 837.38
275.00 857.93
275.50 821.96
276.00 735.62
276.50 857.03
277.00 891.52
277.50 846.59
278.00 858.62
278.50 844.14
279.00 851.35
279.50 850.68
280.00 858.92
280.50 693.03
281.00 734.43
281.50 591.53
282.00 740.38
282.50 699.53
283.00 780.73
283.50 703.92
284.00 766.05
284.50 667.72
285.00 583.45
285.50 734.32
286.00 689.27
286.50 711.00
287.00 706.93
287.50 710.88
288.00 882.56
288.50 740.43
289.00 187.00
289.50 0.00
290.00 0.00
290.50 340.37
291.00 496.90
291.50 442.55
292.00 320.89
292.50 733.64
293.00 757.09
293.50 228.94
294.00 782.43
294.50 686.20
295.00 705.17
295.50 710.92
296.00 757.28
296.50 748.39
297.00 729.84
297.50 708.53
298.00 751.73
298.50 752.21
299.00 731.84
299.50 773.99
