0.00 737.13
0.50 716.37
1.00 735.29
1.50 732.92
2.00 771.58
2.50 730.75
3.00 714.93
3.50 711.62
4.00 773.80
4.50 711.74
5.00 675.29
5.50 679.44
6.00 742.59
6.50 766.80
7.00 741.88
7.50 728.47
8.00 767.13
8.50 697.25
9.00 728.65
9.50 735.30
10.00 762.74
10.50 732.08
11.00 740.77
11.50 708.53
12.00 807.43
12.50 720.90
13.00 756.29
13.50 775.52
14.00 709.13
14.50 767.64
15.00 777.37
15.50 771.88
16.00 741.00
16.50 727.75
17.00 730.29
17.50 791.12
18.00 769.02
18.50 742.87
19.00 787.31
19.50 770.21
20.00 731.00
20.50 731.77
21.00 729.89
21.50 744.49
22.00 736.73
22.50 716.14
23.00 740.87
23.50 723.89
24.00 720.39
24.50 713.55
25.00 707.70
25.50 654.56
26.00 703.90
26.50 718.59
27.00 717.20
27.50 706.31
28.00 810.26
28.50 723.37
29.00 711.91
29.50 713.21
30.00 724.67
30.50 699.15
31.00 750.78
31.50 463.76
32.00 765.69
32.50 752.35
33.00 745.33
33.50 714.77
34.00 721.48
34.50 742.98
35.00 733.17
35.50 705.45
36.00 725.35
36.50 742.26
37.00 675.61
37.50 683.58
38.00 674.66
38.50 664.32
39.00 806.11
39.50 786.85
40.00 752.78
40.50 53.38
41.00 697.05
41.50 637.84
42.00 778.85
42.50 859.32
43.00 853.66
43.50 857.88
44.00 858.06
44.50 718.31
45.00 675.68
45.50 813.14
46.00 801.52
46.50 668.80
47.00 900.00
47.50 715.82
48.00 684.52
48.50 457.69
49.00 769.80
49.50 714.49
50.00 788.60
50.50 686.94
51.00 861.13
51.50 725.06
52.00 841.66
52.50 829.94
53.00 816.49
53.50 845.50
54.00 709.43
54.50 724.88
55.00 867.99
55.50 851.45
56.00 851.07
56.50 837.82
57.00 711.50
57.50 689.75
58.00 722.43
58.50 874.19
59.00 850.15
59.50 841.91
60.00 748.16
60.50 735.09
61.00 530.94
61.50 176.06
62.00 370.12
62.50 0.40
63.00 768.48
63.50 702.63
64.00 720.68
64.50 725.25
65.00 761.78
65.50 720.44
66.00 744.40
66.50 703.32
67.00 782.05
67.50 691.36
68.00 766.18
68.50 771.13
69.00 725.31
69.50 661.62
70.00 670.99
70.50 707.29
71.00 762.98
71.50 723.75
72.00 739.13
72.50 735.32
73.00 775.67
73.50 740.16
74.00 751.57
74.50 752.86
75.00 795.70
75.50 713.91
76.00 727.05
76.50 579.34
77.00 840.70
77.50 855.39
78.00 864.99
78.50 650.53
79.00 852.81
79.50 674.82
80.00 350.05
80.50 412.55
81.00 708.84
81.50 782.73
82.00 819.16
82.50 721.65
83.00 823.78
83.50 406.23
84.00 359.37
84.50 702.39
85.00 818.39
85.50 788.62
86.00 778.60
86.50 888.95
87.00 686.72
87.50 834.35
88.00 790.62
88.50 706.57
89.00 711.17
89.50 685.25
90.00 725.61
90.50 691.35
91.00 609.67
91.50 710.29
92.00 862.86
92.50 706.98
93.00 710.62
93.50 730.98
94.00 793.18
94.50 842.09
95.00 831.10
95.50 690.03
96.00 718.96
96.50 691.76
97.00 721.54
97.50 830.11
98.00 595.84
98.50 351.87
99.00 31.42
99.50 3.10
100.00 8.00
100.50 15.85
101.00 418.03
101.50 104.87
102.00 767.18
102.50 804.25
103.00 809.92
103.50 840.75
104.00 702.21
104.50 751.76
105.00 328.17
105.50 527.57
106.00 819.20
106.50 691.08
107.00 754.72
107.50 756.06
108.00 722.76
108.50 761.54
109.00 710.78
109.50 732.01
110.00 719.71
110.50 130.58
111.00 758.43
111.50 607.77
112.00 675.83
112.50 841.17
113.00 843.02
113.50 846.30
114.00 840.52
114.50 828.79
115.00 283.89
115.50 0.00
116.00 24.36
116.50 491.23
117.00 640.25
117.50 358.32
118.00 248.31
118.50 720.78
119.00 753.32
119.50 706.44
120.00 717.44
120.50 740.98
121.00 832.22
121.50 828.67
122.00 843.05
122.50 818.61
123.00 839.04
123.50 820.59
124.00 799.33
124.50 860.60
125.00 655.14
125.50 786.55
126.00 762.93
126.50 719.30
127.00 711.94
127.50 731.55
128.00 762.96
128.50 711.75
129.00 782.46
129.50 721.90
130.00 692.80
130.50 767.76
131.00 763.52
131.50 693.01
132.00 742.85
132.50 809.76
133.00 735.23
133.50 741.26
134.00 744.15
134.50 743.11
135.00 676.95
135.50 715.93
136.00 741.63
136.50 769.58
137.00 689.82
137.50 885.10
138.00 808.07
138.50 709.70
139.00 754.16
139.50 732.65
140.00 745.50
140.50 745.53
141.00 661.13
141.50 737.41
142.00 722.30
142.50 702.55
143.00 755.15
143.50 734.47
144.00 689.28
144.50 700.51
145.00 729.23
145.50 761.78
146.00 765.25
146.50 736.22
147.00 709.74
147.50 712.96
148.00 766.66
148.50 719.45
149.00 723.61
149.50 758.84
150.00 773.90
150.50 725.52
151.00 766.83
151.50 752.74
152.00 677.28
152.50 768.27
153.00 759.57
153.50 703.26
154.00 707.29
154.50 693.16
155.00 730.03
155.50 747.00
156.00 728.35
156.50 714.80
157.00 745.26
157.50 730.93
158.00 721.63
158.50 733.85
159.00 714.32
159.50 703.07
160.00 685.97
160.50 791.58
161.00 748.54
161.50 689.20
162.00 775.52
162.50 706.29
163.00 715.34
163.50 742.49
164.00 706.19
164.50 710.83
165.00 715.74
165.50 770.29
166.00 707.15
166.50 809.57
167.00 846.52
167.50 871.38
168.00 844.02
168.50 779.00
169.00 754.46
169.50 689.48
170.00 777.66
170.50 743.93
171.00 725.31
171.50 738.91
172.00 773.27
172.50 658.38
173.00 745.05
173.50 766.09
174.00 885.41
174.50 669.21
175.00 877.55
175.50 777.61
176.00 838.88
176.50 847.16
177.00 678.63
177.50 707.63
178.00 720.93
178.50 683.13
179.00 900.00
179.50 723.95
180.00 756.42
180.50 696.97
181.00 709.78
181.50 0.00
182.00 701.97
182.50 431.01
183.00 900.00
183.50 664.48
184.00 698.13
184.50 702.15
185.00 698.87
185.50 675.47
186.00 666.72
186.50 839.63
187.00 830.83
187.50 712.69
188.00 720.61
188.50 244.24
189.00 398.60
189.50 636.66
190.00 705.66
190.50 779.61
191.00 738.06
191.50 719.73
192.00 709.72
192.50 791.54
193.00 788.09
193.50 730.79
194.00 830.39
194.50 827.08
195.00 718.32
195.50 702.50
196.00 509.60
196.50 44.92
197.00 433.62
197.50 559.28
198.00 319.79
198.50 6.85
199.00 0.00
199.50 91.09
200.00 819.28
200.50 705.85
201.00 718.11
201.50 147.59
202.00 524.77
202.50 12.86
203.00 20.94
203.50 0.00
204.00 20.49
204.50 9.03
205.00 0.00
205.50 217.51
206.00 28.27
206.50 13.56
207.00 7.09
207.50 19.17
208.00 742.79
208.50 722.02
209.00 742.31
209.50 684.17
210.00 695.44
210.50 742.63
211.00 697.44
211.50 738.11
212.00 700.59
212.50 718.52
213.00 733.33
213.50 738.81
214.00 722.94
214.50 736.70
215.00 754.72
215.50 690.33
216.00 656.96
216.50 882.75
217.00 807.94
217.50 737.50
218.00 702.07
218.50 706.15
219.00 759.20
219.50 727.79
220.00 695.97
220.50 713.20
221.00 721.66
221.50 669.15
222.00 723.68
222.50 745.48
223.00 765.59
223.50 711.57
224.00 771.42
224.50 764.67
225.00 643.85
225.50 698.47
226.00 748.07
226.50 755.11
227.00 717.18
227.50 726.39
228.00 730.00
228.50 724.25
229.00 720.10
229.50 717.49
230.00 875.22
230.50 855.32
231.00 828.07
231.50 669.88
232.00 812.80
232.50 830.38
233.00 736.26
233.50 810.98
234.00 705.68
234.50 0.00
235.00 11.44
235.50 307.45
236.00 0.00
236.50 780.53
237.00 762.20
237.50 761.48
238.00 463.49
238.50 314.62
239.00 762.87
239.50 47.76
240.00 317.29
240.50 19.96
241.00 452.51
241.50 675.51
242.00 545.30
242.50 694.92
243.00 704.64
243.50 791.25
244.00 836.08
244.50 868.29
245.00 900.00
245.50 686.37
246.00 711.14
246.50 770.04
247.00 730.66
247.50 770.22
248.00 809.56
248.50 807.94
249.00 718.96
249.50 712.65
250.00 711.24
250.50 678.08
251.00 734.16
251.50 740.77
252.00 714.30
252.50 757.21
253.00 744.34
253.50 756.74
254.00 750.38
254.50 731.05
255.00 779.66
255.50 900.00
256.00 800.45
256.50 755.23
257.00 712.43
257.50 847.84
258.00 833.81
258.50 827.06
259.00 833.42
259.50 758.81
260.00 738.99
260.50 740.01
261.00 709.00
261.50 714.38
262.00 710.52
262.50 709.56
263.00 690.32
263.50 607.57
264.00 666.49
264.50 737.13
265.00 751.30
265.50 756.25
266.00 706.25
266.50 709.10
267.00 678.85
267.50 700.43
268.00 722.95
268.50 738.98
269.00 699.03
269.50 778.46
270.00 731.13
270.50 781.04
271.00 701.65
271.50 680.47
272.00 770.33
272.50 761.95
273.00 719.51
273.50 720.31
274.00 721.55
274.50 761.60
275.00 667.72
275.50 820.80
276.00 720.12
276.50 715.04
277.00 743.18
277.50 763.70
278.00 746.48
278.50 725.17
279.00 686.21
279.50 718.40
280.00 710.67
280.50 716.74
281.00 738.19
281.50 714.14
282.00 709.01
282.50 738.17
283.00 718.06
283.50 719.06
284.00 751.39
284.50 699.93
285.00 724.44
285.50 706.04
286.00 681.29
286.50 734.33
287.00 666.78
287.50 767.63
288.00 729.65
288.50 718.15
289.00 667.63
289.50 729.71
290.00 727.12
290.50 694.37
291.00 697.53
291.50 733.91
292.00 705.63
292.50 698.88
293.00 774.52
293.50 743.07
294.00 699.98
294.50 735.70
295.00 762.62
295.50 713.92
296.00 804.73
296.50 724.86
297.00 699.06
297.50 723.00
298.00 686.98
298.50 768.97
299.00 682.99
299.50 737.44
