0.00 760.11
0.50 751.63
1.00 714.59
1.50 707.78
2.00 738.22
2.50 713.76
3.00 749.63
3.50 756.68
4.00 706.41
4.50 768.04
5.00 733.79
5.50 710.44
6.00 707.94
6.50 669.55
7.00 223.99
7.50 748.18
8.00 712.99
8.50 649.83
9.00 676.23
9.50 693.65
10.00 803.92
10.50 733.60
11.00 756.18
11.50 718.43
12.00 690.16
12.50 728.29
13.00 700.23
13.50 721.77
14.00 806.28
14.50 762.24
15.00 711.89
15.50 740.92
16.00 729.16
16.50 705.61
17.00 722.05
17.50 733.01
18.00 721.58
18.50 766.08
19.00 782.77
19.50 739.33
20.00 786.76
20.50 752.72
21.00 753.47
21.50 754.67
22.00 747.96
22.50 740.61
23.00 693.73
23.50 738.22
24.00 712.00
24.50 775.06
25.00 733.52
25.50 715.91
26.00 735.49
26.50 720.03
27.00 703.13
27.50 849.56
28.00 854.26
28.50 818.15
29.00 822.55
29.50 832.20
30.00 884.68
30.50 833.19
31.00 865.81
31.50 805.49
32.00 824.60
32.50 860.03
33.00 592.41
33.50 171.21
34.00 766.41
34.50 749.45
35.00 830.75
35.50 845.51
36.00 834.74
36.50 825.36
37.00 866.12
37.50 861.80
38.00 825.68
38.50 820.23
39.00 727.94
39.50 712.31
40.00 781.43
40.50 741.84
41.00 256.74
41.50 456.24
42.00 831.87
42.50 900.00
43.00 714.70
43.50 714.69
44.00 725.14
44.50 766.02
45.00 728.04
45.50 761.89
46.00 829.87
46.50 856.25
47.00 847.90
47.50 286.88
48.00 695.65
48.50 698.09
49.00 708.18
49.50 683.17
50.00 709.31
50.50 850.76
51.00 853.66
51.50 865.37
52.00 817.57
52.50 85.24
53.00 701.66
53.50 0.00
54.00 21.67
54.50 9.91
55.00 2.76
55.50 3.80
56.00 13.75
56.50 10.91
57.00 25.29
57.50 23.29
58.00 0.00
58.50 452.28
59.00 688.03
59.50 900.00
60.00 493.34
60.50 712.86
61.00 705.80
61.50 307.35
62.00 726.20
62.50 732.01
63.00 723.02
63.50 736.49
64.00 764.23
64.50 854.50
65.00 700.93
65.50 732.80
66.00 801.09
66.50 691.21
67.00 710.66
67.50 710.30
68.00 829.77
68.50 705.39
69.00 715.81
69.50 695.31
70.00 426.20
70.50 900.00
71.00 0.00
71.50 770.71
72.00 868.20
72.50 822.07
73.00 857.70
73.50 863.87
74.00 315.49
74.50 9.00
75.00 14.32
75.50 12.23
76.00 388.30
76.50 17.10
77.00 597.99
77.50 8.18
78.00 314.92
78.50 690.90
79.00 661.85
79.50 707.86
80.00 854.79
80.50 720.69
81.00 767.98
81.50 766.70
82.00 715.22
82.50 751.22
83.00 841.02
83.50 670.07
84.00 749.78
84.50 731.00
85.00 758.29
85.50 740.24
86.00 802.06
86.50 714.56
87.00 674.25
87.50 797.92
88.00 847.72
88.50 875.98
89.00 841.38
89.50 873.65
90.00 824.05
90.50 862.92
91.00 813.00
91.50 889.01
92.00 877.56
92.50 854.64
93.00 843.04
93.50 737.03
94.00 679.71
94.50 726.01
95.00 709.52
95.50 689.69
96.00 706.50
96.50 743.66
97.00 740.90
97.50 698.87
98.00 762.60
98.50 701.63
99.00 674.49
99.50 714.16
100.00 726.60
100.50 769.50
101.00 773.94
101.50 728.05
102.00 721.71
102.50 722.55
103.00 674.99
103.50 826.35
104.00 840.92
104.50 857.98
105.00 759.66
105.50 747.62
106.00 844.96
106.50 851.57
107.00 813.21
107.50 847.93
108.00 849.75
108.50 823.65
109.00 852.45
109.50 830.14
110.00 844.59
110.50 848.26
111.00 830.89
111.50 820.61
112.00 235.16
112.50 558.52
113.00 736.24
113.50 642.33
114.00 713.92
114.50 872.98
115.00 730.18
115.50 0.00
116.00 6.38
116.50 17.02
117.00 0.00
117.50 25.43
118.00 13.43
118.50 811.38
119.00 733.70
119.50 818.36
120.00 727.26
120.50 664.22
121.00 725.59
121.50 682.07
122.00 831.28
122.50 740.89
123.00 738.43
123.50 776.13
124.00 700.54
124.50 869.48
125.00 751.29
125.50 718.69
126.00 747.69
126.50 729.35
127.00 772.32
127.50 685.23
128.00 766.52
128.50 753.61
129.00 9.05
129.50 179.07
130.00 341.35
130.50 645.42
131.00 716.01
131.50 731.69
132.00 696.88
132.50 290.14
133.00 7.10
133.50 0.00
134.00 716.71
134.50 690.08
135.00 669.37
135.50 717.20
136.00 821.12
136.50 780.12
137.00 744.57
137.50 717.79
138.00 674.36
138.50 744.89
139.00 695.11
139.50 770.91
140.00 723.53
140.50 662.37
141.00 778.22
141.50 723.35
142.00 680.29
142.50 683.83
143.00 718.50
143.50 791.03
144.00 745.72
144.50 784.02
145.00 718.07
145.50 733.60
146.00 752.76
146.50 739.22
147.00 90.94
147.50 101.70
148.00 761.20
148.50 709.11
149.00 719.10
149.50 699.90
150.00 706.31
150.50 763.41
151.00 722.16
151.50 739.75
152.00 698.44
152.50 756.34
153.00 710.42
153.50 696.74
154.00 436.57
154.50 559.08
155.00 527.21
155.50 272.03
156.00 736.41
156.50 702.63
157.00 763.30
157.50 725.27
158.00 716.25
158.50 823.06
159.00 707.50
159.50 800.45
160.00 747.48
160.50 754.11
161.00 776.05
161.50 356.50
162.00 710.86
162.50 752.82
163.00 758.03
163.50 695.60
164.00 687.92
164.50 762.43
165.00 698.21
165.50 334.18
166.00 8.87
166.50 0.00
167.00 0.00
167.50 79.70
168.00 442.97
168.50 754.04
169.00 614.30
169.50 0.00
170.00 0.00
170.50 0.00
171.00 355.98
171.50 717.00
172.00 731.33
172.50 706.89
173.00 97.62
173.50 12.57
174.00 138.72
174.50 707.32
175.00 720.66
175.50 858.27
176.00 848.42
176.50 692.63
177.00 776.52
177.50 733.47
178.00 712.72
178.50 680.57
179.00 758.87
179.50 765.21
180.00 745.66
180.50 709.39
181.00 718.86
181.50 677.18
182.00 761.02
182.50 743.21
183.00 711.72
183.50 784.73
184.00 722.30
184.50 763.78
185.00 770.54
185.50 793.99
186.00 720.59
186.50 411.89
187.00 807.15
187.50 799.73
188.00 519.95
188.50 14.83
189.00 26.78
189.50 728.80
190.00 741.07
190.50 738.53
191.00 138.82
191.50 111.68
192.00 602.82
192.50 460.88
193.00 725.03
193.50 815.89
194.00 780.38
194.50 752.36
195.00 756.57
195.50 704.67
196.00 466.03
196.50 709.68
197.00 731.49
197.50 769.77
198.00 755.28
198.50 753.86
199.00 694.33
199.50 703.27
200.00 727.69
200.50 713.41
201.00 749.01
201.50 742.95
202.00 748.57
202.50 738.62
203.00 759.69
203.50 694.27
204.00 675.25
204.50 717.52
205.00 715.65
205.50 724.89
206.00 688.26
206.50 693.96
207.00 714.35
207.50 723.49
208.00 785.82
208.50 762.65
209.00 650.55
209.50 755.33
210.00 712.85
210.50 761.95
211.00 718.96
211.50 745.26
212.00 751.94
212.50 720.41
213.00 658.58
213.50 790.30
214.00 760.65
214.50 758.08
215.00 751.59
215.50 695.92
216.00 704.60
216.50 690.34
217.00 187.04
217.50 699.31
218.00 808.01
218.50 729.37
219.00 726.44
219.50 741.69
220.00 718.87
220.50 701.41
221.00 386.73
221.50 624.89
222.00 835.50
222.50 718.79
223.00 694.03
223.50 651.97
224.00 674.25
224.50 695.94
225.00 777.42
225.50 693.48
226.00 750.79
226.50 723.93
227.00 742.65
227.50 749.44
228.00 711.23
228.50 770.24
229.00 743.99
229.50 759.79
230.00 720.82
230.50 766.45
231.00 745.61
231.50 725.52
232.00 701.62
232.50 833.45
233.00 748.15
233.50 159.40
234.00 521.60
234.50 718.14
235.00 864.74
235.50 810.57
236.00 830.67
236.50 785.59
237.00 774.01
237.50 852.03
238.00 735.26
238.50 446.46
239.00 317.45
239.50 477.99
240.00 600.70
240.50 678.00
241.00 530.05
241.50 732.35
242.00 736.86
242.50 718.57
243.00 725.75
243.50 696.87
244.00 775.28
244.50 734.78
245.00 702.25
245.50 695.42
246.00 722.04
246.50 726.22
247.00 739.50
247.50 694.99
248.00 718.70
248.50 737.92
249.00 715.40
249.50 738.33
250.00 717.29
250.50 702.85
251.00 690.57
251.50 693.87
252.00 682.93
252.50 373.41
253.00 692.28
253.50 730.96
254.00 753.69
254.50 722.38
255.00 731.85
255.50 693.14
256.00 807.91
256.50 702.65
257.00 697.25
257.50 773.87
258.00 689.38
258.50 661.77
259.00 686.58
259.50 819.65
260.00 824.78
260.50 862.74
261.00 727.71
261.50 699.37
262.00 581.96
262.50 809.00
263.00 758.24
263.50 784.14
264.00 693.68
264.50 690.89
265.00 692.46
265.50 746.27
266.00 681.82
266.50 327.56
267.00 793.42
267.50 827.35
268.00 740.01
268.50 673.16
269.00 810.27
269.50 806.36
270.00 707.29
270.50 219.91
271.00 717.14
271.50 707.88
272.00 672.80
272.50 766.09
273.00 4.40
273.50 479.99
274.00 781.55
274.50 755.34
275.00 827.84
275.50 845.64
276.00 751.91
276.50 721.39
277.00 605.87
277.50 687.88
278.00 759.99
278.50 749.83
279.00 761.14
279.50 745.01
280.00 820.85
280.50 738.72
281.00 752.33
281.50 756.22
282.00 834.21
282.50 843.31
283.00 812.06
283.50 835.06
284.00 746.73
284.50 756.32
285.00 772.91
285.50 671.14
286.00 674.70
286.50 801.26
287.00 713.27
287.50 790.02
288.00 705.70
288.50 705.46
289.00 716.46
289.50 707.01
290.00 232.06
290.50 710.54
291.00 840.60
291.50 645.20
292.00 725.98
292.50 795.30
293.00 758.43
293.50 804.34
294.00 834.08
294.50 844.79
295.00 832.51
295.50 761.19
296.00 681.57
296.50 770.53
297.00 730.85
297.50 691.83
298.00 650.20
298.50 733.01
299.00 742.45
299.50 736.97
