0.00 752.28
0.50 752.86
1.00 698.69
1.50 735.60
2.00 771.65
2.50 709.81
3.00 728.64
3.50 720.08
4.00 694.23
4.50 672.49
5.00 716.20
5.50 720.25
6.00 714.75
6.50 747.72
7.00 720.89
7.50 752.76
8.00 716.80
8.50 757.26
9.00 728.64
9.50 734.03
10.00 794.79
10.50 804.82
11.00 763.60
11.50 755.64
12.00 846.16
12.50 708.76
13.00 0.00
13.50 699.53
14.00 798.05
14.50 813.28
15.00 316.00
15.50 5.78
16.00 0.00
16.50 18.51
17.00 7.99
17.50 666.78
18.00 13.07
18.50 365.43
19.00 364.07
19.50 696.77
20.00 157.55
20.50 491.55
21.00 682.20
21.50 724.89
22.00 720.53
22.50 801.12
23.00 644.81
23.50 811.33
24.00 830.75
24.50 487.94
25.00 823.43
25.50 712.63
26.00 29.36
26.50 12.27
27.00 15.51
27.50 26.59
28.00 0.00
28.50 382.75
29.00 256.98
29.50 19.91
30.00 535.64
30.50 760.14
31.00 834.70
31.50 844.96
32.00 716.96
32.50 798.16
33.00 773.96
33.50 731.19
34.00 676.43
34.50 717.01
35.00 692.26
35.50 736.55
36.00 670.65
36.50 757.98
37.00 748.93
37.50 667.46
38.00 799.39
38.50 744.75
39.00 749.89
39.50 768.19
40.00 661.82
40.50 759.62
41.00 722.85
41.50 749.70
42.00 755.57
42.50 732.51
43.00 692.10
43.50 696.73
44.00 793.91
44.50 705.96
45.00 778.71
45.50 751.17
46.00 699.00
46.50 752.21
47.00 712.23
47.50 750.84
48.00 746.20
48.50 760.13
49.00 814.76
49.50 728.48
50.00 757.47
50.50 764.90
51.00 737.64
51.50 813.84
52.00 833.13
52.50 869.86
53.00 691.22
53.50 680.14
54.00 657.05
54.50 626.40
55.00 833.87
55.50 707.55
56.00 623.39
56.50 3.57
57.00 8.36
57.50 701.92
58.00 251.06
58.50 598.17
59.00 717.05
59.50 325.89
60.00 730.17
60.50 760.50
61.00 826.16
61.50 869.44
62.00 845.00
62.50 792.16
63.00 817.03
63.50 738.70
64.00 687.86
64.50 773.90
65.00 720.52
65.50 778.08
66.00 724.79
66.50 714.51
67.00 722.80
67.50 772.68
68.00 714.53
68.50 277.31
69.00 338.71
69.50 454.07
70.00 620.19
70.50 85.95
71.00 480.97
71.50 763.15
72.00 650.29
72.50 686.38
73.00 831.61
73.50 746.90
74.00 726.67
74.50 736.00
75.00 702.83
75.50 833.61
76.00 840.19
76.50 848.28
77.00 866.52
77.50 797.58
78.00 787.06
78.50 700.88
79.00 356.06
79.50 482.21
80.00 723.99
80.50 726.69
81.00 757.16
81.50 681.47
82.00 722.61
82.50 692.72
83.00 722.47
83.50 732.89
84.00 701.24
84.50 740.03
85.00 737.89
85.50 770.15
86.00 706.40
86.50 673.83
87.00 808.84
87.50 715.61
88.00 784.83
88.50 742.48
89.00 712.00
89.50 710.64
90.00 736.58
90.50 747.46
91.00 718.03
91.50 852.88
92.00 858.98
92.50 818.67
93.00 835.04
93.50 854.66
94.00 861.20
94.50 829.06
95.00 844.17
95.50 692.54
96.00 714.16
96.50 792.25
97.00 747.28
97.50 714.56
98.00 756.78
98.50 706.18
99.00 747.20
99.50 710.42
100.00 722.31
100.50 779.61
101.00 689.20
101.50 734.56
102.00 668.17
102.50 717.98
103.00 769.00
103.50 716.60
104.00 701.36
104.50 780.55
105.00 715.19
105.50 719.43
106.00 670.40
106.50 795.02
107.00 739.09
107.50 745.77
108.00 738.04
108.50 728.55
109.00 740.27
109.50 731.90
110.00 779.40
110.50 753.42
111.00 709.98
111.50 767.80
112.00 752.51
112.50 700.76
113.00 730.92
113.50 798.31
114.00 707.70
114.50 786.80
115.00 656.94
115.50 672.13
116.00 714.52
116.50 773.26
117.00 834.17
117.50 751.07
118.00 765.57
118.50 704.30
119.00 743.76
119.50 854.40
120.00 838.43
120.50 685.21
121.00 730.84
121.50 834.76
122.00 854.64
122.50 866.00
123.00 597.54
123.50 387.43
124.00 718.53
124.50 750.29
125.00 732.47
125.50 666.64
126.00 321.23
126.50 610.34
127.00 370.00
127.50 256.41
128.00 700.08
128.50 253.02
129.00 205.61
129.50 822.03
130.00 461.57
130.50 14.51
131.00 21.43
131.50 430.24
132.00 278.46
132.50 773.27
133.00 730.85
133.50 800.93
134.00 790.50
134.50 772.33
135.00 714.69
135.50 826.67
136.00 823.30
136.50 899.61
137.00 744.68
137.50 717.39
138.00 900.00
138.50 772.23
139.00 794.85
139.50 719.66
140.00 853.75
140.50 668.14
141.00 675.59
141.50 700.13
142.00 700.07
142.50 706.37
143.00 728.30
143.50 745.03
144.00 750.79
144.50 793.11
145.00 468.73
145.50 468.65
146.00 0.00
146.50 319.23
147.00 18.70
147.50 277.76
148.00 729.80
148.50 757.06
149.00 756.88
149.50 673.62
150.00 751.78
150.50 688.42
151.00 449.79
151.50 301.79
152.00 423.54
152.50 710.97
153.00 721.90
153.50 686.68
154.00 300.04
154.50 716.01
155.00 828.27
155.50 860.78
156.00 486.49
156.50 772.62
157.00 754.29
157.50 765.09
158.00 776.37
158.50 159.62
159.00 724.83
159.50 820.81
160.00 296.34
160.50 90.80
161.00 7.19
161.50 506.67
162.00 680.30
162.50 712.92
163.00 722.43
163.50 778.08
164.00 816.65
164.50 841.05
165.00 684.53
165.50 707.25
166.00 744.76
166.50 674.42
167.00 453.56
167.50 644.35
168.00 890.05
168.50 785.81
169.00 845.55
169.50 784.32
170.00 894.51
170.50 845.83
171.00 188.71
171.50 773.30
172.00 796.40
172.50 898.21
173.00 731.49
173.50 713.51
174.00 885.96
174.50 685.75
175.00 767.78
175.50 725.14
176.00 720.51
176.50 712.53
177.00 821.58
177.50 833.90
178.00 752.40
178.50 721.03
179.00 756.44
179.50 806.86
180.00 689.67
180.50 731.85
181.00 689.06
181.50 863.90
182.00 900.00
182.50 689.54
183.00 709.16
183.50 730.98
184.00 708.23
184.50 605.54
185.00 621.40
185.50 721.76
186.00 765.59
186.50 716.10
187.00 812.68
187.50 358.31
188.00 703.49
188.50 760.10
189.00 707.48
189.50 685.09
190.00 796.91
190.50 677.00
191.00 682.29
191.50 710.58
192.00 729.56
192.50 721.41
193.00 816.84
193.50 692.85
194.00 728.81
194.50 651.96
195.00 750.00
195.50 770.21
196.00 734.25
196.50 767.38
197.00 737.82
197.50 726.86
198.00 737.25
198.50 832.26
199.00 785.22
199.50 768.14
200.00 759.86
200.50 703.58
201.00 742.54
201.50 705.36
202.00 729.91
202.50 735.93
203.00 715.92
203.50 734.01
204.00 750.88
204.50 796.93
205.00 759.80
205.50 755.88
206.00 666.57
206.50 307.88
207.00 671.44
207.50 722.35
208.00 853.95
208.50 734.72
209.00 865.27
209.50 840.42
210.00 808.48
210.50 737.81
211.00 702.38
211.50 715.19
212.00 698.19
212.50 708.91
213.00 718.34
213.50 761.61
214.00 702.25
214.50 685.20
215.00 785.46
215.50 792.46
216.00 661.24
216.50 716.57
217.00 749.42
217.50 702.45
218.00 751.07
218.50 739.11
219.00 761.67
219.50 745.86
220.00 734.24
220.50 649.50
221.00 756.53
221.50 709.82
222.00 697.88
222.50 707.91
223.00 376.34
223.50 775.50
224.00 735.72
224.50 706.16
225.00 810.76
225.50 720.19
226.00 727.11
226.50 710.71
227.00 677.39
227.50 691.65
228.00 783.26
228.50 720.64
229.00 764.97
229.50 743.41
230.00 675.65
230.50 754.94
231.00 713.06
231.50 732.78
232.00 666.48
232.50 780.76
233.00 716.54
233.50 707.14
234.00 710.32
234.50 692.52
235.00 691.17
235.50 787.66
236.00 695.39
236.50 12.09
237.00 417.66
237.50 763.34
238.00 788.13
238.50 837.74
239.00 866.53
239.50 119.22
240.00 439.40
240.50 0.00
241.00 5.02
241.50 615.67
242.00 317.91
242.50 296.90
243.00 539.73
243.50 442.86
244.00 7.35
244.50 10.13
245.00 449.67
245.50 727.68
246.00 699.30
246.50 697.07
247.00 711.21
247.50 733.29
248.00 701.51
248.50 727.72
249.00 766.20
249.50 739.57
250.00 801.39
250.50 713.30
251.00 744.25
251.50 809.79
252.00 733.06
252.50 712.38
253.00 768.92
253.50 744.61
254.00 752.56
254.50 719.11
255.00 579.53
255.50 716.56
256.00 806.16
256.50 732.59
257.00 418.85
257.50 309.95
258.00 759.39
258.50 694.92
259.00 773.26
259.50 713.23
260.00 622.19
260.50 181.68
261.00 21.24
261.50 2.75
262.00 0.00
262.50 517.52
263.00 782.81
263.50 776.02
264.00 414.94
264.50 685.96
265.00 846.42
265.50 696.19
266.00 723.81
266.50 691.86
267.00 757.34
267.50 741.87
268.00 708.41
268.50 727.37
269.00 731.69
269.50 721.94
270.00 701.01
270.50 662.04
271.00 719.58
271.50 805.05
272.00 743.03
272.50 823.25
273.00 740.18
273.50 704.07
274.00 762.83
274.50 681.23
275.00 809.47
275.50 16.47
276.00 0.00
276.50 330.53
277.00 385.03
277.50 781.80
278.00 757.39
278.50 280.27
279.00 738.84
279.50 738.62
280.00 764.78
280.50 807.21
281.00 217.54
281.50 154.85
282.00 187.64
282.50 491.71
283.00 6.50
283.50 454.79
284.00 538.35
284.50 0.00
285.00 5.39
285.50 17.72
286.00 0.98
286.50 410.79
287.00 0.00
287.50 7.50
288.00 4.23
288.50 145.47
289.00 4.61
289.50 10.81
290.00 326.99
290.50 737.41
291.00 723.27
291.50 823.30
292.00 772.86
292.50 694.66
293.00 681.18
293.50 740.77
294.00 700.84
294.50 706.52
295.00 703.39
295.50 750.68
296.00 311.86
296.50 336.73
297.00 703.36
297.50 730.55
298.00 774.91
298.50 702.41
299.00 24.34
299.50 12.46
