0.00 732.85
0.50 725.55
1.00 726.52
1.50 762.40
2.00 732.35
2.50 695.96
3.00 740.61
3.50 706.32
4.00 697.07
4.50 747.07
5.00 748.05
5.50 734.01
6.00 792.24
6.50 705.47
7.00 735.86
7.50 739.33
8.00 696.24
8.50 736.82
9.00 702.15
9.50 757.03
10.00 706.77
10.50 741.96
11.00 730.79
11.50 710.20
12.00 712.22
12.50 813.51
13.00 884.84
13.50 696.14
14.00 704.52
14.50 650.99
15.00 730.06
15.50 681.82
16.00 747.94
16.50 683.44
17.00 734.22
17.50 796.63
18.00 655.29
18.50 708.74
19.00 760.13
19.50 786.35
20.00 2.73
20.50 479.57
21.00 362.74
21.50 294.81
22.00 760.58
22.50 705.88
23.00 354.28
23.50 342.40
24.00 783.70
24.50 762.03
25.00 819.51
25.50 788.19
26.00 848.52
26.50 621.65
27.00 708.42
27.50 733.39
28.00 806.90
28.50 805.16
29.00 707.95
29.50 715.23
30.00 699.02
30.50 677.50
31.00 742.31
31.50 760.12
32.00 704.25
32.50 785.39
33.00 824.07
33.50 832.95
34.00 847.55
34.50 768.46
35.00 726.29
35.50 285.65
36.00 708.14
36.50 739.03
37.00 769.94
37.50 673.26
38.00 639.06
38.50 775.47
39.00 868.02
39.50 849.13
40.00 737.17
40.50 847.93
41.00 779.96
41.50 681.13
42.00 673.89
42.50 856.39
43.00 761.06
43.50 755.86
44.00 727.54
44.50 900.00
45.00 768.43
45.50 847.15
46.00 899.47
46.50 726.76
47.00 740.09
47.50 701.16
48.00 736.35
48.50 687.30
49.00 677.70
49.50 659.17
50.00 754.71
50.50 765.74
51.00 680.80
51.50 685.42
52.00 762.74
52.50 752.32
53.00 713.13
53.50 743.72
54.00 711.22
54.50 698.03
55.00 289.43
55.50 722.66
56.00 713.84
56.50 783.11
57.00 732.74
57.50 718.40
58.00 729.62
58.50 750.77
59.00 0.00
59.50 722.54
60.00 721.51
60.50 750.76
61.00 725.75
61.50 717.10
62.00 729.34
62.50 691.43
63.00 758.02
63.50 724.23
64.00 724.10
64.50 803.79
65.00 757.05
65.50 743.97
66.00 745.84
66.50 737.59
67.00 701.19
67.50 704.32
68.00 826.63
68.50 900.00
69.00 719.58
69.50 825.61
70.00 831.42
70.50 300.17
71.00 0.00
71.50 0.00
72.00 719.09
72.50 739.86
73.00 715.50
73.50 772.11
74.00 735.75
74.50 709.41
75.00 714.61
75.50 727.59
76.00 791.40
76.50 715.88
77.00 701.90
77.50 733.51
78.00 847.31
78.50 846.39
79.00 824.63
79.50 854.65
80.00 750.30
80.50 793.02
81.00 665.26
81.50 761.23
82.00 743.17
82.50 790.14
83.00 857.59
83.50 829.38
84.00 826.43
84.50 851.08
85.00 871.46
85.50 809.27
86.00 900.00
86.50 860.25
87.00 794.88
87.50 727.48
88.00 670.63
88.50 747.64
89.00 764.88
89.50 838.80
90.00 811.15
90.50 826.07
91.00 825.95
91.50 800.66
92.00 806.06
92.50 743.16
93.00 743.37
93.50 213.05
94.00 722.98
94.50 703.36
95.00 782.93
95.50 762.52
96.00 742.13
96.50 689.24
97.00 786.78
97.50 763.56
98.00 762.01
98.50 697.07
99.00 699.85
99.50 753.83
100.00 722.92
100.50 573.84
101.00 757.42
101.50 666.99
102.00 857.46
102.50 851.52
103.00 860.06
103.50 753.86
104.00 679.37
104.50 742.68
105.00 856.29
105.50 331.40
106.00 575.32
106.50 616.38
107.00 0.00
107.50 16.43
108.00 1.85
108.50 473.48
109.00 425.91
109.50 741.24
110.00 726.74
110.50 731.22
111.00 724.63
111.50 799.89
112.00 734.07
112.50 718.34
113.00 678.84
113.50 767.62
114.00 707.11
114.50 715.78
115.00 730.54
115.50 743.08
116.00 790.35
116.50 738.77
117.00 788.76
117.50 737.61
118.00 770.29
118.50 755.57
119.00 723.33
119.50 734.52
120.00 734.41
120.50 714.74
121.00 747.71
121.50 729.62
122.00 785.87
122.50 754.10
123.00 704.75
123.50 748.62
124.00 645.69
124.50 692.22
125.00 727.86
125.50 756.63
126.00 711.62
126.50 742.72
127.00 698.03
127.50 687.17
128.00 735.54
128.50 814.67
129.00 738.35
129.50 807.78
130.00 835.60
130.50 667.87
131.00 704.15
131.50 821.90
132.00 868.36
132.50 749.38
133.00 716.75
133.50 695.47
134.00 787.34
134.50 758.08
135.00 676.00
135.50 738.80
136.00 722.77
136.50 721.28
137.00 736.16
137.50 692.28
138.00 748.02
138.50 735.79
139.00 676.58
139.50 708.28
140.00 669.72
140.50 759.88
141.00 723.84
141.50 728.18
142.00 365.91
142.50 689.91
143.00 726.47
143.50 556.98
144.00 697.78
144.50 694.83
145.00 738.31
145.50 697.81
146.00 700.34
146.50 860.35
147.00 529.03
147.50 423.42
148.00 717.84
148.50 777.09
149.00 805.20
149.50 734.43
150.00 781.29
150.50 787.75
151.00 757.64
151.50 704.45
152.00 724.77
152.50 706.67
153.00 773.57
153.50 888.24
154.00 703.72
154.50 700.99
155.00 732.70
155.50 724.93
156.00 752.73
156.50 761.62
157.00 731.56
157.50 799.64
158.00 706.26
158.50 709.45
159.00 144.98
159.50 561.44
160.00 819.90
160.50 711.68
161.00 725.33
161.50 715.22
162.00 731.52
162.50 766.97
163.00 787.95
163.50 693.58
164.00 721.37
164.50 324.06
165.00 624.37
165.50 357.78
166.00 754.98
166.50 712.94
167.00 724.88
167.50 678.50
168.00 704.78
168.50 720.26
169.00 724.56
169.50 829.33
170.00 784.44
170.50 818.54
171.00 767.51
171.50 689.52
172.00 695.16
172.50 710.26
173.00 758.60
173.50 694.01
174.00 619.51
174.50 777.38
175.00 721.88
175.50 738.33
176.00 729.42
176.50 209.87
177.00 472.27
177.50 816.11
178.00 732.11
178.50 187.68
179.00 717.59
179.50 721.36
180.00 730.72
180.50 697.39
181.00 694.11
181.50 708.02
182.00 660.91
182.50 720.28
183.00 718.91
183.50 780.94
184.00 734.71
184.50 856.31
185.00 726.59
185.50 721.55
186.00 719.96
186.50 754.36
187.00 696.87
187.50 765.46
188.00 709.39
188.50 757.98
189.00 757.71
189.50 771.20
190.00 733.18
190.50 715.26
191.00 683.29
191.50 745.62
192.00 730.67
192.50 719.14
193.00 737.25
193.50 724.92
194.00 710.85
194.50 817.51
195.00 710.78
195.50 693.35
196.00 652.60
196.50 440.51
197.00 729.63
197.50 736.79
198.00 695.79
198.50 702.00
199.00 742.85
199.50 678.30
200.00 684.75
200.50 818.41
201.00 767.38
201.50 758.77
202.00 693.55
202.50 684.39
203.00 740.78
203.50 706.17
204.00 720.52
204.50 720.59
205.00 684.93
205.50 736.99
206.00 736.26
206.50 737.63
207.00 747.28
207.50 688.16
208.00 775.69
208.50 759.44
209.00 708.64
209.50 734.77
210.00 720.25
210.50 669.52
211.00 767.67
211.50 745.68
212.00 782.78
212.50 757.87
213.00 693.66
213.50 785.14
214.00 712.67
214.50 711.40
215.00 709.21
215.50 708.29
216.00 772.32
216.50 685.11
217.00 677.58
217.50 721.01
218.00 770.48
218.50 741.36
219.00 767.31
219.50 722.05
220.00 707.29
220.50 677.45
221.00 758.98
221.50 700.66
222.00 736.04
222.50 689.73
223.00 696.99
223.50 829.74
224.00 756.09
224.50 742.56
225.00 717.29
225.50 690.46
226.00 722.21
226.50 824.46
227.00 804.43
227.50 764.87
228.00 692.85
228.50 543.07
229.00 721.45
229.50 677.49
230.00 717.90
230.50 722.44
231.00 679.78
231.50 802.06
232.00 691.90
232.50 900.00
233.00 706.94
233.50 695.53
234.00 825.14
234.50 727.21
235.00 729.94
235.50 306.12
236.00 722.40
236.50 742.46
237.00 845.48
237.50 747.44
238.00 760.86
238.50 702.99
239.00 676.25
239.50 709.94
240.00 688.30
240.50 395.22
241.00 469.48
241.50 14.04
242.00 782.34
242.50 714.06
243.00 751.61
243.50 754.98
244.00 758.30
244.50 727.45
245.00 727.68
245.50 686.36
246.00 733.46
246.50 839.50
247.00 776.82
247.50 863.44
248.00 874.89
248.50 736.99
249.00 865.20
249.50 862.71
250.00 809.35
250.50 849.84
251.00 820.75
251.50 892.47
252.00 258.86
252.50 744.86
253.00 764.39
253.50 758.66
254.00 718.25
254.50 721.73
255.00 694.52
255.50 706.09
256.00 488.80
256.50 60.29
257.00 314.48
257.50 751.03
258.00 770.69
258.50 729.13
259.00 767.72
259.50 725.96
260.00 777.92
260.50 716.00
261.00 730.57
261.50 714.26
262.00 736.91
262.50 742.27
263.00 758.22
263.50 0.00
264.00 6.25
264.50 12.92
265.00 6.66
265.50 83.50
266.00 504.79
266.50 518.03
267.00 502.20
267.50 858.79
268.00 836.33
268.50 729.59
269.00 733.95
269.50 693.87
270.00 710.86
270.50 723.26
271.00 750.81
271.50 739.99
272.00 749.49
272.50 724.18
273.00 664.58
273.50 710.03
274.00 697.78
274.50 741.91
275.00 207.74
275.50 719.00
276.00 659.81
276.50 723.99
277.00 649.27
277.50 764.01
278.00 810.39
278.50 785.50
279.00 587.69
279.50 719.00
280.00 700.31
280.50 683.66
281.00 693.40
281.50 900.00
282.00 788.05
282.50 704.40
283.00 708.13
283.50 688.23
284.00 678.94
284.50 829.37
285.00 796.73
285.50 819.20
286.00 821.95
286.50 718.35
287.00 750.54
287.50 688.29
288.00 679.63
288.50 740.57
289.00 750.87
289.50 734.69
290.00 676.61
290.50 756.51
291.00 841.78
291.50 757.55
292.00 739.27
292.50 745.23
293.00 729.82
293.50 711.07
294.00 679.46
294.50 707.57
295.00 484.61
295.50 21.30
296.00 139.83
296.50 735.15
297.00 717.58
297.50 717.36
298.00 259.63
298.50 702.38
299.00 681.15
299.50 711.30
