0.00 775.38
0.50 723.26
1.00 740.93
1.50 672.54
2.00 763.97
2.50 687.31
3.00 730.06
3.50 749.40
4.00 734.49
4.50 738.77
5.00 704.13
5.50 853.77
6.00 836.74
6.50 205.68
7.00 630.29
7.50 752.48
8.00 762.09
8.50 146.95
9.00 761.73
9.50 792.54
10.00 713.31
10.50 778.93
11.00 731.47
11.50 734.32
12.00 702.76
12.50 690.11
13.00 756.06
13.50 724.92
14.00 712.79
14.50 735.86
15.00 702.35
15.50 714.51
16.00 776.98
16.50 782.35
17.00 792.58
17.50 863.39
18.00 721.03
18.50 701.73
19.00 698.77
19.50 683.40
20.00 761.08
20.50 750.68
21.00 256.70
21.50 274.20
22.00 741.25
22.50 787.38
23.00 688.68
23.50 761.26
24.00 781.55
24.50 704.02
25.00 743.00
25.50 766.51
26.00 782.37
26.50 767.92
27.00 821.45
27.50 734.30
28.00 694.34
28.50 689.42
29.00 725.35
29.50 744.85
30.00 785.02
30.50 764.69
31.00 900.00
31.50 900.00
32.00 715.05
32.50 782.31
33.00 695.95
33.50 707.63
34.00 690.87
34.50 351.09
35.00 750.39
35.50 699.57
36.00 708.44
36.50 750.94
37.00 853.32
37.50 717.92
38.00 754.94
38.50 770.50
39.00 764.37
39.50 743.81
40.00 736.21
40.50 742.26
41.00 770.03
41.50 762.16
42.00 774.12
42.50 745.84
43.00 743.13
43.50 743.10
44.00 738.06
44.50 718.24
45.00 756.18
45.50 708.16
46.00 682.74
46.50 677.30
47.00 716.02
47.50 729.47
48.00 731.34
48.50 753.17
49.00 760.27
49.50 712.04
50.00 751.31
50.50 707.41
51.00 726.28
51.50 746.93
52.00 734.13
52.50 887.40
53.00 845.87
53.50 805.47
54.00 746.74
54.50 871.86
55.00 708.33
55.50 706.79
56.00 747.85
56.50 685.53
57.00 745.67
57.50 700.86
58.00 718.64
58.50 705.17
59.00 898.23
59.50 808.43
60.00 768.65
60.50 743.42
61.00 701.83
61.50 701.11
62.00 613.83
62.50 688.50
63.00 663.49
63.50 703.79
64.00 698.32
64.50 690.51
65.00 712.90
65.50 706.76
66.00 384.91
66.50 880.84
67.00 829.99
67.50 822.29
68.00 848.04
68.50 785.42
69.00 812.16
69.50 705.41
70.00 232.32
70.50 766.38
71.00 808.00
71.50 724.40
72.00 740.68
72.50 728.70
73.00 807.21
73.50 695.34
74.00 696.68
74.50 742.92
75.00 765.78
75.50 727.67
76.00 819.16
76.50 740.04
77.00 711.21
77.50 740.96
78.00 725.10
78.50 732.14
79.00 746.66
79.50 709.30
80.00 751.80
80.50 769.87
81.00 738.54
81.50 735.65
82.00 715.06
82.50 246.41
83.00 436.29
83.50 779.23
84.00 620.83
84.50 670.43
85.00 763.45
85.50 831.96
86.00 704.04
86.50 721.54
87.00 676.93
87.50 777.55
88.00 696.00
88.50 826.14
89.00 778.32
89.50 751.17
90.00 692.75
90.50 733.37
91.00 685.32
91.50 695.89
92.00 784.49
92.50 693.03
93.00 777.37
93.50 719.67
94.00 698.15
94.50 705.29
95.00 740.71
95.50 767.88
96.00 705.78
96.50 711.51
97.00 766.57
97.50 702.49
98.00 724.07
98.50 724.88
99.00 695.79
99.50 717.13
100.00 755.58
100.50 723.56
101.00 785.57
101.50 705.84
102.00 724.22
102.50 763.77
103.00 757.09
103.50 780.41
104.00 570.26
104.50 801.47
105.00 635.68
105.50 670.30
106.00 756.17
106.50 713.02
107.00 787.46
107.50 745.00
108.00 717.36
108.50 710.79
109.00 730.13
109.50 759.69
110.00 772.69
110.50 706.81
111.00 706.43
111.50 754.49
112.00 719.06
112.50 767.31
113.00 736.64
113.50 719.50
114.00 765.33
114.50 736.42
115.00 718.49
115.50 739.02
116.00 762.18
116.50 783.74
117.00 781.07
117.50 734.67
118.00 808.24
118.50 738.59
119.00 763.85
119.50 773.22
120.00 752.23
120.50 732.90
121.00 720.62
121.50 738.76
122.00 703.02
122.50 733.10
123.00 738.85
123.50 734.63
124.00 749.58
124.50 685.39
125.00 760.19
125.50 782.15
126.00 747.40
126.50 729.44
127.00 725.19
127.50 757.22
128.00 742.57
128.50 690.72
129.00 494.51
129.50 771.25
130.00 754.04
130.50 780.40
131.00 763.75
131.50 732.28
132.00 782.89
132.50 739.78
133.00 784.47
133.50 732.98
134.00 702.22
134.50 761.54
135.00 723.72
135.50 857.80
136.00 868.03
136.50 848.34
137.00 875.64
137.50 882.82
138.00 836.03
138.50 837.97
139.00 860.37
139.50 660.88
140.00 664.24
140.50 0.00
141.00 545.01
141.50 900.00
142.00 20.39
142.50 3.37
143.00 442.25
143.50 0.00
144.00 385.63
144.50 212.96
145.00 17.00
145.50 11.20
146.00 410.18
146.50 244.35
147.00 806.35
147.50 821.29
148.00 792.75
148.50 711.28
149.00 700.62
149.50 702.80
150.00 766.11
150.50 712.30
151.00 752.13
151.50 732.01
152.00 688.68
152.50 724.98
153.00 712.52
153.50 709.31
154.00 760.28
154.50 747.28
155.00 0.00
155.50 150.15
156.00 2.87
156.50 16.84
157.00 7.85
157.50 0.25
158.00 534.96
158.50 293.73
159.00 327.39
159.50 212.89
160.00 800.05
160.50 457.50
161.00 302.85
161.50 298.39
162.00 0.00
162.50 15.63
163.00 101.89
163.50 526.91
164.00 585.25
164.50 751.62
165.00 887.36
165.50 861.11
166.00 843.59
166.50 863.29
167.00 840.12
167.50 856.92
168.00 814.77
168.50 741.70
169.00 723.43
169.50 696.50
170.00 693.76
170.50 819.90
171.00 712.96
171.50 716.55
172.00 718.09
172.50 676.87
173.00 803.15
173.50 698.82
174.00 694.97
174.50 690.17
175.00 741.12
175.50 742.89
176.00 751.72
176.50 714.27
177.00 741.17
177.50 694.54
178.00 404.98
178.50 480.63
179.00 761.57
179.50 529.16
180.00 733.41
180.50 688.02
181.00 693.32
181.50 846.33
182.00 721.28
182.50 764.75
183.00 686.52
183.50 724.99
184.00 757.50
184.50 721.30
185.00 842.81
185.50 719.56
186.00 739.56
186.50 664.00
187.00 762.25
187.50 732.55
188.00 721.52
188.50 824.58
189.00 776.59
189.50 708.49
190.00 176.57
190.50 711.64
191.00 713.61
191.50 797.15
192.00 872.61
192.50 739.29
193.00 567.59
193.50 743.80
194.00 727.08
194.50 687.20
195.00 883.09
195.50 9.98
196.00 196.15
196.50 9.48
197.00 9.50
197.50 10.05
198.00 4.45
198.50 22.75
199.00 0.00
199.50 0.00
200.00 0.00
200.50 287.68
201.00 4.72
201.50 544.98
202.00 738.27
202.50 739.96
203.00 747.28
203.50 715.48
204.00 712.43
204.50 207.75
205.00 614.06
205.50 705.32
206.00 714.02
206.50 801.60
207.00 741.90
207.50 709.25
208.00 669.40
208.50 742.76
209.00 730.65
209.50 720.88
210.00 693.14
210.50 669.36
211.00 757.54
211.50 742.58
212.00 626.61
212.50 647.72
213.00 9.95
213.50 13.87
214.00 7.39
214.50 440.68
215.00 348.02
215.50 779.47
216.00 727.24
216.50 722.87
217.00 741.29
217.50 753.87
218.00 732.78
218.50 801.74
219.00 679.81
219.50 729.58
220.00 689.06
220.50 726.91
221.00 725.53
221.50 767.47
222.00 797.89
222.50 724.58
223.00 804.25
223.50 858.43
224.00 832.19
224.50 862.15
225.00 656.00
225.50 753.93
226.00 800.97
226.50 269.66
227.00 805.01
227.50 835.11
228.00 692.72
228.50 812.23
229.00 702.89
229.50 723.00
230.00 677.65
230.50 705.90
231.00 692.84
231.50 708.80
232.00 696.17
232.50 707.31
233.00 806.19
233.50 818.83
234.00 885.70
234.50 762.87
235.00 833.42
235.50 827.42
236.00 677.43
236.50 744.51
237.00 671.88
237.50 783.34
238.00 737.77
238.50 752.74
239.00 739.58
239.50 745.48
240.00 726.01
240.50 745.26
241.00 775.84
241.50 644.74
242.00 772.92
242.50 775.78
243.00 677.25
243.50 716.57
244.00 739.63
244.50 731.47
245.00 772.29
245.50 778.27
246.00 710.99
246.50 846.75
247.00 728.42
247.50 530.38
248.00 756.13
248.50 524.56
249.00 722.07
249.50 230.74
250.00 708.24
250.50 565.01
251.00 418.67
251.50 789.97
252.00 719.81
252.50 548.46
253.00 3.44
253.50 719.28
254.00 834.52
254.50 805.58
255.00 736.19
255.50 676.04
256.00 748.93
256.50 718.08
257.00 708.41
257.50 799.56
258.00 700.56
258.50 774.84
259.00 770.23
259.50 857.27
260.00 763.59
260.50 722.18
261.00 705.99
261.50 692.30
262.00 703.61
262.50 784.66
263.00 700.98
263.50 683.96
264.00 685.29
264.50 765.46
265.00 728.77
265.50 708.65
266.00 712.25
266.50 727.60
267.00 715.00
267.50 673.16
268.00 754.35
268.50 703.83
269.00 686.58
269.50 676.02
270.00 593.09
270.50 742.45
271.00 695.77
271.50 564.77
272.00 774.53
272.50 715.44
273.00 869.89
273.50 744.40
274.00 845.38
274.50 829.47
275.00 844.79
275.50 838.23
276.00 829.55
276.50 852.40
277.00 827.17
277.50 847.77
278.00 846.36
278.50 834.46
279.00 841.15
279.50 859.51
280.00 838.01
280.50 835.45
281.00 697.19
281.50 704.84
282.00 720.49
282.50 719.99
283.00 742.66
283.50 715.05
284.00 746.58
284.50 850.88
285.00 723.42
285.50 882.83
286.00 778.12
286.50 825.97
287.00 709.09
287.50 732.00
288.00 728.35
288.50 864.33
289.00 842.22
289.50 802.95
290.00 718.54
290.50 712.68
291.00 827.35
291.50 830.36
292.00 700.44
292.50 717.55
293.00 766.74
293.50 698.68
294.00 290.81
294.50 740.48
295.00 819.22
295.50 803.66
296.00 849.75
296.50 883.71
297.00 821.26
297.50 868.53
298.00 737.75
298.50 878.29
299.00 716.49
299.50 706.89
