0.00 703.37
0.50 691.68
1.00 703.74
1.50 721.35
2.00 695.74
2.50 707.56
3.00 750.11
3.50 752.94
4.00 698.78
4.50 763.02
5.00 694.59
5.50 731.71
6.00 769.41
6.50 775.75
7.00 713.16
7.50 697.89
8.00 704.18
8.50 710.37
9.00 787.55
9.50 760.28
10.00 849.85
10.50 827.44
11.00 844.84
11.50 750.37
12.00 737.62
12.50 836.37
13.00 840.32
13.50 869.06
14.00 843.87
14.50 863.50
15.00 863.38
15.50 832.64
16.00 738.35
16.50 784.76
17.00 756.41
17.50 754.91
18.00 758.28
18.50 711.70
19.00 741.68
19.50 760.25
20.00 730.02
20.50 803.43
21.00 708.10
21.50 727.59
22.00 568.02
22.50 732.63
23.00 789.83
23.50 761.58
24.00 873.99
24.50 876.12
25.00 726.40
25.50 741.22
26.00 848.24
26.50 710.84
27.00 681.88
27.50 579.65
28.00 545.02
28.50 808.19
29.00 689.61
29.50 708.84
30.00 704.71
30.50 846.99
31.00 660.04
31.50 686.24
32.00 677.77
32.50 703.81
33.00 738.33
33.50 705.49
34.00 668.86
34.50 822.98
35.00 752.41
35.50 814.86
36.00 707.79
36.50 683.58
37.00 900.00
37.50 709.29
38.00 756.69
38.50 900.00
39.00 710.00
39.50 591.47
40.00 446.59
40.50 581.64
41.00 708.10
41.50 680.57
42.00 691.19
42.50 711.76
43.00 724.78
43.50 821.57
44.00 694.41
44.50 861.87
45.00 696.10
45.50 844.02
46.00 678.11
46.50 700.34
47.00 759.38
47.50 766.24
48.00 714.16
48.50 755.10
49.00 788.05
49.50 743.70
50.00 711.96
50.50 819.84
51.00 794.84
51.50 751.01
52.00 777.40
52.50 726.19
53.00 710.04
53.50 463.50
54.00 647.51
54.50 694.73
55.00 704.69
55.50 724.52
56.00 895.74
56.50 855.01
57.00 795.93
57.50 739.78
58.00 698.03
58.50 795.68
59.00 720.56
59.50 762.22
60.00 730.38
60.50 701.30
61.00 739.28
61.50 706.93
62.00 748.60
62.50 740.29
63.00 719.43
63.50 760.48
64.00 771.35
64.50 688.36
65.00 749.38
65.50 747.49
66.00 736.10
66.50 737.64
67.00 719.06
67.50 775.97
68.00 720.51
68.50 721.90
69.00 696.08
69.50 575.98
70.00 702.96
70.50 708.65
71.00 777.69
71.50 793.90
72.00 420.82
72.50 7.49
73.00 17.52
73.50 0.00
74.00 644.23
74.50 223.08
75.00 352.93
75.50 275.30
76.00 283.68
76.50 360.54
77.00 560.23
77.50 0.00
78.00 13.30
78.50 420.51
79.00 769.71
79.50 760.40
80.00 737.00
80.50 753.78
81.00 689.40
81.50 730.94
82.00 735.70
82.50 690.42
83.00 706.87
83.50 775.46
84.00 757.34
84.50 764.59
85.00 759.45
85.50 716.72
86.00 720.69
86.50 723.27
87.00 671.81
87.50 744.99
88.00 734.67
88.50 710.14
89.00 779.20
89.50 734.36
90.00 730.01
90.50 779.23
91.00 696.03
91.50 664.52
92.00 713.82
92.50 710.57
93.00 825.10
93.50 848.34
94.00 760.65
94.50 662.75
95.00 378.42
95.50 0.00
96.00 25.94
96.50 1.43
97.00 653.73
97.50 397.76
98.00 24.92
98.50 301.29
99.00 775.74
99.50 739.67
100.00 774.19
100.50 696.72
101.00 776.23
101.50 833.75
102.00 832.58
102.50 756.64
103.00 749.40
103.50 894.14
104.00 842.29
104.50 817.98
105.00 815.02
105.50 709.82
106.00 716.61
106.50 561.40
107.00 787.84
107.50 877.57
108.00 822.67
108.50 700.83
109.00 698.90
109.50 701.05
110.00 673.97
110.50 831.87
111.00 829.53
111.50 839.43
112.00 857.30
112.50 704.42
113.00 795.11
113.50 811.54
114.00 739.34
114.50 735.53
115.00 619.51
115.50 678.23
116.00 793.06
116.50 715.35
117.00 727.50
117.50 717.10
118.00 707.06
118.50 684.41
119.00 726.45
119.50 781.69
120.00 873.13
120.50 705.17
121.00 717.43
121.50 4.60
122.00 0.00
122.50 13.72
123.00 141.64
123.50 422.16
124.00 724.09
124.50 757.97
125.00 723.91
125.50 735.12
126.00 711.90
126.50 753.64
127.00 728.49
127.50 741.10
128.00 738.10
128.50 786.77
129.00 738.50
129.50 755.85
130.00 748.14
130.50 733.02
131.00 714.63
131.50 691.14
132.00 760.40
132.50 868.80
133.00 828.10
133.50 708.21
134.00 276.99
134.50 201.63
135.00 752.06
135.50 731.91
136.00 504.69
136.50 322.19
137.00 451.28
137.50 726.14
138.00 841.40
138.50 838.76
139.00 810.26
139.50 689.60
140.00 724.58
140.50 380.64
141.00 498.94
141.50 192.28
142.00 0.00
142.50 2.33
143.00 416.87
143.50 665.44
144.00 4.20
144.50 283.59
145.00 6.34
145.50 0.00
146.00 13.50
146.50 0.00
147.00 545.05
147.50 763.25
148.00 715.67
148.50 823.29
149.00 816.51
149.50 863.22
150.00 823.49
150.50 325.67
151.00 321.59
151.50 709.22
152.00 688.46
152.50 702.11
153.00 807.05
153.50 722.58
154.00 676.72
154.50 12.17
155.00 612.10
155.50 626.23
156.00 13.54
156.50 0.00
157.00 563.69
157.50 778.65
158.00 686.27
158.50 745.50
159.00 718.15
159.50 693.01
160.00 51.01
160.50 0.00
161.00 689.32
161.50 665.55
162.00 843.13
162.50 866.01
163.00 785.52
163.50 719.18
164.00 863.02
164.50 743.66
165.00 739.14
165.50 719.89
166.00 715.14
166.50 855.71
167.00 799.72
167.50 768.98
168.00 754.19
168.50 700.24
169.00 752.52
169.50 747.50
170.00 761.41
170.50 772.42
171.00 694.21
171.50 705.26
172.00 725.97
172.50 731.81
173.00 713.18
173.50 757.00
174.00 727.85
174.50 741.92
175.00 717.89
175.50 771.13
176.00 698.71
176.50 768.66
177.00 747.29
177.50 712.95
178.00 641.55
178.50 726.51
179.00 509.41
179.50 526.95
180.00 702.52
180.50 708.37
181.00 727.67
181.50 743.00
182.00 723.57
182.50 703.26
183.00 665.85
183.50 792.82
184.00 689.35
184.50 440.90
185.00 711.06
185.50 755.48
186.00 710.44
186.50 744.16
187.00 765.56
187.50 784.20
188.00 307.06
188.50 19.06
189.00 258.81
189.50 726.31
190.00 299.06
190.50 336.93
191.00 770.55
191.50 783.73
192.00 230.81
192.50 7.72
193.00 539.35
193.50 0.00
194.00 11.84
194.50 195.05
195.00 695.68
195.50 696.38
196.00 784.45
196.50 766.03
197.00 745.80
197.50 767.37
198.00 720.57
198.50 779.32
199.00 752.30
199.50 709.43
200.00 759.54
200.50 768.80
201.00 724.84
201.50 727.99
202.00 707.12
202.50 719.90
203.00 709.64
203.50 707.84
204.00 726.29
204.50 655.20
205.00 691.62
205.50 740.28
206.00 748.60
206.50 709.68
207.00 760.08
207.50 745.35
208.00 736.37
208.50 820.45
209.00 720.13
209.50 714.56
210.00 749.27
210.50 733.04
211.00 746.52
211.50 712.03
212.00 741.97
212.50 277.70
213.00 268.15
213.50 496.97
214.00 132.44
214.50 4.43
215.00 724.34
215.50 0.91
216.00 0.00
216.50 0.00
217.00 85.52
217.50 297.06
218.00 748.63
218.50 699.76
219.00 757.57
219.50 751.25
220.00 718.14
220.50 0.00
221.00 635.17
221.50 177.85
222.00 543.80
222.50 416.45
223.00 470.73
223.50 520.36
224.00 739.68
224.50 506.41
225.00 730.29
225.50 644.41
226.00 422.51
226.50 730.21
227.00 243.76
227.50 729.27
228.00 763.23
228.50 713.87
229.00 703.40
229.50 612.95
230.00 769.79
230.50 888.47
231.00 712.10
231.50 738.06
232.00 718.55
232.50 714.75
233.00 702.71
233.50 732.43
234.00 720.63
234.50 777.07
235.00 709.93
235.50 720.22
236.00 689.24
236.50 725.56
237.00 772.44
237.50 755.17
238.00 712.76
238.50 582.47
239.00 729.61
239.50 697.67
240.00 360.67
240.50 714.24
241.00 881.98
241.50 851.28
242.00 679.25
242.50 727.51
243.00 703.97
243.50 705.57
244.00 676.50
244.50 690.81
245.00 735.47
245.50 682.65
246.00 760.32
246.50 712.19
247.00 604.09
247.50 732.35
248.00 827.03
248.50 758.94
249.00 821.17
249.50 698.41
250.00 722.62
250.50 695.26
251.00 734.60
251.50 722.23
252.00 702.18
252.50 736.81
253.00 700.64
253.50 706.04
254.00 691.13
254.50 895.91
255.00 765.42
255.50 854.44
256.00 691.93
256.50 795.08
257.00 773.95
257.50 817.37
258.00 891.74
258.50 669.26
259.00 710.21
259.50 717.69
260.00 684.64
260.50 707.47
261.00 737.73
261.50 727.10
262.00 328.81
262.50 379.50
263.00 6.55
263.50 0.00
264.00 0.00
264.50 12.73
265.00 645.83
265.50 10.74
266.00 471.78
266.50 22.16
267.00 1.17
267.50 11.73
268.00 0.00
268.50 322.03
269.00 0.00
269.50 0.00
270.00 119.43
270.50 0.00
271.00 18.48
271.50 16.37
272.00 763.39
272.50 715.90
273.00 685.37
273.50 697.09
274.00 742.29
274.50 740.37
275.00 778.55
275.50 687.21
276.00 678.27
276.50 725.71
277.00 802.41
277.50 715.11
278.00 607.16
278.50 776.53
279.00 822.71
279.50 712.63
280.00 738.01
280.50 819.07
281.00 696.75
281.50 739.69
282.00 885.80
282.50 827.56
283.00 712.69
283.50 802.58
284.00 695.82
284.50 836.54
285.00 761.71
285.50 746.40
286.00 690.16
286.50 368.96
287.00 365.47
287.50 17.98
288.00 558.70
288.50 729.83
289.00 698.53
289.50 710.71
290.00 689.29
290.50 760.02
291.00 744.35
291.50 742.55
292.00 748.38
292.50 699.89
293.00 738.70
293.50 761.18
294.00 739.91
294.50 745.93
295.00 685.15
295.50 751.41
296.00 746.32
296.50 321.37
297.00 760.74
297.50 670.77
298.00 714.10
298.50 663.74
299.00 738.09
299.50 673.09
