0.00 741.17
0.50 712.94
1.00 749.52
1.50 702.50
2.00 711.41
2.50 729.58
3.00 710.73
3.50 12.37
4.00 433.61
4.50 304.15
5.00 678.19
5.50 761.47
6.00 745.08
6.50 740.49
7.00 789.53
7.50 716.38
8.00 646.01
8.50 682.95
9.00 735.04
9.50 780.49
10.00 733.17
10.50 625.52
11.00 713.22
11.50 759.84
12.00 720.71
12.50 103.95
13.00 10.54
13.50 9.73
14.00 744.95
14.50 732.46
15.00 695.02
15.50 714.81
16.00 1.97
16.50 0.00
17.00 755.54
17.50 652.71
18.00 757.87
18.50 740.61
19.00 762.09
19.50 744.64
20.00 383.21
20.50 731.12
21.00 691.80
21.50 748.56
22.00 766.48
22.50 674.87
23.00 704.59
23.50 728.42
24.00 769.78
24.50 701.46
25.00 773.72
25.50 206.38
26.00 758.32
26.50 838.53
27.00 733.91
27.50 755.88
28.00 704.44
28.50 278.08
29.00 104.07
29.50 795.52
30.00 713.02
30.50 711.41
31.00 740.19
31.50 748.96
32.00 725.30
32.50 821.54
33.00 840.12
33.50 859.48
34.00 816.46
34.50 871.53
35.00 854.56
35.50 721.78
36.00 749.95
36.50 760.42
37.00 726.30
37.50 815.32
38.00 234.57
38.50 667.93
39.00 735.37
39.50 751.69
40.00 750.71
40.50 746.85
41.00 741.39
41.50 752.14
42.00 687.70
42.50 733.53
43.00 710.40
43.50 778.45
44.00 731.92
44.50 817.66
45.00 793.07
45.50 703.83
46.00 285.21
46.50 346.91
47.00 736.27
47.50 749.98
48.00 319.72
48.50 755.48
49.00 364.23
49.50 62.81
50.00 294.03
50.50 723.53
51.00 72.55
51.50 815.31
52.00 762.80
52.50 850.03
53.00 811.35
53.50 837.87
54.00 207.04
54.50 0.00
55.00 143.09
55.50 9.88
56.00 27.41
56.50 11.59
57.00 0.00
57.50 15.08
58.00 164.75
58.50 0.00
59.00 293.57
59.50 287.78
60.00 771.84
60.50 900.00
61.00 658.37
61.50 373.94
62.00 133.62
62.50 714.55
63.00 877.58
63.50 765.92
64.00 678.09
64.50 706.61
65.00 801.46
65.50 679.37
66.00 752.76
66.50 483.07
67.00 16.11
67.50 1.87
68.00 385.43
68.50 794.15
69.00 725.05
69.50 792.01
70.00 752.34
70.50 686.01
71.00 740.96
71.50 724.22
72.00 784.91
72.50 685.84
73.00 741.02
73.50 729.16
74.00 738.75
74.50 712.02
75.00 741.79
75.50 750.47
76.00 782.82
76.50 734.13
77.00 686.48
77.50 743.01
78.00 724.20
78.50 698.71
79.00 657.57
79.50 729.83
80.00 667.38
80.50 728.75
81.00 750.35
81.50 734.83
82.00 668.48
82.50 690.51
83.00 770.56
83.50 714.99
84.00 689.56
84.50 735.64
85.00 684.23
85.50 789.67
86.00 681.78
86.50 762.74
87.00 705.78
87.50 762.75
88.00 737.08
88.50 729.48
89.00 696.70
89.50 696.57
90.00 721.28
90.50 731.25
91.00 787.54
91.50 757.68
92.00 755.98
92.50 828.63
93.00 6.04
93.50 320.17
94.00 772.31
94.50 724.27
95.00 684.00
95.50 785.11
96.00 766.99
96.50 706.88
97.00 746.93
97.50 765.73
98.00 776.16
98.50 800.85
99.00 738.88
99.50 218.49
100.00 710.82
100.50 479.48
101.00 222.80
101.50 718.14
102.00 389.92
102.50 4.84
103.00 0.00
103.50 580.12
104.00 0.00
104.50 12.97
105.00 0.00
105.50 20.12
106.00 197.05
106.50 739.16
107.00 442.15
107.50 11.23
108.00 19.91
108.50 25.50
109.00 342.90
109.50 261.87
110.00 463.98
110.50 707.92
111.00 745.75
111.50 708.40
112.00 410.44
112.50 765.61
113.00 739.00
113.50 866.36
114.00 659.43
114.50 666.97
115.00 691.02
115.50 762.15
116.00 667.91
116.50 725.03
117.00 714.74
117.50 808.07
118.00 753.69
118.50 787.19
119.00 833.92
119.50 676.13
120.00 153.72
120.50 706.48
121.00 748.21
121.50 554.90
122.00 285.22
122.50 401.13
123.00 225.62
123.50 723.47
124.00 727.00
124.50 709.52
125.00 727.21
125.50 232.65
126.00 768.68
126.50 757.09
127.00 677.77
127.50 696.86
128.00 821.92
128.50 756.44
129.00 721.86
129.50 718.17
130.00 744.25
130.50 754.55
131.00 765.19
131.50 746.62
132.00 773.90
132.50 749.59
133.00 717.80
133.50 688.75
134.00 718.34
134.50 745.30
135.00 737.81
135.50 860.29
136.00 840.89
136.50 841.85
137.00 854.11
137.50 834.69
138.00 866.71
138.50 842.29
139.00 685.69
139.50 144.24
140.00 223.62
140.50 720.52
141.00 859.20
141.50 856.26
142.00 888.01
142.50 861.30
143.00 831.57
143.50 823.79
144.00 683.03
144.50 783.10
145.00 702.48
145.50 792.25
146.00 722.36
146.50 730.03
147.00 735.62
147.50 731.30
148.00 736.59
148.50 738.07
149.00 702.19
149.50 716.17
150.00 843.09
150.50 851.06
151.00 715.40
151.50 670.97
152.00 685.71
152.50 705.98
153.00 844.70
153.50 880.08
154.00 835.73
154.50 681.62
155.00 671.61
155.50 453.26
156.00 728.94
156.50 703.88
157.00 700.47
157.50 734.84
158.00 765.74
158.50 742.48
159.00 729.76
159.50 704.85
160.00 809.32
160.50 724.77
161.00 703.93
161.50 726.00
162.00 752.27
162.50 773.09
163.00 737.86
163.50 711.37
164.00 749.32
164.50 719.64
165.00 717.13
165.50 769.98
166.00 702.23
166.50 764.41
167.00 745.12
167.50 714.82
168.00 721.21
168.50 742.64
169.00 736.81
169.50 717.27
170.00 696.75
170.50 762.53
171.00 734.23
171.50 690.08
172.00 762.73
172.50 761.87
173.00 739.98
173.50 726.60
174.00 770.60
174.50 740.47
175.00 765.84
175.50 770.63
176.00 706.58
176.50 740.28
177.00 716.22
177.50 719.54
178.00 789.62
178.50 742.78
179.00 692.66
179.50 785.45
180.00 615.14
180.50 759.34
181.00 711.80
181.50 687.59
182.00 749.61
182.50 699.51
183.00 718.28
183.50 407.01
184.00 748.72
184.50 710.94
185.00 720.30
185.50 690.72
186.00 708.68
186.50 716.03
187.00 695.07
187.50 676.74
188.00 714.64
188.50 765.56
189.00 681.80
189.50 746.56
190.00 158.13
190.50 241.17
191.00 859.61
191.50 838.91
192.00 829.54
192.50 874.95
193.00 819.42
193.50 822.24
194.00 840.70
194.50 858.58
195.00 859.16
195.50 860.87
196.00 716.54
196.50 729.28
197.00 696.41
197.50 728.74
198.00 720.38
198.50 721.13
199.00 744.27
199.50 715.83
200.00 701.88
200.50 746.90
201.00 726.86
201.50 764.29
202.00 705.19
202.50 700.27
203.00 687.15
203.50 777.93
204.00 731.23
204.50 659.91
205.00 755.10
205.50 730.27
206.00 702.37
206.50 855.16
207.00 724.94
207.50 730.55
208.00 752.13
208.50 741.60
209.00 746.21
209.50 755.49
210.00 760.56
210.50 708.92
211.00 700.56
211.50 728.56
212.00 750.88
212.50 768.16
213.00 718.93
213.50 692.76
214.00 730.79
214.50 755.84
215.00 700.19
215.50 743.86
216.00 759.87
216.50 644.12
217.00 747.70
217.50 749.39
218.00 713.80
218.50 729.22
219.00 721.33
219.50 750.52
220.00 734.81
220.50 731.22
221.00 704.30
221.50 712.87
222.00 772.84
222.50 759.16
223.00 771.98
223.50 673.03
224.00 746.14
224.50 707.14
225.00 695.00
225.50 704.49
226.00 781.27
226.50 762.42
227.00 718.29
227.50 718.62
228.00 733.36
228.50 720.98
229.00 824.25
229.50 824.10
230.00 685.33
230.50 685.88
231.00 715.37
231.50 684.24
232.00 755.50
232.50 694.48
233.00 805.44
233.50 866.91
234.00 714.41
234.50 900.00
235.00 649.25
235.50 679.78
236.00 658.77
236.50 697.13
237.00 187.52
237.50 7.36
238.00 18.84
238.50 10.79
239.00 11.02
239.50 0.00
240.00 239.70
240.50 874.24
241.00 812.62
241.50 724.10
242.00 705.00
242.50 713.74
243.00 717.96
243.50 825.25
244.00 814.13
244.50 724.02
245.00 752.54
245.50 726.18
246.00 723.84
246.50 757.60
247.00 718.06
247.50 727.22
248.00 727.10
248.50 795.77
249.00 687.57
249.50 0.00
250.00 770.81
250.50 674.44
251.00 737.91
251.50 694.75
252.00 742.68
252.50 719.09
253.00 712.15
253.50 663.66
254.00 758.76
254.50 718.85
255.00 725.50
255.50 726.53
256.00 231.95
256.50 544.65
257.00 227.00
257.50 0.00
258.00 180.85
258.50 291.29
259.00 751.02
259.50 201.25
260.00 256.39
260.50 421.38
261.00 804.68
261.50 768.04
262.00 470.18
262.50 412.63
263.00 862.52
263.50 883.31
264.00 710.56
264.50 336.81
265.00 716.93
265.50 694.39
266.00 864.56
266.50 771.43
267.00 886.32
267.50 841.78
268.00 690.39
268.50 736.04
269.00 730.03
269.50 795.66
270.00 691.70
270.50 820.66
271.00 801.99
271.50 681.93
272.00 700.45
272.50 872.46
273.00 708.73
273.50 695.03
274.00 699.93
274.50 682.58
275.00 718.81
275.50 732.23
276.00 720.26
276.50 725.92
277.00 701.99
277.50 756.62
278.00 150.98
278.50 706.36
279.00 798.12
279.50 39.63
280.00 551.02
280.50 8.44
281.00 468.33
281.50 684.15
282.00 794.55
282.50 800.24
283.00 384.59
283.50 24.14
284.00 755.67
284.50 651.81
285.00 734.01
285.50 742.01
286.00 745.84
286.50 744.39
287.00 722.89
287.50 734.87
288.00 717.76
288.50 696.90
289.00 744.22
289.50 709.89
290.00 706.69
290.50 741.18
291.00 701.36
291.50 730.50
292.00 747.30
292.50 721.06
293.00 700.97
293.50 757.64
294.00 755.38
294.50 700.90
295.00 748.16
295.50 695.00
296.00 744.50
296.50 713.58
297.00 742.83
297.50 835.00
298.00 754.92
298.50 642.10
299.00 723.65
299.50 788.27
