0.00 736.69
0.50 736.47
1.00 741.96
1.50 681.37
2.00 674.41
2.50 714.25
3.00 712.19
3.50 714.00
4.00 40.47
4.50 240.40
5.00 714.48
5.50 747.35
6.00 741.07
6.50 725.96
7.00 742.23
7.50 782.76
8.00 496.97
8.50 22.68
9.00 667.25
9.50 304.88
10.00 7.25
10.50 736.80
11.00 720.70
11.50 751.11
12.00 735.75
12.50 709.21
13.00 750.39
13.50 724.82
14.00 726.72
14.50 765.34
15.00 705.64
15.50 813.74
16.00 837.38
16.50 849.53
17.00 862.61
17.50 539.27
18.00 464.58
18.50 708.32
19.00 734.32
19.50 698.39
20.00 696.39
20.50 613.68
21.00 752.58
21.50 754.86
22.00 672.97
22.50 755.77
23.00 773.79
23.50 743.55
24.00 14.47
24.50 0.00
25.00 0.00
25.50 4.28
26.00 223.90
26.50 745.69
27.00 849.37
27.50 716.94
28.00 744.45
28.50 828.77
29.00 864.07
29.50 851.28
30.00 798.07
30.50 850.63
31.00 856.48
31.50 304.11
32.00 253.16
32.50 526.47
33.00 22.63
33.50 590.54
34.00 427.60
34.50 748.54
35.00 747.74
35.50 754.05
36.00 620.46
36.50 728.98
37.00 343.74
37.50 320.06
38.00 643.31
38.50 846.90
39.00 848.63
39.50 825.21
40.00 714.14
40.50 713.25
41.00 850.25
41.50 836.43
42.00 795.17
42.50 802.76
43.00 802.68
43.50 813.65
44.00 718.80
44.50 721.09
45.00 686.68
45.50 714.21
46.00 814.07
46.50 734.29
47.00 816.79
47.50 714.36
48.00 730.71
48.50 842.85
49.00 734.86
49.50 706.61
50.00 691.04
50.50 718.36
51.00 718.54
51.50 678.29
52.00 708.56
52.50 677.81
53.00 746.65
53.50 724.18
54.00 582.61
54.50 1.26
55.00 755.37
55.50 768.02
56.00 854.49
56.50 867.18
57.00 803.46
57.50 811.80
58.00 840.90
58.50 454.00
59.00 527.80
59.50 774.68
60.00 680.91
60.50 825.52
61.00 733.03
61.50 804.77
62.00 701.27
62.50 815.90
63.00 832.93
63.50 830.94
64.00 807.69
64.50 856.52
65.00 785.94
65.50 704.62
66.00 702.07
66.50 588.73
67.00 696.94
67.50 729.48
68.00 830.54
68.50 688.77
69.00 715.28
69.50 756.83
70.00 723.79
70.50 703.70
71.00 843.78
71.50 688.82
72.00 715.73
72.50 228.68
73.00 492.91
73.50 810.40
74.00 693.70
74.50 692.99
75.00 695.33
75.50 718.93
76.00 712.57
76.50 833.72
77.00 717.21
77.50 732.84
78.00 741.89
78.50 734.36
79.00 735.47
79.50 741.99
80.00 795.35
80.50 762.70
81.00 723.49
81.50 774.00
82.00 710.11
82.50 775.40
83.00 678.87
83.50 750.14
84.00 757.10
84.50 688.48
85.00 719.35
85.50 705.81
86.00 709.28
86.50 735.36
87.00 750.51
87.50 772.28
88.00 728.46
88.50 717.19
89.00 734.44
89.50 698.74
90.00 750.69
90.50 769.16
91.00 740.09
91.50 683.38
92.00 720.69
92.50 749.04
93.00 746.93
93.50 713.11
94.00 745.41
94.50 746.60
95.00 695.85
95.50 730.37
96.00 767.30
96.50 677.79
97.00 706.59
97.50 730.34
98.00 678.48
98.50 0.00
99.00 713.95
99.50 659.44
100.00 764.27
100.50 713.78
101.00 754.49
101.50 732.20
102.00 731.33
102.50 833.56
103.00 819.60
103.50 809.78
104.00 768.69
104.50 399.08
105.00 823.08
105.50 803.92
106.00 875.70
106.50 843.94
107.00 822.74
107.50 679.11
108.00 712.74
108.50 802.09
109.00 868.23
109.50 716.09
110.00 696.04
110.50 702.08
111.00 811.41
111.50 705.87
112.00 749.18
112.50 721.95
113.00 862.43
113.50 370.71
114.00 130.82
114.50 0.00
115.00 0.00
115.50 747.99
116.00 717.63
116.50 736.01
117.00 582.54
117.50 395.25
118.00 403.32
118.50 718.08
119.00 3.30
119.50 18.58
120.00 766.51
120.50 750.24
121.00 737.79
121.50 726.75
122.00 667.64
122.50 697.14
123.00 707.78
123.50 720.48
124.00 748.16
124.50 693.18
125.00 745.44
125.50 741.82
126.00 755.46
126.50 775.13
127.00 759.70
127.50 755.80
128.00 789.00
128.50 753.13
129.00 747.61
129.50 727.21
130.00 690.58
130.50 704.05
131.00 683.68
131.50 728.47
132.00 756.37
132.50 728.77
133.00 748.15
133.50 688.95
134.00 730.62
134.50 671.15
135.00 735.09
135.50 783.33
136.00 765.79
136.50 683.40
137.00 761.41
137.50 672.55
138.00 766.45
138.50 724.02
139.00 687.90
139.50 491.50
140.00 706.67
140.50 690.55
141.00 716.88
141.50 431.04
142.00 853.51
142.50 849.99
143.00 894.50
143.50 831.27
144.00 863.86
144.50 760.07
145.00 867.91
145.50 821.97
146.00 840.20
146.50 839.55
147.00 735.92
147.50 753.76
148.00 683.89
148.50 241.41
149.00 484.89
149.50 736.54
150.00 692.53
150.50 768.07
151.00 788.86
151.50 835.64
152.00 689.10
152.50 713.61
153.00 711.86
153.50 741.50
154.00 733.43
154.50 311.91
155.00 12.11
155.50 9.51
156.00 745.24
156.50 738.44
157.00 741.68
157.50 657.70
158.00 749.91
158.50 676.64
159.00 754.66
159.50 662.19
160.00 724.39
160.50 526.37
161.00 673.09
161.50 900.00
162.00 844.60
162.50 880.44
163.00 823.97
163.50 851.39
164.00 870.97
164.50 729.14
165.00 764.47
165.50 749.70
166.00 176.81
166.50 401.44
167.00 179.02
167.50 161.89
168.00 456.10
168.50 767.77
169.00 0.00
169.50 787.18
170.00 748.52
170.50 770.50
171.00 717.22
171.50 688.67
172.00 782.30
172.50 707.36
173.00 343.80
173.50 730.25
174.00 718.74
174.50 822.21
175.00 874.66
175.50 718.44
176.00 731.69
176.50 668.29
177.00 692.63
177.50 714.68
178.00 702.85
178.50 796.44
179.00 900.00
179.50 688.18
180.00 764.96
180.50 710.73
181.00 706.79
181.50 759.49
182.00 774.32
182.50 836.12
183.00 686.51
183.50 691.35
184.00 758.99
184.50 699.69
185.00 821.31
185.50 741.62
186.00 742.78
186.50 725.61
187.00 678.08
187.50 699.71
188.00 704.86
188.50 734.07
189.00 730.29
189.50 706.80
190.00 858.29
190.50 785.13
191.00 815.97
191.50 790.65
192.00 788.43
192.50 698.27
193.00 703.30
193.50 650.80
194.00 723.84
194.50 754.77
195.00 674.22
195.50 708.66
196.00 831.85
196.50 735.90
197.00 879.67
197.50 825.28
198.00 811.56
198.50 843.45
199.00 860.93
199.50 832.98
200.00 829.33
200.50 834.14
201.00 877.62
201.50 820.33
202.00 860.91
202.50 833.84
203.00 825.60
203.50 900.00
204.00 856.71
204.50 828.86
205.00 861.35
205.50 833.03
206.00 835.31
206.50 818.56
207.00 817.92
207.50 689.66
208.00 776.28
208.50 703.57
209.00 843.26
209.50 855.40
210.00 838.37
210.50 824.17
211.00 836.01
211.50 877.12
212.00 811.39
212.50 818.29
213.00 733.96
213.50 684.44
214.00 716.90
214.50 755.46
215.00 795.32
215.50 717.46
216.00 754.21
216.50 751.58
217.00 763.38
217.50 731.21
218.00 744.88
218.50 733.06
219.00 754.76
219.50 713.95
220.00 671.42
220.50 729.54
221.00 844.69
221.50 716.13
222.00 732.00
222.50 735.71
223.00 694.89
223.50 741.51
224.00 770.91
224.50 755.40
225.00 749.89
225.50 722.89
226.00 751.38
226.50 809.18
227.00 763.34
227.50 829.61
228.00 713.97
228.50 745.08
229.00 820.46
229.50 751.91
230.00 734.50
230.50 769.67
231.00 781.56
231.50 707.27
232.00 781.77
232.50 710.69
233.00 726.53
233.50 726.05
234.00 760.00
234.50 734.85
235.00 804.16
235.50 721.70
236.00 722.35
236.50 717.32
237.00 705.29
237.50 764.06
238.00 683.95
238.50 762.55
239.00 756.34
239.50 747.63
240.00 690.07
240.50 709.35
241.00 730.18
241.50 710.62
242.00 745.31
242.50 746.98
243.00 727.47
243.50 764.03
244.00 759.99
244.50 843.48
245.00 482.22
245.50 271.71
246.00 575.52
246.50 5.98
247.00 483.04
247.50 748.44
248.00 280.63
248.50 734.08
249.00 673.16
249.50 716.40
250.00 781.72
250.50 715.26
251.00 697.88
251.50 739.05
252.00 718.34
252.50 731.27
253.00 667.14
253.50 721.12
254.00 812.62
254.50 670.69
255.00 700.97
255.50 747.19
256.00 900.00
256.50 687.93
257.00 689.70
257.50 684.22
258.00 801.03
258.50 700.23
259.00 826.36
259.50 741.16
260.00 466.62
260.50 691.80
261.00 730.88
261.50 865.16
262.00 740.13
262.50 718.23
263.00 626.84
263.50 847.70
264.00 733.70
264.50 759.52
265.00 748.17
265.50 727.20
266.00 747.10
266.50 775.40
267.00 734.54
267.50 796.79
268.00 777.71
268.50 759.48
269.00 747.49
269.50 707.04
270.00 719.99
270.50 782.58
271.00 708.25
271.50 687.82
272.00 744.60
272.50 743.85
273.00 692.18
273.50 728.39
274.00 669.45
274.50 783.61
275.00 740.93
275.50 710.50
276.00 680.49
276.50 750.86
277.00 752.10
277.50 730.17
278.00 691.42
278.50 740.93
279.00 738.62
279.50 686.43
280.00 900.00
280.50 689.37
281.00 726.90
281.50 701.53
282.00 682.32
282.50 691.65
283.00 703.02
283.50 673.39
284.00 707.66
284.50 740.34
285.00 659.48
285.50 864.31
286.00 839.00
286.50 786.07
287.00 746.83
287.50 884.23
288.00 658.01
288.50 777.57
289.00 694.79
289.50 707.65
290.00 770.89
290.50 816.87
291.00 744.67
291.50 694.91
292.00 697.77
292.50 747.24
293.00 721.92
293.50 719.44
294.00 710.04
294.50 698.17
295.00 739.95
295.50 698.19
296.00 752.15
296.50 720.02
297.00 719.37
297.50 718.56
298.00 778.97
298.50 747.38
299.00 737.98
299.50 703.28
