0.00 745.89
0.50 693.16
1.00 806.52
1.50 716.92
2.00 711.74
2.50 764.34
3.00 735.22
3.50 748.07
4.00 715.79
4.50 734.76
5.00 713.77
5.50 755.21
6.00 424.66
6.50 684.37
7.00 700.58
7.50 566.78
8.00 293.32
8.50 713.49
9.00 752.67
9.50 703.96
10.00 710.91
10.50 672.18
11.00 699.94
11.50 671.61
12.00 556.21
12.50 856.16
13.00 713.28
13.50 725.92
14.00 742.49
14.50 714.74
15.00 701.12
15.50 900.00
16.00 722.67
16.50 717.45
17.00 246.72
17.50 396.15
18.00 724.90
18.50 715.05
19.00 773.86
19.50 716.86
20.00 710.14
20.50 557.31
21.00 494.26
21.50 281.51
22.00 325.47
22.50 671.62
23.00 742.04
23.50 858.52
24.00 842.73
24.50 726.94
25.00 837.47
25.50 723.84
26.00 658.69
26.50 839.87
27.00 847.82
27.50 802.53
28.00 848.85
28.50 729.09
29.00 847.08
29.50 873.65
30.00 767.37
30.50 687.76
31.00 758.06
31.50 865.15
32.00 702.20
32.50 832.68
33.00 705.05
33.50 864.60
34.00 712.68
34.50 685.83
35.00 696.53
35.50 674.17
36.00 723.75
36.50 704.67
37.00 203.36
37.50 713.27
38.00 886.15
38.50 709.76
39.00 723.91
39.50 703.22
40.00 805.12
40.50 697.67
41.00 740.38
41.50 728.61
42.00 754.34
42.50 645.29
43.00 714.39
43.50 777.19
44.00 725.76
44.50 745.96
45.00 715.27
45.50 730.17
46.00 767.19
46.50 686.04
47.00 746.80
47.50 713.33
48.00 730.23
48.50 749.55
49.00 645.66
49.50 702.91
50.00 706.92
50.50 796.38
51.00 774.20
51.50 760.17
52.00 752.39
52.50 0.00
53.00 7.60
53.50 290.64
54.00 515.31
54.50 1.85
55.00 277.21
55.50 798.53
56.00 749.68
56.50 823.93
57.00 766.91
57.50 849.75
58.00 832.34
58.50 869.20
59.00 810.62
59.50 803.43
60.00 806.24
60.50 862.86
61.00 853.08
61.50 845.56
62.00 843.91
62.50 413.35
63.00 378.13
63.50 783.80
64.00 766.61
64.50 759.80
65.00 769.57
65.50 715.84
66.00 723.25
66.50 792.10
67.00 726.19
67.50 778.05
68.00 819.28
68.50 641.65
69.00 664.25
69.50 734.19
70.00 762.93
70.50 728.69
71.00 643.83
71.50 642.60
72.00 781.56
72.50 471.72
73.00 194.51
73.50 737.67
74.00 841.73
74.50 693.55
75.00 843.22
75.50 871.14
76.00 649.91
76.50 764.64
77.00 238.33
77.50 710.76
78.00 745.13
78.50 659.25
79.00 825.17
79.50 743.43
80.00 879.53
80.50 708.04
81.00 725.17
81.50 769.94
82.00 743.32
82.50 707.97
83.00 778.84
83.50 682.80
84.00 708.52
84.50 724.95
85.00 735.55
85.50 745.22
86.00 776.40
86.50 733.28
87.00 754.36
87.50 748.62
88.00 731.17
88.50 756.98
89.00 738.63
89.50 771.43
90.00 733.26
90.50 781.66
91.00 744.24
91.50 716.48
92.00 743.98
92.50 751.40
93.00 714.38
93.50 744.99
94.00 834.35
94.50 859.85
95.00 839.60
95.50 858.18
96.00 858.84
96.50 837.01
97.00 752.03
97.50 864.49
98.00 833.46
98.50 833.76
99.00 772.11
99.50 687.92
100.00 508.46
100.50 678.24
101.00 782.50
101.50 783.11
102.00 795.80
102.50 706.91
103.00 727.69
103.50 694.27
104.00 701.85
104.50 846.49
105.00 712.33
105.50 691.30
106.00 778.38
106.50 732.28
107.00 671.12
107.50 692.02
108.00 667.15
108.50 767.70
109.00 719.78
109.50 730.69
110.00 712.46
110.50 846.69
111.00 827.29
111.50 864.05
112.00 719.24
112.50 674.85
113.00 732.08
113.50 722.70
114.00 699.72
114.50 745.12
115.00 749.62
115.50 727.39
116.00 700.79
116.50 777.17
117.00 748.21
117.50 708.69
118.00 746.31
118.50 742.16
119.00 704.31
119.50 720.51
120.00 736.98
120.50 713.60
121.00 835.91
121.50 760.90
122.00 736.73
122.50 763.55
123.00 745.62
123.50 759.07
124.00 721.85
124.50 715.28
125.00 752.35
125.50 693.34
126.00 727.06
126.50 675.39
127.00 695.49
127.50 695.06
128.00 819.05
128.50 706.31
129.00 744.35
129.50 718.15
130.00 844.57
130.50 788.15
131.00 833.77
131.50 725.32
132.00 777.63
132.50 848.67
133.00 735.04
133.50 853.23
134.00 735.24
134.50 802.90
135.00 814.91
135.50 726.51
136.00 702.84
136.50 217.13
137.00 769.71
137.50 227.27
138.00 101.92
138.50 334.96
139.00 289.05
139.50 308.58
140.00 739.36
140.50 716.25
141.00 800.75
141.50 691.97
142.00 684.21
142.50 713.49
143.00 747.39
143.50 747.07
144.00 686.18
144.50 729.88
145.00 757.66
145.50 745.16
146.00 764.28
146.50 712.77
147.00 684.36
147.50 7.15
148.00 13.57
148.50 32.70
149.00 483.52
149.50 654.03
150.00 758.38
150.50 754.41
151.00 718.93
151.50 749.59
152.00 714.86
152.50 713.67
153.00 746.32
153.50 783.01
154.00 694.40
154.50 705.49
155.00 721.23
155.50 822.19
156.00 704.97
156.50 803.99
157.00 861.17
157.50 900.00
158.00 678.36
158.50 880.23
159.00 778.90
159.50 704.98
160.00 279.41
160.50 735.41
161.00 844.91
161.50 858.90
162.00 835.17
162.50 819.58
163.00 877.86
163.50 832.89
164.00 870.46
164.50 900.00
165.00 768.06
165.50 723.60
166.00 764.64
166.50 671.45
167.00 748.75
167.50 839.37
168.00 859.42
168.50 768.41
169.00 701.19
169.50 572.47
170.00 402.45
170.50 0.00
171.00 0.00
171.50 8.65
172.00 1.67
172.50 0.00
173.00 23.04
173.50 17.18
174.00 26.29
174.50 10.30
175.00 296.62
175.50 786.82
176.00 762.86
176.50 820.35
177.00 861.12
177.50 863.42
178.00 822.97
178.50 798.10
179.00 475.38
179.50 0.00
180.00 792.15
180.50 677.96
181.00 674.92
181.50 691.55
182.00 350.16
182.50 613.69
183.00 456.62
183.50 171.16
184.00 699.54
184.50 671.02
185.00 724.25
185.50 769.97
186.00 715.71
186.50 824.38
187.00 819.54
187.50 894.34
188.00 805.76
188.50 663.47
189.00 755.19
189.50 678.53
190.00 722.30
190.50 730.57
191.00 724.94
191.50 838.95
192.00 776.76
192.50 789.36
193.00 885.47
193.50 744.24
194.00 815.82
194.50 785.18
195.00 840.81
195.50 790.82
196.00 759.53
196.50 742.09
197.00 724.47
197.50 761.30
198.00 780.28
198.50 750.98
199.00 742.31
199.50 753.25
200.00 740.62
200.50 766.12
201.00 714.91
201.50 743.70
202.00 751.97
202.50 722.76
203.00 751.60
203.50 712.29
204.00 703.81
204.50 739.96
205.00 738.82
205.50 725.68
206.00 740.01
206.50 727.59
207.00 726.35
207.50 764.24
208.00 712.86
208.50 716.27
209.00 706.74
209.50 717.45
210.00 743.51
210.50 737.16
211.00 691.85
211.50 758.89
212.00 740.24
212.50 693.79
213.00 11.38
213.50 0.00
214.00 1.46
214.50 18.62
215.00 4.93
215.50 4.60
216.00 15.80
216.50 593.51
217.00 740.55
217.50 54.63
218.00 487.30
218.50 548.83
219.00 113.16
219.50 544.85
220.00 192.81
220.50 766.14
221.00 802.06
221.50 744.85
222.00 767.46
222.50 695.01
223.00 736.55
223.50 762.69
224.00 750.83
224.50 790.21
225.00 110.03
225.50 231.20
226.00 8.16
226.50 327.46
227.00 602.24
227.50 570.71
228.00 441.45
228.50 0.00
229.00 359.31
229.50 0.00
230.00 542.07
230.50 204.84
231.00 836.04
231.50 842.78
232.00 694.18
232.50 755.44
233.00 696.14
233.50 281.59
234.00 827.70
234.50 774.08
235.00 724.47
235.50 731.25
236.00 738.08
236.50 697.50
237.00 760.56
237.50 725.58
238.00 759.91
238.50 751.64
239.00 753.97
239.50 736.14
240.00 750.65
240.50 733.38
241.00 696.20
241.50 685.33
242.00 723.05
242.50 707.25
243.00 749.74
243.50 773.20
244.00 751.11
244.50 712.43
245.00 747.30
245.50 717.13
246.00 774.32
246.50 741.44
247.00 724.51
247.50 764.92
248.00 503.36
248.50 794.77
249.00 756.90
249.50 776.40
250.00 764.02
250.50 725.05
251.00 757.45
251.50 746.57
252.00 737.40
252.50 785.16
253.00 361.05
253.50 221.72
254.00 721.44
254.50 892.79
255.00 718.98
255.50 721.56
256.00 701.46
256.50 768.48
257.00 701.94
257.50 726.82
258.00 728.20
258.50 834.84
259.00 818.61
259.50 785.47
260.00 757.53
260.50 789.81
261.00 690.68
261.50 724.00
262.00 882.46
262.50 880.24
263.00 668.88
263.50 873.72
264.00 853.12
264.50 692.32
265.00 739.53
265.50 840.20
266.00 854.14
266.50 833.96
267.00 790.95
267.50 784.47
268.00 683.09
268.50 761.79
269.00 433.35
269.50 707.86
270.00 545.05
270.50 346.45
271.00 209.11
271.50 286.48
272.00 776.92
272.50 697.60
273.00 701.35
273.50 743.22
274.00 740.62
274.50 780.35
275.00 727.68
275.50 723.77
276.00 731.62
276.50 721.50
277.00 772.14
277.50 731.80
278.00 707.22
278.50 443.88
279.00 723.10
279.50 859.27
280.00 887.35
280.50 836.67
281.00 810.11
281.50 837.90
282.00 822.59
282.50 866.77
283.00 830.29
283.50 831.40
284.00 864.55
284.50 882.55
285.00 868.32
285.50 723.34
286.00 718.48
286.50 708.86
287.00 724.59
287.50 759.74
288.00 791.79
288.50 728.71
289.00 704.20
289.50 675.96
290.00 10.10
290.50 804.31
291.00 700.42
291.50 521.22
292.00 711.99
292.50 510.93
293.00 697.34
293.50 700.43
294.00 843.79
294.50 698.96
295.00 823.10
295.50 757.31
296.00 713.25
296.50 709.96
297.00 714.04
297.50 742.02
298.00 725.30
298.50 771.34
299.00 754.22
299.50 728.00
