0.00 682.95
0.50 846.76
1.00 768.66
1.50 735.28
2.00 713.32
2.50 719.50
3.00 742.17
3.50 745.38
4.00 716.62
4.50 702.24
5.00 747.83
5.50 687.35
6.00 750.32
6.50 711.89
7.00 659.58
7.50 736.41
8.00 749.99
8.50 681.83
9.00 745.64
9.50 770.75
10.00 752.08
10.50 723.20
11.00 682.04
11.50 710.96
12.00 736.47
12.50 397.93
13.00 754.62
13.50 701.10
14.00 542.99
14.50 349.52
15.00 272.37
15.50 694.80
16.00 808.57
16.50 698.25
17.00 740.21
17.50 691.42
18.00 861.64
18.50 836.72
19.00 843.70
19.50 876.60
20.00 693.75
20.50 809.28
21.00 732.72
21.50 743.83
22.00 678.41
22.50 774.64
23.00 724.69
23.50 722.67
24.00 749.63
24.50 786.32
25.00 745.43
25.50 810.89
26.00 674.47
26.50 727.04
27.00 259.98
27.50 0.00
28.00 726.51
28.50 739.72
29.00 673.72
29.50 812.46
30.00 720.56
30.50 818.31
31.00 689.80
31.50 900.00
32.00 749.79
32.50 710.58
33.00 548.34
33.50 736.89
34.00 815.47
34.50 769.27
35.00 733.44
35.50 814.46
36.00 689.73
36.50 736.39
37.00 720.21
37.50 760.02
38.00 705.82
38.50 722.47
39.00 672.45
39.50 775.65
40.00 764.39
40.50 732.96
41.00 698.85
41.50 753.27
42.00 0.00
42.50 759.96
43.00 741.19
43.50 706.85
44.00 700.97
44.50 707.53
45.00 678.52
45.50 694.93
46.00 855.36
46.50 729.18
47.00 699.01
47.50 709.58
48.00 774.63
48.50 715.85
49.00 793.78
49.50 868.14
50.00 764.75
50.50 683.99
51.00 730.66
51.50 838.82
52.00 686.25
52.50 668.31
53.00 698.27
53.50 674.46
54.00 700.53
54.50 714.69
55.00 661.60
55.50 783.58
56.00 708.68
56.50 702.96
57.00 743.23
57.50 696.97
58.00 763.65
58.50 711.57
59.00 702.69
59.50 749.44
60.00 742.84
60.50 754.21
61.00 718.09
61.50 756.79
62.00 808.80
62.50 766.58
63.00 697.09
63.50 764.47
64.00 755.47
64.50 692.95
65.00 745.51
65.50 850.98
66.00 779.15
66.50 821.24
67.00 842.53
67.50 740.09
68.00 714.88
68.50 713.25
69.00 363.46
69.50 703.42
70.00 745.77
70.50 193.68
71.00 722.33
71.50 672.27
72.00 753.57
72.50 731.32
73.00 770.45
73.50 733.30
74.00 727.66
74.50 759.29
75.00 875.89
75.50 703.64
76.00 743.94
76.50 721.69
77.00 697.61
77.50 752.55
78.00 714.06
78.50 757.22
79.00 857.94
79.50 734.65
80.00 708.64
80.50 849.01
81.00 735.44
81.50 742.55
82.00 691.33
82.50 781.30
83.00 712.87
83.50 754.60
84.00 691.10
84.50 703.16
85.00 854.06
85.50 744.18
86.00 735.69
86.50 669.80
87.00 785.50
87.50 900.00
88.00 829.87
88.50 703.19
89.00 721.76
89.50 698.12
90.00 719.90
90.50 491.17
91.00 704.01
91.50 757.93
92.00 710.79
92.50 781.12
93.00 304.51
93.50 0.00
94.00 418.10
94.50 21.52
95.00 105.83
95.50 334.61
96.00 809.31
96.50 730.95
97.00 701.00
97.50 826.51
98.00 865.73
98.50 835.80
99.00 813.63
99.50 758.44
100.00 667.40
100.50 807.47
101.00 818.58
101.50 739.48
102.00 723.56
102.50 768.12
103.00 762.08
103.50 848.30
104.00 839.46
104.50 191.20
105.00 678.87
105.50 151.60
106.00 743.44
106.50 209.53
107.00 725.46
107.50 796.09
108.00 867.59
108.50 840.60
109.00 803.18
109.50 728.59
110.00 712.95
110.50 157.38
111.00 252.63
111.50 0.00
112.00 117.37
112.50 176.07
113.00 256.96
113.50 781.78
114.00 753.27
114.50 770.48
115.00 738.73
115.50 734.43
116.00 853.45
116.50 839.72
117.00 808.08
117.50 831.62
118.00 854.81
118.50 823.39
119.00 827.02
119.50 840.72
120.00 869.00
120.50 798.97
121.00 758.85
121.50 691.29
122.00 538.89
122.50 531.60
123.00 152.49
123.50 227.19
124.00 403.26
124.50 753.28
125.00 778.32
125.50 724.37
126.00 698.57
126.50 727.04
127.00 720.28
127.50 861.29
128.00 715.45
128.50 699.70
129.00 677.73
129.50 778.55
130.00 824.02
130.50 768.37
131.00 731.88
131.50 753.96
132.00 719.30
132.50 709.61
133.00 756.65
133.50 733.00
134.00 822.34
134.50 822.21
135.00 834.13
135.50 706.23
136.00 839.22
136.50 717.62
137.00 805.57
137.50 798.00
138.00 692.57
138.50 700.38
139.00 720.10
139.50 708.72
140.00 770.06
140.50 769.92
141.00 726.84
141.50 694.79
142.00 701.92
142.50 736.43
143.00 434.20
143.50 703.56
144.00 741.78
144.50 743.36
145.00 763.17
145.50 613.90
146.00 745.67
146.50 724.62
147.00 714.54
147.50 701.28
148.00 531.42
148.50 710.36
149.00 863.30
149.50 884.81
150.00 849.61
150.50 726.31
151.00 675.67
151.50 729.91
152.00 748.75
152.50 690.28
153.00 732.06
153.50 774.54
154.00 738.96
154.50 697.29
155.00 761.05
155.50 802.86
156.00 731.42
156.50 693.95
157.00 722.47
157.50 696.14
158.00 791.26
158.50 754.11
159.00 682.48
159.50 847.97
160.00 773.74
160.50 703.63
161.00 750.88
161.50 730.20
162.00 704.43
162.50 696.73
163.00 821.21
163.50 726.01
164.00 554.95
164.50 728.09
165.00 687.76
165.50 813.49
166.00 884.59
166.50 780.78
167.00 738.23
167.50 730.21
168.00 717.05
168.50 893.83
169.00 858.52
169.50 707.07
170.00 727.34
170.50 703.68
171.00 488.31
171.50 696.06
172.00 733.03
172.50 721.74
173.00 717.03
173.50 757.25
174.00 696.77
174.50 532.85
175.00 585.23
175.50 702.41
176.00 532.85
176.50 700.11
177.00 698.03
177.50 723.18
178.00 685.93
178.50 682.07
179.00 697.51
179.50 671.69
180.00 663.72
180.50 724.62
181.00 714.98
181.50 837.68
182.00 782.23
182.50 839.31
183.00 805.44
183.50 650.20
184.00 757.21
184.50 719.00
185.00 691.12
185.50 806.33
186.00 717.20
186.50 701.96
187.00 782.40
187.50 764.77
188.00 746.09
188.50 793.82
189.00 715.01
189.50 510.31
190.00 773.24
190.50 669.94
191.00 741.15
191.50 355.91
192.00 745.32
192.50 701.15
193.00 728.03
193.50 716.86
194.00 731.17
194.50 687.39
195.00 739.64
195.50 785.40
196.00 701.03
196.50 765.14
197.00 713.75
197.50 792.03
198.00 693.37
198.50 704.78
199.00 743.57
199.50 757.44
200.00 712.37
200.50 704.13
201.00 784.21
201.50 432.42
202.00 229.23
202.50 0.00
203.00 27.31
203.50 673.59
204.00 737.56
204.50 390.61
205.00 699.16
205.50 685.29
206.00 741.28
206.50 687.96
207.00 731.92
207.50 742.51
208.00 684.80
208.50 741.23
209.00 696.78
209.50 693.51
210.00 744.73
210.50 722.74
211.00 779.80
211.50 715.06
212.00 688.28
212.50 801.19
213.00 782.99
213.50 685.13
214.00 774.67
214.50 844.35
215.00 835.46
215.50 827.76
216.00 798.83
216.50 768.97
217.00 731.47
217.50 701.72
218.00 766.56
218.50 716.40
219.00 756.56
219.50 694.85
220.00 724.92
220.50 727.64
221.00 693.45
221.50 724.44
222.00 721.91
222.50 725.74
223.00 722.36
223.50 654.86
224.00 842.55
224.50 772.95
225.00 785.38
225.50 750.29
226.00 707.98
226.50 725.34
227.00 697.14
227.50 866.95
228.00 678.82
228.50 149.01
229.00 470.91
229.50 691.09
230.00 722.79
230.50 655.61
231.00 818.99
231.50 813.57
232.00 793.52
232.50 879.43
233.00 686.58
233.50 692.35
234.00 733.61
234.50 773.77
235.00 724.61
235.50 779.30
236.00 740.42
236.50 735.18
237.00 687.93
237.50 721.46
238.00 811.24
238.50 722.50
239.00 890.56
239.50 718.74
240.00 747.45
240.50 691.41
241.00 695.99
241.50 715.06
242.00 836.45
242.50 846.96
243.00 681.65
243.50 295.97
244.00 0.66
244.50 0.00
245.00 414.18
245.50 674.39
246.00 724.05
246.50 702.30
247.00 852.43
247.50 144.30
248.00 852.55
248.50 819.30
249.00 690.66
249.50 900.00
250.00 721.97
250.50 860.97
251.00 769.82
251.50 800.89
252.00 851.66
252.50 790.04
253.00 762.39
253.50 726.03
254.00 723.00
254.50 769.46
255.00 685.89
255.50 682.64
256.00 821.56
256.50 722.75
257.00 702.32
257.50 719.27
258.00 817.79
258.50 673.12
259.00 697.62
259.50 711.39
260.00 699.73
260.50 698.80
261.00 718.30
261.50 714.42
262.00 706.73
262.50 782.73
263.00 815.00
263.50 721.96
264.00 728.64
264.50 724.82
265.00 840.29
265.50 890.49
266.00 772.50
266.50 871.21
267.00 718.95
267.50 730.38
268.00 830.89
268.50 849.23
269.00 740.43
269.50 805.91
270.00 854.66
270.50 789.03
271.00 698.34
271.50 711.72
272.00 805.56
272.50 841.97
273.00 693.92
273.50 683.11
274.00 690.60
274.50 717.83
275.00 739.08
275.50 668.24
276.00 293.84
276.50 227.84
277.00 19.81
277.50 226.04
278.00 7.93
278.50 7.19
279.00 362.41
279.50 10.31
280.00 741.19
280.50 671.87
281.00 706.18
281.50 709.66
282.00 322.37
282.50 702.52
283.00 706.93
283.50 819.01
284.00 737.60
284.50 753.42
285.00 100.85
285.50 677.19
286.00 706.81
286.50 839.22
287.00 848.63
287.50 839.94
288.00 838.41
288.50 777.28
289.00 282.48
289.50 29.72
290.00 5.08
290.50 850.22
291.00 653.88
291.50 679.82
292.00 717.25
292.50 900.00
293.00 757.29
293.50 695.52
294.00 750.10
294.50 735.16
295.00 762.20
295.50 727.67
296.00 744.11
296.50 690.00
297.00 706.09
297.50 742.54
298.00 778.07
298.50 767.84
299.00 722.63
299.50 719.46
