0.00 757.20
0.50 893.42
1.00 674.85
1.50 748.59
2.00 707.31
2.50 721.94
3.00 711.05
3.50 539.12
4.00 319.73
4.50 686.83
5.00 350.15
5.50 696.28
6.00 700.12
6.50 835.62
7.00 759.62
7.50 747.76
8.00 771.63
8.50 815.78
9.00 789.83
9.50 720.02
10.00 709.01
10.50 721.15
11.00 739.04
11.50 691.15
12.00 900.00
12.50 517.10
13.00 708.90
13.50 373.68
14.00 298.82
14.50 696.06
15.00 715.81
15.50 708.84
16.00 700.87
16.50 712.01
17.00 0.00
17.50 596.90
18.00 626.56
18.50 735.82
19.00 767.22
19.50 842.89
20.00 766.45
20.50 718.21
21.00 655.19
21.50 776.40
22.00 726.84
22.50 680.39
23.00 733.69
23.50 752.76
24.00 734.01
24.50 752.86
25.00 698.61
25.50 725.91
26.00 750.49
26.50 718.13
27.00 735.86
27.50 757.15
28.00 682.04
28.50 711.45
29.00 740.01
29.50 714.52
30.00 744.15
30.50 736.76
31.00 738.07
31.50 741.70
32.00 757.45
32.50 723.53
33.00 774.39
33.50 696.36
34.00 717.85
34.50 818.85
35.00 887.50
35.50 698.57
36.00 797.78
36.50 703.30
37.00 695.08
37.50 725.79
38.00 730.13
38.50 723.29
39.00 374.06
39.50 683.50
40.00 29.99
40.50 735.25
41.00 751.22
41.50 789.37
42.00 706.33
42.50 694.16
43.00 718.95
43.50 771.37
44.00 689.72
44.50 768.50
45.00 730.22
45.50 757.99
46.00 708.03
46.50 797.18
47.00 735.14
47.50 753.89
48.00 682.60
48.50 853.43
49.00 714.59
49.50 749.06
50.00 476.56
50.50 417.11
51.00 752.28
51.50 743.55
52.00 767.16
52.50 709.83
53.00 379.89
53.50 318.73
54.00 629.21
54.50 471.81
55.00 1.50
55.50 6.50
56.00 11.33
56.50 0.00
57.00 5.16
57.50 0.00
58.00 6.71
58.50 19.20
59.00 5.53
59.50 2.48
60.00 765.90
60.50 747.85
61.00 762.37
61.50 660.20
62.00 732.95
62.50 715.21
63.00 698.78
63.50 760.33
64.00 793.89
64.50 743.47
65.00 775.56
65.50 752.80
66.00 711.05
66.50 743.45
67.00 742.54
67.50 767.58
68.00 645.34
68.50 775.63
69.00 788.71
69.50 703.02
70.00 751.49
70.50 720.99
71.00 720.92
71.50 726.31
72.00 733.52
72.50 739.68
73.00 725.21
73.50 728.83
74.00 760.50
74.50 821.31
75.00 769.31
75.50 818.59
76.00 845.53
76.50 843.52
77.00 818.21
77.50 485.35
78.00 705.03
78.50 70.16
79.00 725.91
79.50 662.19
80.00 701.70
80.50 512.28
81.00 485.48
81.50 726.70
82.00 748.43
82.50 839.54
83.00 758.09
83.50 136.51
84.00 21.51
84.50 4.00
85.00 0.00
85.50 537.11
86.00 633.15
86.50 788.48
87.00 736.45
87.50 347.36
88.00 383.19
88.50 746.62
89.00 831.36
89.50 759.50
90.00 749.80
90.50 710.33
91.00 706.20
91.50 742.06
92.00 730.15
92.50 739.10
93.00 754.64
93.50 756.55
94.00 704.98
94.50 822.82
95.00 849.96
95.50 850.25
96.00 690.15
96.50 700.34
97.00 711.71
97.50 417.81
98.00 763.84
98.50 711.77
99.00 857.72
99.50 842.37
100.00 690.32
100.50 815.58
101.00 697.67
101.50 784.36
102.00 775.48
102.50 792.32
103.00 687.09
103.50 697.82
104.00 721.05
104.50 831.79
105.00 728.69
105.50 678.82
106.00 793.54
106.50 713.74
107.00 776.45
107.50 702.33
108.00 681.75
108.50 713.53
109.00 705.02
109.50 702.89
110.00 792.63
110.50 687.58
111.00 688.83
111.50 680.88
112.00 734.31
112.50 726.47
113.00 687.64
113.50 724.76
114.00 727.92
114.50 760.16
115.00 702.75
115.50 733.42
116.00 714.60
116.50 770.45
117.00 702.69
117.50 763.58
118.00 769.12
118.50 733.48
119.00 758.05
119.50 750.30
120.00 813.92
120.50 771.58
121.00 701.87
121.50 689.54
122.00 717.38
122.50 888.02
123.00 722.16
123.50 716.58
124.00 663.83
124.50 746.57
125.00 791.06
125.50 854.82
126.00 879.61
126.50 867.35
127.00 781.83
127.50 682.66
128.00 150.64
128.50 754.51
129.00 731.84
129.50 732.68
130.00 707.42
130.50 736.97
131.00 698.08
131.50 719.31
132.00 786.02
132.50 717.70
133.00 726.36
133.50 624.17
134.00 732.32
134.50 743.31
135.00 734.61
135.50 777.48
136.00 862.58
136.50 223.39
137.00 748.23
137.50 718.50
138.00 671.19
138.50 724.63
139.00 200.54
139.50 580.85
140.00 40.19
140.50 0.00
141.00 350.07
141.50 210.78
142.00 608.02
142.50 712.14
143.00 679.10
143.50 745.91
144.00 770.61
144.50 741.10
145.00 732.86
145.50 702.68
146.00 693.40
146.50 661.64
147.00 709.74
147.50 756.30
148.00 713.07
148.50 875.89
149.00 816.01
149.50 868.64
150.00 852.64
150.50 745.49
151.00 202.96
151.50 337.69
152.00 730.71
152.50 731.01
153.00 737.33
153.50 744.60
154.00 711.04
154.50 710.72
155.00 791.41
155.50 755.37
156.00 726.55
156.50 688.72
157.00 729.84
157.50 690.55
158.00 779.08
158.50 722.70
159.00 710.27
159.50 717.19
160.00 685.77
160.50 754.77
161.00 864.14
161.50 719.72
162.00 718.97
162.50 265.41
163.00 120.23
163.50 551.08
164.00 185.15
164.50 0.00
165.00 434.71
165.50 630.60
166.00 845.55
166.50 819.18
167.00 817.13
167.50 805.70
168.00 876.58
168.50 871.64
169.00 733.96
169.50 773.22
170.00 698.13
170.50 683.37
171.00 747.99
171.50 702.92
172.00 759.60
172.50 715.60
173.00 493.39
173.50 739.03
174.00 843.86
174.50 839.03
175.00 849.55
175.50 846.43
176.00 810.16
176.50 849.33
177.00 825.63
177.50 834.58
178.00 823.56
178.50 811.26
179.00 842.00
179.50 882.54
180.00 744.04
180.50 787.33
181.00 735.28
181.50 742.44
182.00 732.17
182.50 780.02
183.00 767.91
183.50 683.00
184.00 682.43
184.50 761.94
185.00 733.66
185.50 727.99
186.00 0.00
186.50 313.24
187.00 452.69
187.50 743.99
188.00 843.86
188.50 820.29
189.00 810.17
189.50 692.14
190.00 716.00
190.50 714.54
191.00 732.90
191.50 736.22
192.00 741.76
192.50 725.96
193.00 751.53
193.50 822.48
194.00 0.00
194.50 250.24
195.00 394.27
195.50 464.25
196.00 269.79
196.50 338.63
197.00 14.65
197.50 0.00
198.00 165.68
198.50 790.95
199.00 832.40
199.50 850.52
200.00 759.19
200.50 739.65
201.00 762.27
201.50 783.32
202.00 692.66
202.50 681.04
203.00 709.29
203.50 710.90
204.00 763.27
204.50 812.44
205.00 726.97
205.50 809.02
206.00 603.16
206.50 637.05
207.00 686.63
207.50 837.43
208.00 723.73
208.50 699.88
209.00 142.50
209.50 94.00
210.00 586.49
210.50 92.51
211.00 422.83
211.50 761.95
212.00 0.00
212.50 0.00
213.00 668.29
213.50 708.64
214.00 746.55
214.50 701.75
215.00 679.28
215.50 705.25
216.00 741.46
216.50 708.66
217.00 678.37
217.50 681.95
218.00 879.46
218.50 885.52
219.00 811.57
219.50 829.58
220.00 726.91
220.50 751.26
221.00 827.14
221.50 797.45
222.00 704.63
222.50 805.03
223.00 800.32
223.50 684.27
224.00 691.25
224.50 710.86
225.00 692.75
225.50 689.99
226.00 730.46
226.50 830.18
227.00 827.10
227.50 782.43
228.00 713.29
228.50 819.02
229.00 825.53
229.50 776.91
230.00 886.78
230.50 798.01
231.00 900.00
231.50 744.67
232.00 654.58
232.50 458.87
233.00 714.99
233.50 855.39
234.00 703.05
234.50 713.77
235.00 654.60
235.50 693.73
236.00 793.59
236.50 749.19
237.00 717.48
237.50 717.84
238.00 838.24
238.50 168.57
239.00 204.85
239.50 742.66
240.00 723.52
240.50 686.89
241.00 692.63
241.50 264.04
242.00 10.84
242.50 287.84
243.00 0.00
243.50 866.83
244.00 770.49
244.50 714.03
245.00 811.69
245.50 828.27
246.00 719.13
246.50 695.29
247.00 862.39
247.50 712.84
248.00 707.17
248.50 703.73
249.00 710.96
249.50 734.64
250.00 705.49
250.50 739.27
251.00 696.14
251.50 362.68
252.00 370.22
252.50 406.05
253.00 378.69
253.50 266.65
254.00 258.95
254.50 405.15
255.00 282.86
255.50 528.64
256.00 697.19
256.50 762.05
257.00 759.78
257.50 718.83
258.00 766.16
258.50 739.82
259.00 558.04
259.50 308.81
260.00 662.55
260.50 734.25
261.00 788.12
261.50 812.28
262.00 547.55
262.50 544.87
263.00 514.24
263.50 702.58
264.00 721.40
264.50 661.20
265.00 735.92
265.50 709.50
266.00 762.44
266.50 712.45
267.00 725.72
267.50 484.66
268.00 299.78
268.50 692.52
269.00 724.71
269.50 452.60
270.00 798.66
270.50 684.99
271.00 688.01
271.50 775.01
272.00 6.39
272.50 487.84
273.00 760.93
273.50 661.18
274.00 747.32
274.50 701.69
275.00 733.13
275.50 703.99
276.00 836.78
276.50 838.85
277.00 858.10
277.50 849.13
278.00 763.96
278.50 834.76
279.00 797.50
279.50 841.09
280.00 841.27
280.50 827.42
281.00 741.06
281.50 689.88
282.00 804.29
282.50 841.34
283.00 837.87
283.50 597.03
284.00 745.21
284.50 732.52
285.00 713.10
285.50 727.53
286.00 733.91
286.50 781.26
287.00 713.10
287.50 693.17
288.00 734.30
288.50 757.40
289.00 705.08
289.50 721.02
290.00 730.61
290.50 703.88
291.00 900.00
291.50 774.08
292.00 784.37
292.50 738.30
293.00 733.19
293.50 726.11
294.00 727.72
294.50 762.52
295.00 801.92
295.50 725.43
296.00 721.32
296.50 741.52
297.00 688.94
297.50 738.04
298.00 785.07
298.50 761.70
299.00 731.00
299.50 774.15
