0.00 741.19
0.50 731.10
1.00 794.85
1.50 744.38
2.00 722.99
2.50 738.17
3.00 763.68
3.50 748.48
4.00 708.02
4.50 740.85
5.00 873.24
5.50 831.61
6.00 832.53
6.50 846.76
7.00 816.21
7.50 828.34
8.00 829.96
8.50 835.15
9.00 842.29
9.50 706.96
10.00 673.22
10.50 332.61
11.00 503.99
11.50 743.07
12.00 806.85
12.50 720.63
13.00 804.59
13.50 699.19
14.00 698.41
14.50 10.40
15.00 725.97
15.50 724.15
16.00 735.65
16.50 689.51
17.00 773.58
17.50 690.62
18.00 715.78
18.50 783.74
19.00 735.08
19.50 712.32
20.00 716.56
20.50 758.55
21.00 712.56
21.50 709.40
22.00 741.91
22.50 758.45
23.00 707.51
23.50 758.44
24.00 743.60
24.50 721.70
25.00 727.38
25.50 687.08
26.00 713.61
26.50 753.18
27.00 732.13
27.50 771.84
28.00 740.52
28.50 705.54
29.00 733.78
29.50 660.37
30.00 755.13
30.50 780.96
31.00 760.88
31.50 745.71
32.00 742.09
32.50 725.12
33.00 711.12
33.50 719.05
34.00 723.70
34.50 708.74
35.00 711.88
35.50 752.27
36.00 771.79
36.50 744.60
37.00 717.25
37.50 741.38
38.00 726.41
38.50 727.49
39.00 731.59
39.50 772.37
40.00 762.37
40.50 724.67
41.00 764.60
41.50 750.68
42.00 717.53
42.50 692.11
43.00 729.01
43.50 713.84
44.00 739.34
44.50 686.35
45.00 777.80
45.50 767.80
46.00 659.72
46.50 746.23
47.00 280.26
47.50 297.76
48.00 492.16
48.50 21.71
49.00 104.06
49.50 4.36
50.00 11.63
50.50 792.33
51.00 807.43
51.50 716.74
52.00 708.38
52.50 744.63
53.00 663.21
53.50 774.21
54.00 713.18
54.50 803.39
55.00 723.26
55.50 821.27
56.00 693.40
56.50 861.17
57.00 852.46
57.50 717.32
58.00 705.62
58.50 715.77
59.00 719.87
59.50 781.18
60.00 877.16
60.50 825.25
61.00 691.36
61.50 888.37
62.00 782.85
62.50 683.15
63.00 715.45
63.50 704.24
64.00 461.44
64.50 325.09
65.00 700.32
65.50 768.71
66.00 688.68
66.50 792.17
67.00 732.55
67.50 832.35
68.00 732.86
68.50 827.58
69.00 673.70
69.50 720.98
70.00 739.17
70.50 718.32
71.00 702.25
71.50 837.57
72.00 699.10
72.50 712.92
73.00 717.05
73.50 841.05
74.00 749.87
74.50 685.17
75.00 642.70
75.50 748.50
76.00 470.44
76.50 744.71
77.00 732.24
77.50 724.43
78.00 711.86
78.50 706.80
79.00 737.26
79.50 711.26
80.00 755.12
80.50 755.87
81.00 719.16
81.50 758.19
82.00 713.92
82.50 762.90
83.00 706.10
83.50 760.47
84.00 723.50
84.50 740.71
85.00 827.39
85.50 747.85
86.00 738.32
86.50 709.03
87.00 639.00
87.50 540.59
88.00 723.16
88.50 762.66
89.00 809.18
89.50 685.05
90.00 848.15
90.50 837.48
91.00 840.31
91.50 549.04
92.00 580.85
92.50 734.56
93.00 720.44
93.50 856.48
94.00 833.52
94.50 864.74
95.00 834.56
95.50 862.43
96.00 825.36
96.50 205.50
97.00 7.73
97.50 20.73
98.00 219.84
98.50 0.35
99.00 621.95
99.50 768.69
100.00 764.11
100.50 757.69
101.00 751.73
101.50 676.86
102.00 733.34
102.50 641.39
103.00 752.97
103.50 752.57
104.00 726.35
104.50 762.56
105.00 817.54
105.50 768.54
106.00 715.35
106.50 741.33
107.00 674.48
107.50 678.00
108.00 703.32
108.50 760.68
109.00 717.14
109.50 754.87
110.00 790.39
110.50 666.36
111.00 769.77
111.50 723.33
112.00 693.26
112.50 770.20
113.00 708.05
113.50 712.52
114.00 751.82
114.50 737.44
115.00 717.41
115.50 708.53
116.00 745.92
116.50 713.24
117.00 792.09
117.50 756.37
118.00 754.09
118.50 706.68
119.00 745.88
119.50 702.46
120.00 772.27
120.50 757.57
121.00 693.68
121.50 700.83
122.00 738.91
122.50 671.60
123.00 753.38
123.50 699.47
124.00 767.44
124.50 819.95
125.00 799.75
125.50 666.04
126.00 805.09
126.50 864.10
127.00 788.37
127.50 712.52
128.00 702.45
128.50 750.60
129.00 724.74
129.50 701.77
130.00 725.79
130.50 732.57
131.00 737.02
131.50 709.52
132.00 704.49
132.50 692.03
133.00 727.35
133.50 773.17
134.00 731.47
134.50 767.49
135.00 741.93
135.50 719.67
136.00 738.22
136.50 761.03
137.00 758.60
137.50 749.59
138.00 720.87
138.50 714.38
139.00 891.52
139.50 739.74
140.00 715.45
140.50 722.83
141.00 700.05
141.50 688.03
142.00 757.16
142.50 671.39
143.00 715.19
143.50 699.60
144.00 859.38
144.50 900.00
145.00 744.51
145.50 703.40
146.00 668.26
146.50 411.37
147.00 731.85
147.50 689.31
148.00 665.26
148.50 852.76
149.00 715.29
149.50 892.42
150.00 710.09
150.50 865.40
151.00 688.54
151.50 768.36
152.00 807.27
152.50 724.70
153.00 747.47
153.50 722.83
154.00 776.98
154.50 703.78
155.00 723.71
155.50 855.21
156.00 692.08
156.50 865.60
157.00 830.12
157.50 713.30
158.00 356.31
158.50 665.85
159.00 721.43
159.50 856.52
160.00 824.93
160.50 858.48
161.00 845.55
161.50 769.25
162.00 691.95
162.50 713.26
163.00 785.89
163.50 754.65
164.00 698.66
164.50 714.46
165.00 729.49
165.50 708.56
166.00 837.70
166.50 665.40
167.00 691.42
167.50 827.91
168.00 756.67
168.50 727.17
169.00 712.35
169.50 704.80
170.00 693.71
170.50 747.41
171.00 648.56
171.50 728.40
172.00 727.43
172.50 802.13
173.00 840.29
173.50 735.24
174.00 678.08
174.50 658.34
175.00 752.77
175.50 712.81
176.00 811.24
176.50 742.44
177.00 805.03
177.50 743.62
178.00 779.96
178.50 793.15
179.00 826.24
179.50 768.82
180.00 793.54
180.50 747.04
181.00 748.32
181.50 850.29
182.00 834.61
182.50 842.54
183.00 843.62
183.50 852.66
184.00 853.92
184.50 786.19
185.00 768.27
185.50 767.98
186.00 730.73
186.50 724.22
187.00 682.83
187.50 706.09
188.00 688.26
188.50 773.49
189.00 726.22
189.50 670.52
190.00 785.94
190.50 717.64
191.00 683.96
191.50 760.83
192.00 712.29
192.50 711.07
193.00 719.35
193.50 720.45
194.00 730.03
194.50 751.59
195.00 752.59
195.50 805.67
196.00 428.31
196.50 739.88
197.00 222.26
197.50 386.53
198.00 398.97
198.50 724.54
199.00 733.93
199.50 695.00
200.00 792.95
200.50 707.68
201.00 715.11
201.50 752.87
202.00 747.31
202.50 810.36
203.00 855.51
203.50 857.58
204.00 829.93
204.50 140.60
205.00 0.00
205.50 760.02
206.00 703.58
206.50 725.97
207.00 727.99
207.50 686.20
208.00 861.12
208.50 785.97
209.00 809.97
209.50 827.26
210.00 746.15
210.50 787.49
211.00 343.52
211.50 0.00
212.00 5.30
212.50 594.36
213.00 24.23
213.50 2.18
214.00 0.00
214.50 371.11
215.00 240.61
215.50 0.00
216.00 392.14
216.50 695.66
217.00 672.21
217.50 825.38
218.00 842.13
218.50 865.21
219.00 835.61
219.50 720.31
220.00 709.37
220.50 751.76
221.00 706.84
221.50 837.94
222.00 761.33
222.50 790.66
223.00 752.08
223.50 747.84
224.00 730.96
224.50 689.54
225.00 714.52
225.50 707.87
226.00 846.02
226.50 771.14
227.00 713.21
227.50 697.88
228.00 726.42
228.50 842.02
229.00 768.35
229.50 746.83
230.00 738.17
230.50 718.57
231.00 705.34
231.50 826.81
232.00 690.15
232.50 703.68
233.00 734.43
233.50 742.78
234.00 758.62
234.50 721.22
235.00 787.75
235.50 821.98
236.00 850.49
236.50 854.43
237.00 887.58
237.50 864.06
238.00 863.04
238.50 866.62
239.00 836.70
239.50 824.37
240.00 757.29
240.50 829.40
241.00 789.90
241.50 821.37
242.00 544.21
242.50 0.00
243.00 483.78
243.50 224.65
244.00 26.64
244.50 24.53
245.00 8.15
245.50 3.13
246.00 773.35
246.50 0.00
247.00 629.32
247.50 808.65
248.00 763.52
248.50 759.49
249.00 739.21
249.50 731.83
250.00 710.37
250.50 758.00
251.00 736.56
251.50 704.83
252.00 735.39
252.50 745.37
253.00 758.02
253.50 674.24
254.00 800.58
254.50 716.58
255.00 715.87
255.50 732.50
256.00 722.50
256.50 774.40
257.00 743.40
257.50 739.60
258.00 803.14
258.50 659.23
259.00 778.56
259.50 731.57
260.00 728.28
260.50 758.04
261.00 707.30
261.50 779.83
262.00 699.23
262.50 741.00
263.00 666.71
263.50 652.29
264.00 695.23
264.50 743.83
265.00 717.65
265.50 755.26
266.00 730.68
266.50 687.00
267.00 724.98
267.50 753.31
268.00 180.88
268.50 708.69
269.00 811.26
269.50 851.23
270.00 713.29
270.50 696.64
271.00 843.73
271.50 764.08
272.00 775.97
272.50 762.27
273.00 765.97
273.50 746.66
274.00 761.73
274.50 757.45
275.00 715.49
275.50 749.81
276.00 743.73
276.50 731.42
277.00 787.18
277.50 711.26
278.00 681.18
278.50 676.99
279.00 695.47
279.50 836.96
280.00 722.64
280.50 736.44
281.00 759.34
281.50 829.28
282.00 823.04
282.50 682.98
283.00 703.97
283.50 810.43
284.00 803.71
284.50 745.81
285.00 739.69
285.50 392.96
286.00 702.26
286.50 723.81
287.00 737.32
287.50 796.63
288.00 724.00
288.50 875.63
289.00 858.24
289.50 825.00
290.00 821.32
290.50 840.53
291.00 819.89
291.50 847.53
292.00 838.26
292.50 831.64
293.00 841.47
293.50 727.78
294.00 843.77
294.50 685.97
295.00 820.81
295.50 721.42
296.00 691.18
296.50 900.00
297.00 770.68
297.50 768.92
298.00 715.85
298.50 713.07
299.00 693.41
299.50 751.21
