0.00 759.97
0.50 715.26
1.00 785.89
1.50 730.93
2.00 694.05
2.50 756.52
3.00 736.73
3.50 0.00
4.00 855.60
4.50 900.00
5.00 859.43
5.50 730.64
6.00 446.15
6.50 317.88
7.00 682.96
7.50 737.44
8.00 763.06
8.50 655.67
9.00 686.26
9.50 638.94
10.00 416.21
10.50 295.45
11.00 731.56
11.50 709.98
12.00 694.08
12.50 370.65
13.00 751.84
13.50 792.38
14.00 725.75
14.50 762.78
15.00 629.05
15.50 774.60
16.00 773.59
16.50 835.91
17.00 688.47
17.50 127.28
18.00 743.13
18.50 865.55
19.00 842.75
19.50 746.95
20.00 774.86
20.50 281.96
21.00 698.04
21.50 757.38
22.00 746.59
22.50 744.17
23.00 730.95
23.50 741.30
24.00 764.73
24.50 707.18
25.00 808.15
25.50 736.21
26.00 718.87
26.50 758.87
27.00 720.80
27.50 708.45
28.00 726.60
28.50 730.81
29.00 734.17
29.50 754.81
30.00 704.60
30.50 784.52
31.00 708.84
31.50 745.94
32.00 855.79
32.50 873.72
33.00 830.11
33.50 766.18
34.00 850.39
34.50 837.06
35.00 853.66
35.50 820.40
36.00 832.26
36.50 854.41
37.00 804.56
37.50 790.39
38.00 718.28
38.50 726.33
39.00 708.49
39.50 812.51
40.00 809.22
40.50 830.48
41.00 732.65
41.50 773.87
42.00 715.71
42.50 870.46
43.00 834.98
43.50 719.62
44.00 697.60
44.50 709.09
45.00 698.28
45.50 828.14
46.00 750.45
46.50 365.15
47.00 738.05
47.50 797.35
48.00 787.59
48.50 806.89
49.00 809.06
49.50 778.78
50.00 687.32
50.50 709.51
51.00 700.12
51.50 699.40
52.00 807.53
52.50 812.42
53.00 758.88
53.50 696.89
54.00 711.07
54.50 295.15
55.00 712.73
55.50 845.41
56.00 822.90
56.50 690.50
57.00 732.50
57.50 512.29
58.00 737.52
58.50 748.96
59.00 696.04
59.50 282.73
60.00 598.79
60.50 27.44
61.00 0.00
61.50 9.99
62.00 9.53
62.50 499.11
63.00 188.99
63.50 250.88
64.00 755.31
64.50 716.27
65.00 570.25
65.50 775.24
66.00 806.96
66.50 685.46
67.00 724.51
67.50 792.94
68.00 661.83
68.50 740.75
69.00 723.46
69.50 900.00
70.00 728.31
70.50 716.71
71.00 690.58
71.50 724.40
72.00 708.04
72.50 784.12
73.00 753.72
73.50 722.21
74.00 715.27
74.50 734.95
75.00 742.26
75.50 769.76
76.00 712.64
76.50 779.25
77.00 758.45
77.50 803.83
78.00 786.62
78.50 851.73
79.00 757.95
79.50 718.02
80.00 691.94
80.50 746.97
81.00 655.51
81.50 747.17
82.00 842.94
82.50 849.27
83.00 844.83
83.50 837.00
84.00 849.21
84.50 853.97
85.00 889.72
85.50 717.40
86.00 743.05
86.50 715.43
87.00 880.16
87.50 854.66
88.00 863.32
88.50 842.44
89.00 367.79
89.50 240.21
90.00 701.47
90.50 476.61
91.00 16.34
91.50 6.99
92.00 252.45
92.50 252.32
93.00 691.67
93.50 761.70
94.00 301.99
94.50 459.34
95.00 805.54
95.50 847.93
96.00 687.26
96.50 850.46
97.00 836.49
97.50 888.57
98.00 850.05
98.50 460.37
99.00 434.66
99.50 717.05
100.00 808.69
100.50 779.72
101.00 821.51
101.50 789.55
102.00 786.96
102.50 761.98
103.00 796.07
103.50 695.19
104.00 693.02
104.50 738.36
105.00 727.53
105.50 786.69
106.00 825.04
106.50 748.94
107.00 701.79
107.50 681.51
108.00 717.47
108.50 700.54
109.00 692.64
109.50 722.83
110.00 738.18
110.50 735.72
111.00 506.87
111.50 375.70
112.00 707.09
112.50 148.17
113.00 215.99
113.50 21.73
114.00 455.84
114.50 645.14
115.00 707.17
115.50 739.36
116.00 747.51
116.50 713.76
117.00 733.74
117.50 667.15
118.00 747.54
118.50 666.86
119.00 727.70
119.50 731.15
120.00 749.76
120.50 737.74
121.00 754.23
121.50 748.20
122.00 741.39
122.50 705.29
123.00 721.05
123.50 721.79
124.00 718.17
124.50 724.95
125.00 659.72
125.50 713.29
126.00 759.73
126.50 764.89
127.00 708.03
127.50 732.32
128.00 713.66
128.50 718.04
129.00 749.94
129.50 729.01
130.00 734.15
130.50 741.29
131.00 711.21
131.50 631.79
132.00 767.41
132.50 711.91
133.00 732.56
133.50 714.08
134.00 774.79
134.50 746.05
135.00 728.17
135.50 703.68
136.00 741.18
136.50 727.20
137.00 764.90
137.50 757.70
138.00 699.18
138.50 722.18
139.00 706.14
139.50 779.90
140.00 753.21
140.50 693.14
141.00 750.70
141.50 738.34
142.00 703.87
142.50 751.60
143.00 780.28
143.50 721.11
144.00 681.31
144.50 705.44
145.00 717.40
145.50 695.74
146.00 854.32
146.50 432.30
147.00 717.10
147.50 685.79
148.00 447.68
148.50 900.00
149.00 805.65
149.50 798.75
150.00 761.43
150.50 698.99
151.00 703.14
151.50 708.81
152.00 704.44
152.50 694.22
153.00 696.13
153.50 805.12
154.00 807.27
154.50 705.36
155.00 654.06
155.50 719.40
156.00 733.24
156.50 726.09
157.00 702.12
157.50 716.38
158.00 725.33
158.50 739.54
159.00 724.76
159.50 765.63
160.00 736.39
160.50 710.93
161.00 719.15
161.50 715.19
162.00 780.29
162.50 742.86
163.00 734.95
163.50 734.90
164.00 729.34
164.50 18.37
165.00 1.35
165.50 873.64
166.00 833.72
166.50 728.12
167.00 693.23
167.50 428.73
168.00 719.72
168.50 672.07
169.00 657.71
169.50 0.00
170.00 22.06
170.50 5.55
171.00 338.08
171.50 775.39
172.00 708.12
172.50 755.87
173.00 692.88
173.50 718.61
174.00 701.61
174.50 776.95
175.00 750.98
175.50 715.57
176.00 767.96
176.50 698.44
177.00 748.28
177.50 736.59
178.00 743.60
178.50 726.83
179.00 735.25
179.50 742.74
180.00 724.60
180.50 741.17
181.00 712.15
181.50 709.10
182.00 714.34
182.50 725.28
183.00 701.28
183.50 725.47
184.00 730.71
184.50 792.42
185.00 725.28
185.50 748.39
186.00 781.88
186.50 741.19
187.00 705.50
187.50 686.52
188.00 741.34
188.50 762.35
189.00 735.41
189.50 760.52
190.00 733.43
190.50 702.62
191.00 730.66
191.50 786.68
192.00 774.10
192.50 716.24
193.00 688.42
193.50 735.43
194.00 767.11
194.50 711.40
195.00 696.75
195.50 684.01
196.00 771.34
196.50 757.50
197.00 750.08
197.50 739.44
198.00 747.84
198.50 718.17
199.00 765.09
199.50 716.05
200.00 730.82
200.50 748.43
201.00 720.97
201.50 698.25
202.00 733.56
202.50 801.00
203.00 739.34
203.50 744.69
204.00 741.91
204.50 748.12
205.00 808.81
205.50 700.01
206.00 666.94
206.50 731.31
207.00 767.12
207.50 745.68
208.00 709.68
208.50 740.35
209.00 706.68
209.50 678.61
210.00 701.56
210.50 714.72
211.00 893.06
211.50 836.62
212.00 801.04
212.50 869.71
213.00 857.98
213.50 767.10
214.00 706.59
214.50 739.39
215.00 696.74
215.50 712.46
216.00 462.23
216.50 212.66
217.00 681.48
217.50 722.72
218.00 715.50
218.50 742.00
219.00 842.34
219.50 584.62
220.00 490.83
220.50 769.82
221.00 719.30
221.50 700.19
222.00 828.63
222.50 847.11
223.00 838.92
223.50 849.46
224.00 699.38
224.50 793.29
225.00 842.58
225.50 801.85
226.00 808.27
226.50 815.71
227.00 702.54
227.50 692.61
228.00 711.13
228.50 761.81
229.00 692.92
229.50 815.40
230.00 689.96
230.50 693.65
231.00 570.35
231.50 719.03
232.00 736.12
232.50 900.00
233.00 715.26
233.50 691.26
234.00 308.73
234.50 703.26
235.00 680.41
235.50 775.35
236.00 833.25
236.50 666.20
237.00 695.70
237.50 722.63
238.00 735.35
238.50 768.85
239.00 776.38
239.50 741.80
240.00 714.20
240.50 724.90
241.00 743.66
241.50 832.50
242.00 757.75
242.50 878.87
243.00 704.56
243.50 743.02
244.00 789.47
244.50 724.48
245.00 752.88
245.50 776.94
246.00 831.28
246.50 898.21
247.00 796.94
247.50 777.74
248.00 763.34
248.50 713.92
249.00 717.90
249.50 707.05
250.00 770.11
250.50 714.96
251.00 757.31
251.50 723.16
252.00 758.71
252.50 766.32
253.00 767.71
253.50 721.35
254.00 711.84
254.50 747.34
255.00 720.58
255.50 755.09
256.00 748.70
256.50 692.87
257.00 734.07
257.50 818.12
258.00 717.12
258.50 750.79
259.00 677.10
259.50 755.94
260.00 727.34
260.50 729.09
261.00 708.00
261.50 748.73
262.00 672.69
262.50 708.80
263.00 707.42
263.50 707.21
264.00 773.49
264.50 778.93
265.00 714.32
265.50 850.37
266.00 843.69
266.50 833.28
267.00 811.74
267.50 856.87
268.00 900.00
268.50 696.11
269.00 830.57
269.50 828.25
270.00 751.24
270.50 808.13
271.00 719.80
271.50 320.68
272.00 0.00
272.50 710.62
273.00 798.77
273.50 742.58
274.00 751.05
274.50 797.23
275.00 697.49
275.50 783.69
276.00 796.38
276.50 724.49
277.00 689.25
277.50 669.31
278.00 718.00
278.50 741.08
279.00 889.72
279.50 699.07
280.00 229.39
280.50 709.96
281.00 372.52
281.50 731.12
282.00 752.80
282.50 724.66
283.00 752.50
283.50 775.41
284.00 680.03
284.50 433.67
285.00 876.12
285.50 438.34
286.00 701.43
286.50 787.07
287.00 675.78
287.50 842.27
288.00 851.47
288.50 697.16
289.00 781.13
289.50 900.00
290.00 799.43
290.50 836.91
291.00 725.51
291.50 751.45
292.00 467.83
292.50 723.53
293.00 763.28
293.50 770.09
294.00 767.55
294.50 795.89
295.00 636.02
295.50 612.27
296.00 504.26
296.50 732.59
297.00 680.67
297.50 719.39
298.00 702.70
298.50 673.84
299.00 666.98
299.50 693.97
