0.00 701.43
0.50 730.89
1.00 739.20
1.50 672.54
2.00 18.01
2.50 848.44
3.00 674.15
3.50 710.22
4.00 747.90
4.50 758.62
5.00 767.29
5.50 787.14
6.00 734.37
6.50 737.19
7.00 749.05
7.50 732.85
8.00 716.22
8.50 726.04
9.00 710.11
9.50 750.91
10.00 791.14
10.50 686.13
11.00 731.57
11.50 701.57
12.00 835.04
12.50 864.00
13.00 461.00
13.50 410.09
14.00 0.00
14.50 10.01
15.00 129.61
15.50 763.55
16.00 717.92
16.50 662.39
17.00 760.47
17.50 718.02
18.00 839.29
18.50 859.14
19.00 808.29
19.50 859.12
20.00 682.01
20.50 707.62
21.00 770.89
21.50 706.16
22.00 701.56
22.50 733.73
23.00 740.04
23.50 688.11
24.00 713.11
24.50 684.41
25.00 682.18
25.50 670.86
26.00 24.35
26.50 176.04
27.00 191.92
27.50 9.76
28.00 0.00
28.50 397.25
29.00 678.50
29.50 0.00
30.00 507.51
30.50 24.97
31.00 423.52
31.50 171.86
32.00 663.77
32.50 458.47
33.00 481.98
33.50 749.32
34.00 666.53
34.50 705.52
35.00 740.68
35.50 679.14
36.00 743.64
36.50 803.54
37.00 764.22
37.50 788.39
38.00 732.72
38.50 717.43
39.00 730.50
39.50 875.30
40.00 780.54
40.50 711.20
41.00 721.94
41.50 711.29
42.00 832.13
42.50 721.79
43.00 680.26
43.50 823.93
44.00 701.94
44.50 625.76
45.00 817.43
45.50 750.02
46.00 700.45
46.50 701.21
47.00 715.38
47.50 729.98
48.00 685.78
48.50 310.29
49.00 863.39
49.50 717.41
50.00 704.69
50.50 900.00
51.00 27.11
51.50 237.19
52.00 376.48
52.50 759.90
53.00 693.67
53.50 837.49
54.00 361.90
54.50 259.89
55.00 427.72
55.50 197.38
56.00 787.39
56.50 143.47
57.00 659.07
57.50 703.62
58.00 729.47
58.50 853.15
59.00 859.28
59.50 822.68
60.00 827.40
60.50 862.22
61.00 838.41
61.50 767.89
62.00 229.04
62.50 655.37
63.00 485.20
63.50 746.07
64.00 760.00
64.50 714.72
65.00 855.90
65.50 693.29
66.00 700.17
66.50 796.49
67.00 781.63
67.50 788.38
68.00 680.97
68.50 819.91
69.00 715.60
69.50 719.96
70.00 734.45
70.50 849.56
71.00 843.15
71.50 715.99
72.00 829.41
72.50 845.54
73.00 717.48
73.50 693.68
74.00 790.85
74.50 781.86
75.00 673.05
75.50 701.79
76.00 656.82
76.50 687.26
77.00 661.52
77.50 719.45
78.00 465.88
78.50 665.62
79.00 714.49
79.50 790.37
80.00 737.78
80.50 735.13
81.00 742.71
81.50 704.53
82.00 699.28
82.50 681.78
83.00 694.95
83.50 714.57
84.00 844.75
84.50 807.16
85.00 880.01
85.50 867.68
86.00 838.56
86.50 840.50
87.00 833.35
87.50 833.21
88.00 842.93
88.50 840.31
89.00 829.56
89.50 837.06
90.00 389.87
90.50 889.97
91.00 560.02
91.50 328.84
92.00 755.00
92.50 559.20
93.00 715.89
93.50 377.60
94.00 212.43
94.50 364.86
95.00 790.64
95.50 704.69
96.00 825.62
96.50 836.88
97.00 834.00
97.50 876.81
98.00 717.77
98.50 743.38
99.00 709.37
99.50 688.98
100.00 705.34
100.50 755.73
101.00 781.29
101.50 677.78
102.00 715.28
102.50 700.09
103.00 708.79
103.50 726.27
104.00 749.92
104.50 729.69
105.00 720.71
105.50 736.19
106.00 732.85
106.50 749.99
107.00 806.45
107.50 756.68
108.00 735.04
108.50 663.84
109.00 818.54
109.50 734.15
110.00 900.00
110.50 741.69
111.00 703.95
111.50 678.83
112.00 712.81
112.50 724.74
113.00 761.77
113.50 678.75
114.00 726.64
114.50 742.55
115.00 790.67
115.50 734.24
116.00 764.17
116.50 764.23
117.00 725.17
117.50 683.43
118.00 716.67
118.50 740.82
119.00 729.14
119.50 635.35
120.00 771.06
120.50 828.03
121.00 748.46
121.50 733.40
122.00 753.15
122.50 679.96
123.00 730.77
123.50 732.14
124.00 739.45
124.50 691.64
125.00 745.13
125.50 725.06
126.00 697.03
126.50 704.19
127.00 711.48
127.50 649.06
128.00 723.78
128.50 739.22
129.00 753.63
129.50 713.53
130.00 776.34
130.50 736.47
131.00 767.62
131.50 717.35
132.00 769.55
132.50 754.99
133.00 759.43
133.50 697.69
134.00 724.58
134.50 725.53
135.00 748.45
135.50 697.05
136.00 704.26
136.50 866.26
137.00 877.34
137.50 722.52
138.00 192.45
138.50 700.53
139.00 734.25
139.50 695.71
140.00 0.00
140.50 0.00
141.00 170.69
141.50 488.29
142.00 735.52
142.50 772.45
143.00 164.62
143.50 213.95
144.00 493.49
144.50 467.89
145.00 253.98
145.50 808.94
146.00 454.75
146.50 573.51
147.00 13.71
147.50 398.71
148.00 440.01
148.50 509.84
149.00 0.00
149.50 353.43
150.00 665.52
150.50 778.84
151.00 740.07
151.50 814.64
152.00 746.34
152.50 737.40
153.00 750.54
153.50 710.08
154.00 733.20
154.50 732.33
155.00 778.75
155.50 771.76
156.00 712.44
156.50 711.13
157.00 716.86
157.50 740.98
158.00 752.12
158.50 806.49
159.00 827.00
159.50 693.59
160.00 698.97
160.50 793.04
161.00 727.55
161.50 782.22
162.00 693.19
162.50 828.67
163.00 714.89
163.50 757.37
164.00 676.66
164.50 715.91
165.00 687.83
165.50 643.58
166.00 711.49
166.50 681.18
167.00 700.81
167.50 687.44
168.00 771.85
168.50 789.91
169.00 863.90
169.50 792.70
170.00 703.22
170.50 713.07
171.00 812.18
171.50 297.98
172.00 11.74
172.50 0.00
173.00 3.00
173.50 324.66
174.00 183.75
174.50 696.72
175.00 740.68
175.50 830.76
176.00 853.34
176.50 829.40
177.00 793.12
177.50 469.16
178.00 0.00
178.50 291.86
179.00 209.00
179.50 192.67
180.00 790.48
180.50 720.26
181.00 700.47
181.50 769.93
182.00 483.01
182.50 788.72
183.00 798.27
183.50 286.04
184.00 798.28
184.50 719.23
185.00 687.67
185.50 822.60
186.00 790.56
186.50 687.37
187.00 708.37
187.50 749.92
188.00 748.15
188.50 755.98
189.00 689.75
189.50 739.37
190.00 763.82
190.50 682.99
191.00 758.83
191.50 736.35
192.00 747.86
192.50 709.14
193.00 688.54
193.50 711.82
194.00 736.50
194.50 708.71
195.00 740.16
195.50 735.45
196.00 695.81
196.50 678.62
197.00 687.99
197.50 694.03
198.00 720.33
198.50 748.82
199.00 755.81
199.50 753.77
200.00 760.18
200.50 714.34
201.00 746.78
201.50 720.27
202.00 723.96
202.50 747.64
203.00 753.10
203.50 731.18
204.00 741.54
204.50 816.03
205.00 812.75
205.50 812.88
206.00 706.34
206.50 822.89
207.00 729.29
207.50 727.96
208.00 687.90
208.50 766.69
209.00 722.60
209.50 414.03
210.00 486.95
210.50 707.73
211.00 782.60
211.50 900.00
212.00 865.86
212.50 730.50
213.00 509.41
213.50 801.36
214.00 781.64
214.50 736.65
215.00 696.86
215.50 732.29
216.00 741.04
216.50 764.10
217.00 742.58
217.50 711.13
218.00 769.54
218.50 709.88
219.00 781.89
219.50 803.69
220.00 849.70
220.50 239.73
221.00 773.12
221.50 859.55
222.00 835.25
222.50 794.01
223.00 692.00
223.50 697.49
224.00 761.26
224.50 684.26
225.00 824.58
225.50 761.19
226.00 729.76
226.50 749.26
227.00 718.02
227.50 723.94
228.00 848.45
228.50 109.06
229.00 746.36
229.50 798.89
230.00 86.49
230.50 2.61
231.00 232.36
231.50 732.15
232.00 721.18
232.50 762.01
233.00 731.25
233.50 737.17
234.00 717.69
234.50 729.43
235.00 697.13
235.50 771.58
236.00 714.77
236.50 708.25
237.00 713.41
237.50 735.88
238.00 718.37
238.50 779.59
239.00 782.63
239.50 703.18
240.00 658.68
240.50 607.92
241.00 726.15
241.50 672.32
242.00 720.28
242.50 707.98
243.00 727.95
243.50 729.33
244.00 673.19
244.50 784.15
245.00 745.81
245.50 661.97
246.00 744.58
246.50 781.98
247.00 717.34
247.50 712.89
248.00 704.62
248.50 678.87
249.00 763.58
249.50 770.20
250.00 900.00
250.50 900.00
251.00 695.12
251.50 870.00
252.00 827.84
252.50 679.41
253.00 696.30
253.50 676.04
254.00 700.10
254.50 733.40
255.00 666.11
255.50 732.21
256.00 430.69
256.50 23.99
257.00 8.62
257.50 4.44
258.00 12.32
258.50 68.12
259.00 164.08
259.50 718.19
260.00 778.81
260.50 729.30
261.00 756.30
261.50 169.31
262.00 767.63
262.50 748.61
263.00 839.55
263.50 349.14
264.00 238.75
264.50 732.15
265.00 712.67
265.50 733.30
266.00 832.77
266.50 847.13
267.00 691.99
267.50 758.90
268.00 700.79
268.50 786.02
269.00 825.39
269.50 828.70
270.00 849.77
270.50 830.63
271.00 838.71
271.50 864.58
272.00 639.03
272.50 67.58
273.00 622.90
273.50 290.16
274.00 748.42
274.50 756.12
275.00 667.05
275.50 829.67
276.00 851.95
276.50 828.97
277.00 761.17
277.50 673.02
278.00 713.59
278.50 748.29
279.00 767.38
279.50 720.52
280.00 143.58
280.50 11.20
281.00 308.32
281.50 16.40
282.00 0.00
282.50 15.44
283.00 87.48
283.50 778.02
284.00 667.32
284.50 645.05
285.00 861.13
285.50 849.98
286.00 806.97
286.50 242.43
287.00 462.80
287.50 392.38
288.00 316.04
288.50 508.61
289.00 722.53
289.50 714.71
290.00 731.71
290.50 766.01
291.00 838.46
291.50 224.26
292.00 0.00
292.50 657.15
293.00 737.33
293.50 722.36
294.00 694.78
294.50 716.92
295.00 736.71
295.50 708.68
296.00 695.14
296.50 680.78
297.00 649.17
297.50 827.48
298.00 520.82
298.50 691.88
299.00 785.45
299.50 746.13
