0.00 710.00
0.50 697.10
1.00 699.32
1.50 726.44
2.00 728.02
2.50 714.02
3.00 343.53
3.50 615.04
4.00 4.04
4.50 0.00
5.00 8.01
5.50 356.26
6.00 81.73
6.50 699.44
7.00 697.94
7.50 814.71
8.00 669.30
8.50 840.01
9.00 853.49
9.50 710.54
10.00 703.18
10.50 727.45
11.00 685.74
11.50 730.41
12.00 744.60
12.50 697.73
13.00 789.25
13.50 781.69
14.00 721.15
14.50 723.95
15.00 754.26
15.50 742.47
16.00 721.78
16.50 739.39
17.00 770.18
17.50 752.43
18.00 766.00
18.50 752.56
19.00 758.47
19.50 755.48
20.00 784.31
20.50 763.21
21.00 684.12
21.50 792.59
22.00 738.79
22.50 648.44
23.00 748.33
23.50 701.88
24.00 731.73
24.50 758.47
25.00 779.03
25.50 715.83
26.00 746.07
26.50 743.58
27.00 752.36
27.50 747.56
28.00 773.85
28.50 764.13
29.00 715.90
29.50 792.12
30.00 732.49
30.50 720.83
31.00 711.14
31.50 731.85
32.00 695.28
32.50 700.60
33.00 719.81
33.50 726.47
34.00 734.68
34.50 688.57
35.00 664.39
35.50 706.19
36.00 777.18
36.50 707.89
37.00 679.89
37.50 801.46
38.00 830.08
38.50 702.04
39.00 870.96
39.50 815.89
40.00 747.97
40.50 227.76
41.00 695.85
41.50 659.03
42.00 713.14
42.50 679.67
43.00 707.78
43.50 704.78
44.00 743.32
44.50 691.77
45.00 786.25
45.50 755.50
46.00 736.90
46.50 735.09
47.00 723.52
47.50 741.81
48.00 728.32
48.50 716.58
49.00 808.80
49.50 726.10
50.00 736.72
50.50 732.11
51.00 709.68
51.50 739.38
52.00 689.17
52.50 789.91
53.00 757.62
53.50 711.56
54.00 710.53
54.50 740.43
55.00 865.62
55.50 246.65
56.00 120.54
56.50 206.07
57.00 22.55
57.50 10.82
58.00 10.27
58.50 11.16
59.00 371.19
59.50 618.93
60.00 0.00
60.50 498.11
61.00 420.92
61.50 725.96
62.00 774.13
62.50 767.67
63.00 725.60
63.50 534.95
64.00 696.02
64.50 678.28
65.00 704.75
65.50 760.14
66.00 752.06
66.50 692.85
67.00 802.84
67.50 780.39
68.00 747.32
68.50 717.77
69.00 793.80
69.50 675.87
70.00 764.01
70.50 719.83
71.00 708.29
71.50 764.68
72.00 728.91
72.50 753.75
73.00 12.75
73.50 0.00
74.00 14.82
74.50 7.37
75.00 685.78
75.50 742.65
76.00 654.07
76.50 752.78
77.00 752.89
77.50 712.85
78.00 811.66
78.50 680.46
79.00 812.25
79.50 710.96
80.00 21.21
80.50 5.50
81.00 16.10
81.50 8.13
82.00 6.13
82.50 436.13
83.00 702.37
83.50 733.24
84.00 842.98
84.50 818.96
85.00 873.14
85.50 831.28
86.00 835.21
86.50 804.87
87.00 819.73
87.50 831.93
88.00 764.89
88.50 744.48
89.00 771.13
89.50 717.25
90.00 716.67
90.50 677.71
91.00 723.86
91.50 725.15
92.00 665.36
92.50 723.99
93.00 684.70
93.50 350.99
94.00 680.07
94.50 752.55
95.00 753.72
95.50 735.37
96.00 703.23
96.50 705.14
97.00 729.03
97.50 721.29
98.00 759.93
98.50 644.72
99.00 722.37
99.50 850.35
100.00 748.66
100.50 684.92
101.00 733.90
101.50 720.31
102.00 744.63
102.50 689.19
103.00 704.60
103.50 744.02
104.00 725.87
104.50 754.28
105.00 332.79
105.50 91.49
106.00 856.38
106.50 826.40
107.00 158.80
107.50 738.62
108.00 725.56
108.50 834.63
109.00 843.41
109.50 867.33
110.00 835.02
110.50 232.20
111.00 700.25
111.50 848.01
112.00 746.20
112.50 747.15
113.00 774.89
113.50 733.87
114.00 762.44
114.50 763.62
115.00 726.60
115.50 707.00
116.00 758.72
116.50 729.13
117.00 153.43
117.50 442.46
118.00 505.17
118.50 567.35
119.00 421.69
119.50 198.42
120.00 718.62
120.50 686.42
121.00 710.09
121.50 722.55
122.00 744.11
122.50 725.82
123.00 747.36
123.50 882.63
124.00 847.83
124.50 851.48
125.00 751.68
125.50 764.62
126.00 748.14
126.50 813.10
127.00 732.95
127.50 829.65
128.00 829.12
128.50 835.64
129.00 679.61
129.50 705.67
130.00 757.94
130.50 770.58
131.00 674.35
131.50 718.66
132.00 758.44
132.50 752.40
133.00 714.22
133.50 763.32
134.00 699.12
134.50 697.36
135.00 699.72
135.50 757.36
136.00 723.92
136.50 672.90
137.00 762.99
137.50 713.76
138.00 723.74
138.50 692.05
139.00 694.73
139.50 768.62
140.00 792.48
140.50 705.17
141.00 779.30
141.50 735.26
142.00 716.62
142.50 686.43
143.00 748.57
143.50 768.83
144.00 699.10
144.50 714.04
145.00 710.47
145.50 782.02
146.00 733.42
146.50 778.16
147.00 720.27
147.50 757.53
148.00 707.73
148.50 694.81
149.00 776.91
149.50 739.29
150.00 698.84
150.50 687.84
151.00 723.53
151.50 769.38
152.00 684.23
152.50 714.86
153.00 699.14
153.50 727.64
154.00 748.67
154.50 706.70
155.00 717.10
155.50 739.58
156.00 794.51
156.50 739.25
157.00 599.92
157.50 666.65
158.00 761.20
158.50 560.21
159.00 207.10
159.50 748.24
160.00 731.87
160.50 775.20
161.00 718.14
161.50 770.49
162.00 683.21
162.50 757.14
163.00 748.38
163.50 728.78
164.00 673.23
164.50 704.34
165.00 718.59
165.50 753.28
166.00 730.57
166.50 118.27
167.00 750.13
167.50 801.83
168.00 686.85
168.50 677.97
169.00 214.20
169.50 20.69
170.00 717.31
170.50 747.36
171.00 678.12
171.50 738.30
172.00 738.78
172.50 698.57
173.00 753.14
173.50 755.08
174.00 0.00
174.50 0.00
175.00 10.67
175.50 330.87
176.00 731.90
176.50 793.08
177.00 709.06
177.50 869.74
178.00 816.36
178.50 829.08
179.00 473.85
179.50 27.41
180.00 441.46
180.50 23.99
181.00 25.13
181.50 603.27
182.00 13.64
182.50 2.35
183.00 15.88
183.50 19.93
184.00 6.53
184.50 4.94
185.00 6.05
185.50 17.20
186.00 16.43
186.50 39.70
187.00 0.00
187.50 11.16
188.00 0.00
188.50 4.50
189.00 15.07
189.50 5.14
190.00 16.85
190.50 688.26
191.00 765.81
191.50 764.25
192.00 193.47
192.50 331.89
193.00 814.70
193.50 695.09
194.00 651.31
194.50 730.15
195.00 785.27
195.50 705.51
196.00 837.25
196.50 742.27
197.00 749.78
197.50 742.09
198.00 728.73
198.50 744.47
199.00 814.42
199.50 721.24
200.00 698.72
200.50 773.08
201.00 732.45
201.50 749.18
202.00 692.26
202.50 409.69
203.00 702.94
203.50 876.48
204.00 804.30
204.50 697.25
205.00 803.31
205.50 706.39
206.00 575.27
206.50 267.79
207.00 714.85
207.50 727.72
208.00 706.91
208.50 703.33
209.00 900.00
209.50 759.91
210.00 756.69
210.50 768.47
211.00 717.18
211.50 817.28
212.00 788.69
212.50 669.94
213.00 742.73
213.50 447.27
214.00 330.64
214.50 363.55
215.00 742.22
215.50 715.45
216.00 735.77
216.50 773.96
217.00 763.21
217.50 763.83
218.00 735.12
218.50 660.64
219.00 274.45
219.50 635.13
220.00 225.81
220.50 0.00
221.00 255.30
221.50 757.40
222.00 676.65
222.50 730.72
223.00 755.00
223.50 763.76
224.00 715.09
224.50 713.07
225.00 709.38
225.50 716.82
226.00 771.80
226.50 766.42
227.00 688.81
227.50 699.84
228.00 738.08
228.50 861.66
229.00 770.21
229.50 864.95
230.00 848.36
230.50 724.05
231.00 785.98
231.50 761.91
232.00 870.75
232.50 796.18
233.00 744.94
233.50 728.32
234.00 754.74
234.50 770.26
235.00 771.56
235.50 701.78
236.00 705.07
236.50 707.40
237.00 782.15
237.50 721.55
238.00 31.25
238.50 2.58
239.00 698.69
239.50 418.16
240.00 6.84
240.50 15.08
241.00 3.61
241.50 8.26
242.00 16.19
242.50 9.88
243.00 397.98
243.50 296.36
244.00 754.61
244.50 809.95
245.00 900.00
245.50 830.52
246.00 719.87
246.50 710.73
247.00 128.18
247.50 0.00
248.00 0.00
248.50 7.87
249.00 0.70
249.50 0.00
250.00 369.71
250.50 755.87
251.00 712.97
251.50 114.71
252.00 212.06
252.50 323.67
253.00 0.00
253.50 5.90
254.00 628.76
254.50 808.91
255.00 830.07
255.50 792.27
256.00 736.67
256.50 762.66
257.00 792.53
257.50 777.96
258.00 755.76
258.50 741.37
259.00 751.66
259.50 739.50
260.00 753.95
260.50 709.75
261.00 733.82
261.50 751.88
262.00 676.31
262.50 776.91
263.00 791.70
263.50 727.08
264.00 729.61
264.50 676.65
265.00 760.49
265.50 767.52
266.00 699.25
266.50 780.30
267.00 781.11
267.50 710.19
268.00 761.73
268.50 714.75
269.00 704.30
269.50 716.73
270.00 769.88
270.50 723.99
271.00 723.66
271.50 734.34
272.00 731.28
272.50 736.03
273.00 682.94
273.50 724.34
274.00 748.34
274.50 711.86
275.00 722.76
275.50 835.61
276.00 707.77
276.50 753.26
277.00 674.37
277.50 721.55
278.00 706.48
278.50 797.69
279.00 781.67
279.50 784.47
280.00 700.74
280.50 848.74
281.00 813.00
281.50 737.29
282.00 521.86
282.50 709.33
283.00 728.60
283.50 692.92
284.00 714.97
284.50 711.54
285.00 736.79
285.50 680.14
286.00 213.85
286.50 503.02
287.00 27.94
287.50 209.89
288.00 564.83
288.50 705.16
289.00 327.69
289.50 342.22
290.00 806.28
290.50 718.26
291.00 451.12
291.50 708.82
292.00 468.19
292.50 470.54
293.00 686.29
293.50 824.69
294.00 853.08
294.50 730.27
295.00 325.72
295.50 312.95
296.00 675.87
296.50 675.24
297.00 788.22
297.50 812.11
298.00 737.96
298.50 714.61
299.00 793.31
299.50 696.06
