0.00 760.84
0.50 735.86
1.00 763.91
1.50 748.46
2.00 723.64
2.50 829.69
3.00 709.12
3.50 808.16
4.00 709.69
4.50 732.32
5.00 744.61
5.50 614.11
6.00 868.41
6.50 14.00
7.00 84.08
7.50 505.05
8.00 0.00
8.50 643.82
9.00 14.22
9.50 139.18
10.00 18.95
10.50 348.97
11.00 237.75
11.50 3.25
12.00 619.77
12.50 769.36
13.00 821.92
13.50 823.10
14.00 710.99
14.50 754.27
15.00 775.29
15.50 751.03
16.00 782.50
16.50 728.56
17.00 716.89
17.50 708.38
18.00 95.76
18.50 0.00
19.00 6.78
19.50 0.00
20.00 18.43
20.50 7.70
21.00 558.36
21.50 732.96
22.00 749.03
22.50 742.89
23.00 758.12
23.50 687.02
24.00 783.28
24.50 777.07
25.00 741.03
25.50 706.75
26.00 697.24
26.50 717.57
27.00 721.05
27.50 756.19
28.00 681.09
28.50 750.16
29.00 809.99
29.50 717.31
30.00 747.81
30.50 668.01
31.00 692.26
31.50 722.05
32.00 725.72
32.50 745.36
33.00 751.21
33.50 742.78
34.00 687.03
34.50 754.78
35.00 724.00
35.50 680.13
36.00 733.55
36.50 715.93
37.00 44.10
37.50 383.09
38.00 546.11
38.50 528.79
39.00 235.52
39.50 724.45
40.00 699.28
40.50 717.91
41.00 744.47
41.50 699.17
42.00 820.54
42.50 858.49
43.00 841.57
43.50 751.96
44.00 795.74
44.50 725.41
45.00 714.29
45.50 825.19
46.00 818.30
46.50 834.35
47.00 852.30
47.50 850.17
48.00 839.35
48.50 849.49
49.00 500.39
49.50 4.20
50.00 13.43
50.50 0.00
51.00 812.63
51.50 719.62
52.00 710.73
52.50 717.98
53.00 697.12
53.50 732.29
54.00 725.09
54.50 723.41
55.00 685.59
55.50 646.17
56.00 791.40
56.50 790.01
57.00 725.94
57.50 754.72
58.00 716.47
58.50 739.17
59.00 778.48
59.50 719.87
60.00 727.07
60.50 776.02
61.00 786.92
61.50 702.07
62.00 690.74
62.50 671.54
63.00 695.11
63.50 881.76
64.00 749.54
64.50 667.33
65.00 698.49
65.50 871.90
66.00 700.13
66.50 797.25
67.00 880.28
67.50 812.13
68.00 732.18
68.50 736.74
69.00 797.71
69.50 760.06
70.00 774.47
70.50 680.33
71.00 751.59
71.50 701.18
72.00 767.31
72.50 745.77
73.00 820.70
73.50 744.55
74.00 696.78
74.50 726.88
75.00 725.41
75.50 717.33
76.00 732.07
76.50 748.18
77.00 751.04
77.50 727.54
78.00 755.91
78.50 745.00
79.00 699.66
79.50 714.31
80.00 783.62
80.50 710.45
81.00 652.58
81.50 714.33
82.00 723.98
82.50 736.67
83.00 763.83
83.50 726.64
84.00 718.39
84.50 757.29
85.00 757.83
85.50 736.59
86.00 670.45
86.50 767.65
87.00 761.57
87.50 737.49
88.00 715.92
88.50 714.32
89.00 727.43
89.50 758.66
90.00 717.51
90.50 768.72
91.00 714.99
91.50 770.96
92.00 703.54
92.50 259.92
93.00 740.53
93.50 723.63
94.00 765.78
94.50 757.37
95.00 707.19
95.50 755.09
96.00 698.25
96.50 731.85
97.00 764.23
97.50 831.71
98.00 815.73
98.50 821.01
99.00 849.39
99.50 814.42
100.00 857.19
100.50 815.10
101.00 843.96
101.50 873.45
102.00 679.58
102.50 778.55
103.00 716.44
103.50 669.89
104.00 849.13
104.50 719.87
105.00 700.02
105.50 715.35
106.00 900.00
106.50 685.25
107.00 693.58
107.50 697.53
108.00 726.84
108.50 810.56
109.00 718.19
109.50 23.46
110.00 4.20
110.50 10.22
111.00 8.87
111.50 6.51
112.00 1.59
112.50 16.35
113.00 5.15
113.50 4.68
114.00 517.77
114.50 728.75
115.00 694.98
115.50 776.32
116.00 463.76
116.50 670.24
117.00 727.50
117.50 756.16
118.00 730.94
118.50 720.53
119.00 735.78
119.50 735.83
120.00 756.75
120.50 685.02
121.00 720.59
121.50 742.81
122.00 699.34
122.50 748.23
123.00 773.68
123.50 741.98
124.00 836.52
124.50 804.01
125.00 750.57
125.50 758.05
126.00 715.82
126.50 731.19
127.00 696.75
127.50 705.06
128.00 725.75
128.50 692.58
129.00 748.43
129.50 750.25
130.00 688.70
130.50 742.06
131.00 836.67
131.50 828.27
132.00 839.35
132.50 866.22
133.00 895.83
133.50 830.04
134.00 840.08
134.50 835.36
135.00 864.30
135.50 556.72
136.00 703.59
136.50 755.88
137.00 240.10
137.50 727.74
138.00 728.34
138.50 690.51
139.00 0.00
139.50 462.97
140.00 708.37
140.50 748.24
141.00 749.53
141.50 0.00
142.00 188.99
142.50 460.66
143.00 725.72
143.50 620.24
144.00 761.37
144.50 413.01
145.00 662.42
145.50 744.54
146.00 771.68
146.50 761.66
147.00 766.90
147.50 693.04
148.00 702.53
148.50 737.81
149.00 722.18
149.50 750.84
150.00 740.51
150.50 871.68
151.00 763.03
151.50 745.20
152.00 710.99
152.50 783.85
153.00 739.28
153.50 709.99
154.00 804.46
154.50 109.69
155.00 740.38
155.50 738.66
156.00 40.90
156.50 371.64
157.00 254.37
157.50 583.80
158.00 558.15
158.50 5.04
159.00 9.88
159.50 16.91
160.00 4.51
160.50 0.00
161.00 410.36
161.50 8.64
162.00 9.28
162.50 728.21
163.00 716.48
163.50 510.28
164.00 219.02
164.50 747.17
165.00 192.67
165.50 730.77
166.00 862.55
166.50 725.58
167.00 480.59
167.50 718.33
168.00 790.13
168.50 776.08
169.00 812.00
169.50 746.30
170.00 417.03
170.50 687.50
171.00 666.83
171.50 348.85
172.00 0.00
172.50 0.00
173.00 320.43
173.50 447.06
174.00 760.68
174.50 706.75
175.00 726.25
175.50 819.01
176.00 811.97
176.50 454.00
177.00 0.00
177.50 2.29
178.00 696.64
178.50 820.15
179.00 686.08
179.50 644.85
180.00 323.36
180.50 815.58
181.00 694.36
181.50 664.05
182.00 785.90
182.50 887.48
183.00 813.47
183.50 728.03
184.00 706.83
184.50 675.68
185.00 654.11
185.50 475.43
186.00 897.38
186.50 722.29
187.00 719.42
187.50 725.58
188.00 663.34
188.50 760.37
189.00 691.59
189.50 802.57
190.00 889.65
190.50 733.56
191.00 900.00
191.50 631.13
192.00 826.23
192.50 817.22
193.00 707.50
193.50 712.47
194.00 694.10
194.50 865.38
195.00 843.37
195.50 793.29
196.00 732.95
196.50 679.96
197.00 715.54
197.50 868.01
198.00 728.68
198.50 725.94
199.00 693.55
199.50 819.21
200.00 709.54
200.50 730.64
201.00 704.80
201.50 750.33
202.00 818.10
202.50 764.08
203.00 744.88
203.50 735.44
204.00 782.76
204.50 741.80
205.00 756.32
205.50 819.28
206.00 844.09
206.50 706.21
207.00 687.42
207.50 652.25
208.00 768.69
208.50 578.79
209.00 12.16
209.50 0.00
210.00 707.98
210.50 727.16
211.00 748.99
211.50 717.06
212.00 744.22
212.50 736.92
213.00 795.39
213.50 732.15
214.00 701.54
214.50 701.79
215.00 740.30
215.50 776.01
216.00 714.40
216.50 715.28
217.00 754.95
217.50 737.43
218.00 695.32
218.50 762.65
219.00 741.77
219.50 758.03
220.00 720.15
220.50 711.19
221.00 667.08
221.50 686.00
222.00 711.77
222.50 705.47
223.00 722.18
223.50 747.79
224.00 704.65
224.50 850.30
225.00 782.14
225.50 813.84
226.00 793.62
226.50 701.97
227.00 752.89
227.50 737.08
228.00 736.83
228.50 750.14
229.00 704.14
229.50 700.31
230.00 765.91
230.50 792.03
231.00 830.06
231.50 818.90
232.00 767.12
232.50 792.37
233.00 754.37
233.50 695.45
234.00 785.33
234.50 703.23
235.00 704.25
235.50 156.02
236.00 323.35
236.50 880.43
237.00 504.75
237.50 696.58
238.00 728.15
238.50 719.37
239.00 756.77
239.50 740.96
240.00 740.74
240.50 711.68
241.00 740.38
241.50 707.40
242.00 712.16
242.50 724.35
243.00 744.52
243.50 714.35
244.00 666.24
244.50 808.88
245.00 747.15
245.50 715.32
246.00 753.68
246.50 735.31
247.00 750.09
247.50 681.43
248.00 729.80
248.50 731.53
249.00 698.63
249.50 734.42
250.00 748.59
250.50 723.98
251.00 753.47
251.50 689.43
252.00 718.08
252.50 754.27
253.00 703.81
253.50 731.36
254.00 725.52
254.50 781.64
255.00 770.76
255.50 760.63
256.00 649.96
256.50 769.44
257.00 768.58
257.50 742.19
258.00 803.04
258.50 715.12
259.00 868.38
259.50 819.50
260.00 824.03
260.50 707.06
261.00 851.25
261.50 736.70
262.00 848.12
262.50 737.11
263.00 723.62
263.50 741.76
264.00 572.81
264.50 697.70
265.00 783.58
265.50 761.13
266.00 0.00
266.50 709.11
267.00 740.89
267.50 745.08
268.00 744.15
268.50 735.05
269.00 682.91
269.50 737.71
270.00 666.34
270.50 727.31
271.00 746.19
271.50 728.00
272.00 723.25
272.50 680.06
273.00 683.86
273.50 700.78
274.00 702.05
274.50 760.71
275.00 760.72
275.50 762.25
276.00 676.56
276.50 739.54
277.00 699.98
277.50 716.35
278.00 699.78
278.50 711.10
279.00 502.63
279.50 210.43
280.00 4.94
280.50 386.98
281.00 753.35
281.50 741.21
282.00 394.72
282.50 726.63
283.00 447.82
283.50 719.42
284.00 860.74
284.50 832.91
285.00 870.85
285.50 790.07
286.00 235.14
286.50 0.00
287.00 3.35
287.50 367.57
288.00 115.59
288.50 15.63
289.00 853.80
289.50 682.37
290.00 692.47
290.50 805.49
291.00 687.15
291.50 738.84
292.00 730.62
292.50 854.29
293.00 809.89
293.50 763.26
294.00 202.87
294.50 426.92
295.00 747.20
295.50 699.84
296.00 735.82
296.50 720.84
297.00 707.60
297.50 739.74
298.00 703.18
298.50 743.55
299.00 735.83
299.50 702.90
