0.00 697.00
0.50 753.53
1.00 692.30
1.50 726.64
2.00 742.73
2.50 721.72
3.00 762.85
3.50 678.20
4.00 775.15
4.50 795.62
5.00 721.45
5.50 363.71
6.00 694.62
6.50 698.97
7.00 807.09
7.50 753.89
8.00 700.20
8.50 752.88
9.00 743.38
9.50 868.62
10.00 826.54
10.50 834.52
11.00 867.23
11.50 702.10
12.00 656.04
12.50 799.50
13.00 781.66
13.50 707.45
14.00 871.09
14.50 700.16
15.00 781.05
15.50 699.07
16.00 717.15
16.50 766.37
17.00 751.58
17.50 670.00
18.00 714.42
18.50 766.73
19.00 781.98
19.50 712.31
20.00 28.46
20.50 827.44
21.00 693.45
21.50 718.44
22.00 726.74
22.50 730.40
23.00 767.74
23.50 805.00
24.00 722.91
24.50 730.62
25.00 765.86
25.50 782.29
26.00 697.71
26.50 758.63
27.00 768.22
27.50 725.89
28.00 748.70
28.50 764.56
29.00 757.78
29.50 765.01
30.00 760.73
30.50 760.08
31.00 703.22
31.50 766.96
32.00 750.78
32.50 720.47
33.00 723.97
33.50 694.35
34.00 299.13
34.50 759.98
35.00 741.49
35.50 750.69
36.00 729.30
36.50 735.03
37.00 781.41
37.50 695.21
38.00 803.35
38.50 761.16
39.00 702.34
39.50 699.53
40.00 693.43
40.50 750.81
41.00 716.03
41.50 728.57
42.00 689.60
42.50 731.86
43.00 727.29
43.50 707.42
44.00 693.44
44.50 747.31
45.00 751.79
45.50 731.55
46.00 715.34
46.50 782.82
47.00 706.15
47.50 697.67
48.00 755.65
48.50 734.34
49.00 762.64
49.50 725.94
50.00 732.71
50.50 753.22
51.00 679.49
51.50 672.05
52.00 850.28
52.50 822.27
53.00 828.50
53.50 837.85
54.00 881.47
54.50 854.93
55.00 867.63
55.50 549.39
56.00 495.11
56.50 687.30
57.00 849.32
57.50 686.03
58.00 739.69
58.50 724.74
59.00 730.09
59.50 747.35
60.00 829.34
60.50 745.99
61.00 749.46
61.50 739.24
62.00 736.07
62.50 732.27
63.00 715.96
63.50 653.47
64.00 712.43
64.50 713.31
65.00 777.72
65.50 744.81
66.00 762.04
66.50 900.00
67.00 722.30
67.50 709.16
68.00 799.06
68.50 667.99
69.00 701.93
69.50 810.59
70.00 811.31
70.50 900.00
71.00 738.09
71.50 742.84
72.00 762.36
72.50 708.25
73.00 759.28
73.50 737.81
74.00 733.27
74.50 789.31
75.00 793.38
75.50 729.38
76.00 900.00
76.50 740.81
77.00 716.73
77.50 725.12
78.00 727.26
78.50 679.89
79.00 717.90
79.50 695.76
80.00 856.15
80.50 751.26
81.00 749.06
81.50 771.19
82.00 799.54
82.50 748.86
83.00 467.33
83.50 689.85
84.00 725.94
84.50 793.65
85.00 663.85
85.50 747.79
86.00 740.82
86.50 664.98
87.00 765.85
87.50 746.27
88.00 687.64
88.50 441.81
89.00 555.15
89.50 719.14
90.00 694.72
90.50 715.50
91.00 822.73
91.50 830.34
92.00 816.51
92.50 707.50
93.00 706.93
93.50 712.34
94.00 720.61
94.50 698.22
95.00 730.61
95.50 701.73
96.00 721.51
96.50 793.78
97.00 701.88
97.50 760.44
98.00 748.90
98.50 759.85
99.00 769.92
99.50 753.03
100.00 736.37
100.50 708.56
101.00 719.04
101.50 717.46
102.00 715.06
102.50 730.36
103.00 691.03
103.50 713.65
104.00 740.52
104.50 733.05
105.00 711.24
105.50 721.55
106.00 730.64
106.50 804.60
107.00 743.83
107.50 755.32
108.00 796.11
108.50 688.08
109.00 783.51
109.50 723.82
110.00 747.42
110.50 730.42
111.00 672.34
111.50 755.16
112.00 764.81
112.50 722.89
113.00 762.66
113.50 712.41
114.00 806.34
114.50 696.10
115.00 667.32
115.50 810.16
116.00 851.95
116.50 711.07
117.00 729.05
117.50 712.10
118.00 792.21
118.50 717.40
119.00 286.84
119.50 82.87
120.00 0.00
120.50 289.63
121.00 202.51
121.50 665.50
122.00 864.05
122.50 851.26
123.00 883.26
123.50 852.00
124.00 861.10
124.50 856.29
125.00 822.99
125.50 852.79
126.00 779.65
126.50 841.37
127.00 594.08
127.50 717.90
128.00 836.35
128.50 825.37
129.00 859.38
129.50 685.21
130.00 705.06
130.50 832.54
131.00 743.88
131.50 741.71
132.00 729.20
132.50 700.42
133.00 703.70
133.50 675.53
134.00 772.13
134.50 736.59
135.00 175.53
135.50 259.38
136.00 296.72
136.50 361.67
137.00 754.50
137.50 747.40
138.00 743.95
138.50 395.78
139.00 255.48
139.50 693.45
140.00 714.36
140.50 694.44
141.00 698.06
141.50 10.46
142.00 515.74
142.50 727.42
143.00 816.87
143.50 798.10
144.00 671.21
144.50 720.16
145.00 784.61
145.50 813.78
146.00 716.88
146.50 713.34
147.00 699.43
147.50 834.60
148.00 897.06
148.50 688.98
149.00 723.28
149.50 371.40
150.00 564.14
150.50 668.73
151.00 709.46
151.50 717.20
152.00 708.09
152.50 754.19
153.00 693.61
153.50 831.21
154.00 805.58
154.50 861.54
155.00 730.60
155.50 752.65
156.00 737.51
156.50 729.31
157.00 726.81
157.50 748.53
158.00 694.04
158.50 705.50
159.00 778.73
159.50 754.41
160.00 726.44
160.50 702.33
161.00 733.22
161.50 721.83
162.00 711.13
162.50 669.49
163.00 631.85
163.50 826.25
164.00 890.56
164.50 820.19
165.00 735.33
165.50 753.06
166.00 678.00
166.50 753.71
167.00 672.23
167.50 693.67
168.00 724.02
168.50 761.20
169.00 721.61
169.50 732.62
170.00 736.35
170.50 631.43
171.00 716.84
171.50 730.34
172.00 689.83
172.50 758.05
173.00 726.49
173.50 761.43
174.00 729.12
174.50 794.37
175.00 753.97
175.50 713.25
176.00 711.87
176.50 733.33
177.00 729.00
177.50 743.42
178.00 709.44
178.50 704.72
179.00 725.54
179.50 716.89
180.00 177.72
180.50 14.01
181.00 723.81
181.50 696.87
182.00 724.87
182.50 669.84
183.00 754.01
183.50 786.74
184.00 803.76
184.50 784.88
185.00 744.37
185.50 740.69
186.00 725.73
186.50 790.66
187.00 689.65
187.50 714.80
188.00 697.11
188.50 736.81
189.00 760.89
189.50 740.13
190.00 726.92
190.50 738.12
191.00 729.41
191.50 759.30
192.00 738.21
192.50 791.04
193.00 722.30
193.50 794.95
194.00 700.68
194.50 747.56
195.00 726.32
195.50 746.61
196.00 818.57
196.50 682.98
197.00 721.60
197.50 712.69
198.00 835.07
198.50 685.81
199.00 707.91
199.50 802.08
200.00 757.99
200.50 718.24
201.00 843.11
201.50 838.29
202.00 832.68
202.50 835.47
203.00 817.87
203.50 765.69
204.00 746.56
204.50 660.61
205.00 685.31
205.50 677.52
206.00 900.00
206.50 816.85
207.00 849.51
207.50 774.54
208.00 762.24
208.50 833.56
209.00 692.00
209.50 739.70
210.00 798.48
210.50 771.00
211.00 789.74
211.50 758.58
212.00 717.78
212.50 811.34
213.00 770.54
213.50 675.67
214.00 688.06
214.50 715.85
215.00 694.27
215.50 736.67
216.00 869.16
216.50 706.07
217.00 366.81
217.50 853.34
218.00 721.85
218.50 704.99
219.00 801.54
219.50 733.80
220.00 714.27
220.50 826.27
221.00 737.98
221.50 709.03
222.00 137.85
222.50 385.94
223.00 863.66
223.50 825.08
224.00 834.77
224.50 833.96
225.00 782.91
225.50 825.49
226.00 722.01
226.50 777.36
227.00 724.16
227.50 696.26
228.00 731.71
228.50 668.17
229.00 766.85
229.50 715.86
230.00 705.08
230.50 747.22
231.00 728.08
231.50 748.86
232.00 668.37
232.50 731.57
233.00 675.88
233.50 755.64
234.00 730.99
234.50 720.98
235.00 792.99
235.50 692.54
236.00 799.69
236.50 749.02
237.00 722.67
237.50 731.52
238.00 700.08
238.50 769.99
239.00 757.81
239.50 739.91
240.00 797.64
240.50 773.91
241.00 795.10
241.50 683.98
242.00 745.61
242.50 711.22
243.00 787.84
243.50 755.54
244.00 742.06
244.50 757.87
245.00 727.86
245.50 725.12
246.00 754.09
246.50 726.94
247.00 754.41
247.50 745.70
248.00 744.07
248.50 723.69
249.00 724.44
249.50 753.15
250.00 685.34
250.50 691.01
251.00 845.99
251.50 851.34
252.00 850.90
252.50 857.08
253.00 854.45
253.50 698.03
254.00 352.82
254.50 268.62
255.00 329.39
255.50 730.82
256.00 758.81
256.50 736.17
257.00 810.52
257.50 381.18
258.00 594.43
258.50 262.82
259.00 680.20
259.50 740.86
260.00 732.44
260.50 758.94
261.00 728.55
261.50 703.62
262.00 713.16
262.50 692.46
263.00 567.98
263.50 749.70
264.00 758.40
264.50 683.58
265.00 718.69
265.50 724.43
266.00 690.65
266.50 706.46
267.00 704.05
267.50 686.62
268.00 718.33
268.50 748.75
269.00 688.88
269.50 721.16
270.00 737.28
270.50 731.50
271.00 738.40
271.50 705.36
272.00 807.39
272.50 722.52
273.00 731.23
273.50 755.62
274.00 0.11
274.50 0.00
275.00 6.43
275.50 504.19
276.00 493.16
276.50 689.32
277.00 706.41
277.50 698.36
278.00 714.01
278.50 251.17
279.00 0.00
279.50 10.98
280.00 747.39
280.50 742.59
281.00 863.00
281.50 703.23
282.00 400.28
282.50 86.57
283.00 711.57
283.50 216.50
284.00 447.84
284.50 712.47
285.00 687.90
285.50 708.57
286.00 203.13
286.50 17.68
287.00 0.00
287.50 613.59
288.00 701.56
288.50 732.63
289.00 743.37
289.50 743.20
290.00 711.31
290.50 717.62
291.00 722.76
291.50 826.60
292.00 684.14
292.50 687.19
293.00 780.25
293.50 758.19
294.00 767.52
294.50 693.09
295.00 742.01
295.50 727.59
296.00 719.11
296.50 733.21
297.00 701.14
297.50 724.22
298.00 758.20
298.50 720.77
299.00 777.27
299.50 716.47
