0.00 746.91
0.50 753.77
1.00 733.95
1.50 702.14
2.00 757.04
2.50 729.56
3.00 741.37
3.50 803.59
4.00 762.01
4.50 689.23
5.00 749.60
5.50 776.46
6.00 724.38
6.50 684.11
7.00 745.75
7.50 819.83
8.00 725.69
8.50 740.61
9.00 729.73
9.50 758.39
10.00 710.59
10.50 782.61
11.00 711.22
11.50 717.69
12.00 765.42
12.50 751.28
13.00 755.26
13.50 730.98
14.00 733.66
14.50 763.38
15.00 755.60
15.50 748.19
16.00 750.10
16.50 768.90
17.00 779.48
17.50 782.23
18.00 762.38
18.50 699.26
19.00 734.89
19.50 756.32
20.00 744.69
20.50 764.15
21.00 738.71
21.50 690.13
22.00 714.14
22.50 718.22
23.00 735.17
23.50 724.21
24.00 709.59
24.50 790.90
25.00 724.45
25.50 744.89
26.00 755.27
26.50 740.95
27.00 741.34
27.50 726.41
28.00 709.11
28.50 742.67
29.00 786.47
29.50 728.10
30.00 729.34
30.50 731.38
31.00 816.28
31.50 699.03
32.00 738.31
32.50 767.91
33.00 761.27
33.50 757.99
34.00 727.25
34.50 735.10
35.00 798.19
35.50 711.67
36.00 659.81
36.50 751.78
37.00 740.90
37.50 740.62
38.00 770.66
38.50 698.47
39.00 713.98
39.50 784.74
40.00 632.24
40.50 669.97
41.00 704.88
41.50 724.10
42.00 726.62
42.50 793.86
43.00 685.33
43.50 9.76
44.00 0.00
44.50 4.96
45.00 743.66
45.50 761.79
46.00 739.45
46.50 710.21
47.00 726.61
47.50 737.14
48.00 778.12
48.50 769.93
49.00 778.37
49.50 701.60
50.00 734.81
50.50 728.73
51.00 760.17
51.50 665.16
52.00 761.45
52.50 722.00
53.00 711.76
53.50 721.70
54.00 684.54
54.50 717.52
55.00 710.97
55.50 713.14
56.00 723.32
56.50 752.62
57.00 752.17
57.50 736.25
58.00 737.94
58.50 730.16
59.00 729.06
59.50 742.94
60.00 757.61
60.50 759.27
61.00 736.69
61.50 683.90
62.00 713.17
62.50 723.43
63.00 718.55
63.50 697.13
64.00 713.80
64.50 752.82
65.00 783.86
65.50 699.06
66.00 779.43
66.50 731.79
67.00 764.04
67.50 720.55
68.00 725.73
68.50 744.75
69.00 762.51
69.50 713.12
70.00 749.48
70.50 759.25
71.00 707.65
71.50 745.39
72.00 762.05
72.50 718.11
73.00 785.73
73.50 753.22
74.00 743.03
74.50 742.53
75.00 751.88
75.50 769.58
76.00 765.87
76.50 730.08
77.00 770.33
77.50 681.86
78.00 753.87
78.50 708.20
79.00 694.52
79.50 744.10
80.00 684.25
80.50 746.50
81.00 781.36
81.50 819.31
82.00 705.95
82.50 799.86
83.00 732.50
83.50 727.74
84.00 155.94
84.50 206.68
85.00 727.35
85.50 719.29
86.00 702.04
86.50 704.01
87.00 745.27
87.50 726.74
88.00 702.93
88.50 764.64
89.00 780.74
89.50 715.72
90.00 664.49
90.50 280.20
91.00 696.32
91.50 740.06
92.00 862.10
92.50 726.55
93.00 722.50
93.50 702.83
94.00 674.07
94.50 731.41
95.00 695.17
95.50 741.14
96.00 750.47
96.50 700.09
97.00 831.70
97.50 738.13
98.00 848.60
98.50 693.79
99.00 727.44
99.50 800.06
100.00 661.28
100.50 699.08
101.00 718.29
101.50 752.51
102.00 751.60
102.50 707.60
103.00 716.37
103.50 728.05
104.00 713.84
104.50 333.16
105.00 741.02
105.50 731.62
106.00 712.54
106.50 719.12
107.00 677.44
107.50 793.65
108.00 805.53
108.50 741.43
109.00 733.16
109.50 767.63
110.00 769.17
110.50 717.14
111.00 863.79
111.50 823.60
112.00 831.38
112.50 828.93
113.00 840.80
113.50 844.80
114.00 791.47
114.50 841.72
115.00 710.70
115.50 773.56
116.00 778.33
116.50 734.85
117.00 768.08
117.50 753.72
118.00 707.32
118.50 765.49
119.00 703.53
119.50 661.55
120.00 759.98
120.50 747.49
121.00 683.83
121.50 697.54
122.00 699.43
122.50 731.98
123.00 738.23
123.50 712.40
124.00 769.84
124.50 712.74
125.00 793.34
125.50 727.23
126.00 702.17
126.50 718.24
127.00 762.08
127.50 719.38
128.00 796.82
128.50 717.99
129.00 714.39
129.50 692.43
130.00 775.86
130.50 743.47
131.00 771.18
131.50 750.23
132.00 710.06
132.50 731.11
133.00 16.55
133.50 4.42
134.00 575.29
134.50 728.47
135.00 746.38
135.50 741.74
136.00 796.06
136.50 817.26
137.00 782.86
137.50 711.55
138.00 795.28
138.50 723.35
139.00 534.16
139.50 708.18
140.00 708.34
140.50 807.63
141.00 819.68
141.50 696.70
142.00 711.17
142.50 719.25
143.00 716.96
143.50 725.85
144.00 707.53
144.50 768.99
145.00 756.32
145.50 718.88
146.00 700.53
146.50 748.32
147.00 729.56
147.50 709.98
148.00 758.40
148.50 777.61
149.00 734.64
149.50 757.09
150.00 752.67
150.50 753.61
151.00 707.06
151.50 683.72
152.00 751.44
152.50 752.80
153.00 706.77
153.50 743.66
154.00 700.53
154.50 718.96
155.00 702.94
155.50 748.61
156.00 791.88
156.50 783.56
157.00 707.44
157.50 733.93
158.00 734.77
158.50 285.25
159.00 188.81
159.50 831.20
160.00 768.87
160.50 726.14
161.00 548.06
161.50 228.06
162.00 262.64
162.50 511.35
163.00 432.10
163.50 766.47
164.00 279.12
164.50 845.14
165.00 849.10
165.50 866.58
166.00 824.69
166.50 858.00
167.00 848.27
167.50 832.05
168.00 802.03
168.50 854.36
169.00 706.14
169.50 861.93
170.00 723.98
170.50 730.99
171.00 750.16
171.50 721.06
172.00 679.11
172.50 729.74
173.00 738.82
173.50 781.42
174.00 730.08
174.50 713.96
175.00 697.87
175.50 734.17
176.00 708.96
176.50 753.56
177.00 723.11
177.50 634.72
178.00 733.25
178.50 764.14
179.00 770.22
179.50 687.69
180.00 757.35
180.50 712.85
181.00 745.16
181.50 694.98
182.00 727.51
182.50 727.67
183.00 730.32
183.50 761.84
184.00 717.30
184.50 786.69
185.00 681.18
185.50 776.63
186.00 665.79
186.50 772.46
187.00 697.20
187.50 779.58
188.00 0.56
188.50 357.69
189.00 749.51
189.50 0.00
190.00 493.45
190.50 806.92
191.00 737.39
191.50 708.36
192.00 760.31
192.50 716.02
193.00 701.69
193.50 687.52
194.00 795.83
194.50 749.66
195.00 843.32
195.50 848.20
196.00 883.46
196.50 733.19
197.00 706.74
197.50 650.12
198.00 723.74
198.50 730.86
199.00 708.64
199.50 688.54
200.00 690.43
200.50 706.05
201.00 722.58
201.50 727.58
202.00 762.64
202.50 735.27
203.00 723.94
203.50 742.13
204.00 724.75
204.50 773.81
205.00 724.66
205.50 740.21
206.00 790.85
206.50 144.88
207.00 0.00
207.50 6.80
208.00 0.00
208.50 0.00
209.00 860.03
209.50 700.82
210.00 458.78
210.50 521.12
211.00 676.86
211.50 480.69
212.00 524.29
212.50 16.01
213.00 0.00
213.50 11.96
214.00 15.40
214.50 509.19
215.00 28.63
215.50 739.44
216.00 778.42
216.50 738.17
217.00 828.73
217.50 834.74
218.00 804.90
218.50 848.23
219.00 698.20
219.50 731.03
220.00 695.99
220.50 796.20
221.00 809.93
221.50 831.06
222.00 737.07
222.50 697.47
223.00 792.02
223.50 836.99
224.00 859.23
224.50 781.53
225.00 696.43
225.50 685.77
226.00 717.28
226.50 694.59
227.00 722.10
227.50 691.01
228.00 334.16
228.50 602.07
229.00 722.67
229.50 796.62
230.00 720.97
230.50 900.00
231.00 90.55
231.50 379.57
232.00 692.67
232.50 733.17
233.00 725.99
233.50 783.83
234.00 803.66
234.50 685.53
235.00 753.58
235.50 706.49
236.00 718.87
236.50 717.73
237.00 699.22
237.50 862.47
238.00 737.82
238.50 713.99
239.00 712.22
239.50 689.42
240.00 757.77
240.50 770.87
241.00 699.10
241.50 708.22
242.00 767.02
242.50 742.23
243.00 680.14
243.50 709.45
244.00 671.28
244.50 681.61
245.00 743.52
245.50 729.66
246.00 709.01
246.50 716.01
247.00 836.88
247.50 781.44
248.00 701.63
248.50 694.85
249.00 795.71
249.50 755.76
250.00 900.00
250.50 698.89
251.00 735.53
251.50 687.56
252.00 703.58
252.50 715.97
253.00 691.68
253.50 126.95
254.00 697.21
254.50 685.89
255.00 844.96
255.50 834.62
256.00 807.66
256.50 347.74
257.00 726.45
257.50 778.82
258.00 851.14
258.50 0.00
259.00 22.73
259.50 719.73
260.00 759.27
260.50 750.27
261.00 710.55
261.50 742.18
262.00 762.55
262.50 763.01
263.00 858.22
263.50 849.75
264.00 862.22
264.50 736.50
265.00 726.67
265.50 712.36
266.00 762.80
266.50 733.14
267.00 700.84
267.50 718.47
268.00 700.13
268.50 706.91
269.00 765.90
269.50 709.31
270.00 744.13
270.50 738.80
271.00 778.37
271.50 751.07
272.00 732.65
272.50 677.08
273.00 724.63
273.50 686.93
274.00 705.20
274.50 746.10
275.00 770.01
275.50 764.37
276.00 739.60
276.50 745.66
277.00 708.91
277.50 719.49
278.00 715.30
278.50 706.07
279.00 726.60
279.50 701.33
280.00 738.08
280.50 708.17
281.00 732.49
281.50 711.32
282.00 718.59
282.50 742.26
283.00 726.79
283.50 722.55
284.00 738.81
284.50 765.93
285.00 754.73
285.50 659.67
286.00 698.36
286.50 713.13
287.00 721.36
287.50 684.19
288.00 778.92
288.50 745.51
289.00 724.68
289.50 660.03
290.00 734.98
290.50 779.78
291.00 744.79
291.50 733.91
292.00 694.86
292.50 714.06
293.00 731.30
293.50 725.86
294.00 746.46
294.50 755.28
295.00 744.31
295.50 728.08
296.00 716.95
296.50 756.95
297.00 729.18
297.50 716.15
298.00 752.71
298.50 519.51
299.00 734.70
299.50 662.02
