0.00 682.29
0.50 767.84
1.00 710.35
1.50 761.48
2.00 760.81
2.50 774.58
3.00 710.45
3.50 691.21
4.00 753.11
4.50 770.85
5.00 849.46
5.50 743.54
6.00 796.92
6.50 853.81
7.00 750.07
7.50 727.73
8.00 875.76
8.50 852.99
9.00 681.32
9.50 722.07
10.00 687.43
10.50 844.65
11.00 828.15
11.50 688.94
12.00 736.88
12.50 708.74
13.00 855.01
13.50 850.95
14.00 418.34
14.50 431.12
15.00 0.00
15.50 900.00
16.00 749.39
16.50 743.76
17.00 802.33
17.50 435.32
18.00 767.08
18.50 803.79
19.00 705.20
19.50 699.76
20.00 703.49
20.50 708.54
21.00 813.28
21.50 666.43
22.00 735.40
22.50 586.67
23.00 701.15
23.50 721.17
24.00 707.33
24.50 718.20
25.00 718.50
25.50 779.23
26.00 712.25
26.50 524.80
27.00 695.59
27.50 730.24
28.00 690.99
28.50 706.82
29.00 705.55
29.50 796.26
30.00 740.15
30.50 779.07
31.00 735.06
31.50 680.81
32.00 687.85
32.50 822.13
33.00 739.13
33.50 714.35
34.00 741.36
34.50 707.56
35.00 733.63
35.50 736.31
36.00 347.12
36.50 515.89
37.00 435.87
37.50 198.67
38.00 306.92
38.50 263.95
39.00 0.00
39.50 3.37
40.00 10.33
40.50 29.18
41.00 0.00
41.50 25.65
42.00 477.50
42.50 28.69
43.00 455.75
43.50 253.15
44.00 604.87
44.50 811.90
45.00 725.68
45.50 832.75
46.00 823.80
46.50 842.45
47.00 870.65
47.50 201.07
48.00 594.45
48.50 759.07
49.00 702.99
49.50 713.94
50.00 728.43
50.50 799.78
51.00 756.21
51.50 701.78
52.00 703.25
52.50 713.72
53.00 900.00
53.50 871.79
54.00 713.85
54.50 675.03
55.00 699.21
55.50 684.52
56.00 710.42
56.50 703.72
57.00 701.10
57.50 704.57
58.00 669.16
58.50 700.43
59.00 847.65
59.50 740.40
60.00 765.03
60.50 725.23
61.00 740.68
61.50 721.49
62.00 715.22
62.50 789.66
63.00 695.23
63.50 807.23
64.00 699.75
64.50 693.35
65.00 680.76
65.50 703.02
66.00 403.16
66.50 712.49
67.00 693.91
67.50 810.62
68.00 9.05
68.50 401.82
69.00 486.16
69.50 296.15
70.00 752.52
70.50 644.21
71.00 818.33
71.50 885.86
72.00 748.14
72.50 709.69
73.00 682.22
73.50 746.71
74.00 710.40
74.50 681.10
75.00 735.84
75.50 730.82
76.00 751.20
76.50 711.37
77.00 698.71
77.50 748.30
78.00 712.81
78.50 770.50
79.00 238.10
79.50 737.03
80.00 779.39
80.50 719.85
81.00 720.88
81.50 718.86
82.00 695.06
82.50 807.28
83.00 854.62
83.50 722.75
84.00 695.69
84.50 265.35
85.00 764.58
85.50 701.42
86.00 729.76
86.50 826.27
87.00 715.36
87.50 791.04
88.00 711.49
88.50 813.14
89.00 824.37
89.50 848.57
90.00 234.82
90.50 721.23
91.00 819.82
91.50 844.48
92.00 836.75
92.50 855.98
93.00 873.41
93.50 866.80
94.00 166.80
94.50 294.85
95.00 582.13
95.50 500.35
96.00 751.79
96.50 441.29
97.00 365.39
97.50 3.51
98.00 20.68
98.50 690.38
99.00 687.03
99.50 705.85
100.00 871.92
100.50 836.06
101.00 818.46
101.50 855.49
102.00 0.00
102.50 3.09
103.00 406.37
103.50 12.97
104.00 0.00
104.50 14.94
105.00 275.77
105.50 743.71
106.00 553.62
106.50 443.55
107.00 74.22
107.50 469.79
108.00 755.36
108.50 762.44
109.00 835.59
109.50 605.91
110.00 308.89
110.50 467.54
111.00 0.00
111.50 105.28
112.00 838.02
112.50 827.49
113.00 791.68
113.50 706.21
114.00 799.03
114.50 757.57
115.00 700.47
115.50 392.53
116.00 834.49
116.50 839.10
117.00 856.26
117.50 875.15
118.00 718.56
118.50 703.28
119.00 878.81
119.50 844.31
120.00 849.39
120.50 790.69
121.00 854.16
121.50 828.41
122.00 879.04
122.50 838.48
123.00 838.04
123.50 856.49
124.00 814.73
124.50 826.69
125.00 859.61
125.50 732.02
126.00 778.41
126.50 740.51
127.00 702.37
127.50 712.28
128.00 795.43
128.50 712.51
129.00 775.97
129.50 694.39
130.00 746.53
130.50 752.32
131.00 764.41
131.50 752.73
132.00 695.69
132.50 759.32
133.00 763.42
133.50 748.40
134.00 748.89
134.50 747.66
135.00 685.74
135.50 701.02
136.00 744.73
136.50 723.68
137.00 754.39
137.50 701.35
138.00 701.95
138.50 686.70
139.00 777.50
139.50 751.72
140.00 712.78
140.50 714.33
141.00 788.69
141.50 799.57
142.00 748.18
142.50 768.03
143.00 789.36
143.50 739.24
144.00 717.50
144.50 740.28
145.00 710.22
145.50 766.28
146.00 731.77
146.50 764.90
147.00 715.49
147.50 731.60
148.00 877.53
148.50 784.43
149.00 780.46
149.50 724.49
150.00 765.62
150.50 713.09
151.00 733.78
151.50 701.55
152.00 748.55
152.50 722.12
153.00 684.68
153.50 736.14
154.00 752.24
154.50 751.68
155.00 693.72
155.50 703.94
156.00 711.40
156.50 723.79
157.00 704.79
157.50 754.88
158.00 766.47
158.50 694.22
159.00 744.46
159.50 811.64
160.00 746.49
160.50 725.98
161.00 773.45
161.50 759.53
162.00 702.70
162.50 10.67
163.00 505.84
163.50 740.90
164.00 731.54
164.50 746.82
165.00 686.58
165.50 721.73
166.00 738.39
166.50 676.49
167.00 814.05
167.50 673.96
168.00 733.66
168.50 689.23
169.00 689.52
169.50 758.23
170.00 721.16
170.50 713.12
171.00 730.99
171.50 753.71
172.00 656.10
172.50 782.10
173.00 755.82
173.50 777.31
174.00 649.57
174.50 717.46
175.00 739.98
175.50 741.86
176.00 742.46
176.50 762.07
177.00 720.75
177.50 704.34
178.00 755.43
178.50 740.95
179.00 691.84
179.50 813.55
180.00 753.28
180.50 686.80
181.00 737.57
181.50 691.00
182.00 693.45
182.50 783.02
183.00 705.08
183.50 700.15
184.00 764.88
184.50 754.63
185.00 747.27
185.50 774.27
186.00 768.47
186.50 738.77
187.00 774.24
187.50 775.43
188.00 711.05
188.50 717.81
189.00 785.76
189.50 773.29
190.00 759.52
190.50 755.59
191.00 728.67
191.50 666.65
192.00 747.72
192.50 741.38
193.00 693.19
193.50 732.17
194.00 749.07
194.50 723.99
195.00 775.90
195.50 729.21
196.00 780.67
196.50 680.01
197.00 728.30
197.50 668.60
198.00 780.37
198.50 704.19
199.00 724.38
199.50 730.45
200.00 863.55
200.50 840.33
201.00 703.89
201.50 777.40
202.00 7.35
202.50 13.61
203.00 0.00
203.50 0.00
204.00 0.00
204.50 233.81
205.00 464.34
205.50 430.85
206.00 712.44
206.50 772.27
207.00 719.45
207.50 695.84
208.00 687.53
208.50 757.02
209.00 741.24
209.50 734.00
210.00 731.32
210.50 735.24
211.00 796.76
211.50 836.67
212.00 863.45
212.50 869.33
213.00 855.73
213.50 840.71
214.00 844.16
214.50 851.34
215.00 857.69
215.50 832.04
216.00 694.18
216.50 848.29
217.00 828.71
217.50 852.06
218.00 750.68
218.50 594.15
219.00 393.48
219.50 715.69
220.00 706.05
220.50 688.80
221.00 778.78
221.50 497.09
222.00 305.94
222.50 398.94
223.00 708.06
223.50 530.09
224.00 139.95
224.50 134.85
225.00 743.02
225.50 717.52
226.00 763.57
226.50 738.81
227.00 751.61
227.50 813.57
228.00 769.84
228.50 762.58
229.00 817.77
229.50 681.68
230.00 778.24
230.50 696.92
231.00 845.45
231.50 749.97
232.00 836.87
232.50 716.64
233.00 816.85
233.50 703.87
234.00 690.77
234.50 685.57
235.00 844.13
235.50 798.04
236.00 727.66
236.50 712.57
237.00 684.72
237.50 671.07
238.00 724.33
238.50 718.03
239.00 731.96
239.50 682.15
240.00 816.70
240.50 896.82
241.00 711.97
241.50 698.32
242.00 729.29
242.50 765.74
243.00 671.47
243.50 787.16
244.00 173.15
244.50 791.84
245.00 693.97
245.50 749.75
246.00 739.19
246.50 713.26
247.00 710.25
247.50 672.07
248.00 682.25
248.50 761.96
249.00 759.33
249.50 489.39
250.00 714.28
250.50 674.32
251.00 635.94
251.50 244.66
252.00 717.11
252.50 694.53
253.00 828.97
253.50 843.27
254.00 674.63
254.50 701.33
255.00 729.54
255.50 793.57
256.00 818.75
256.50 719.29
257.00 735.07
257.50 707.36
258.00 721.67
258.50 349.68
259.00 703.35
259.50 693.26
260.00 296.88
260.50 780.79
261.00 854.42
261.50 697.37
262.00 730.88
262.50 724.00
263.00 707.92
263.50 708.10
264.00 730.96
264.50 788.45
265.00 718.96
265.50 770.76
266.00 851.39
266.50 815.99
267.00 851.41
267.50 852.61
268.00 839.66
268.50 844.23
269.00 848.30
269.50 863.03
270.00 888.67
270.50 845.01
271.00 839.14
271.50 857.50
272.00 816.56
272.50 819.37
273.00 799.54
273.50 843.95
274.00 721.68
274.50 849.21
275.00 793.57
275.50 719.30
276.00 610.18
276.50 829.46
277.00 866.45
277.50 667.92
278.00 828.83
278.50 644.35
279.00 827.93
279.50 714.75
280.00 840.32
280.50 841.44
281.00 358.30
281.50 476.14
282.00 217.91
282.50 753.15
283.00 774.03
283.50 65.86
284.00 555.00
284.50 734.20
285.00 775.54
285.50 743.54
286.00 756.31
286.50 720.30
287.00 736.75
287.50 692.19
288.00 765.34
288.50 269.60
289.00 706.87
289.50 717.72
290.00 691.31
290.50 691.49
291.00 860.96
291.50 711.11
292.00 800.65
292.50 887.70
293.00 815.71
293.50 838.24
294.00 884.69
294.50 718.23
295.00 719.65
295.50 724.97
296.00 676.12
296.50 697.41
297.00 790.88
297.50 738.60
298.00 735.43
298.50 801.87
299.00 805.00
299.50 689.90
