0.00 687.19
0.50 729.05
1.00 783.21
1.50 696.58
2.00 772.16
2.50 752.33
3.00 715.82
3.50 722.19
4.00 770.11
4.50 760.72
5.00 801.33
5.50 729.88
6.00 216.99
6.50 287.39
7.00 346.37
7.50 20.67
8.00 0.00
8.50 2.72
9.00 579.28
9.50 332.95
10.00 685.41
10.50 710.32
11.00 764.54
11.50 756.96
12.00 699.84
12.50 728.04
13.00 501.43
13.50 610.88
14.00 681.23
14.50 781.39
15.00 717.41
15.50 719.36
16.00 722.26
16.50 797.68
17.00 862.73
17.50 789.59
18.00 740.42
18.50 765.62
19.00 765.10
19.50 523.77
20.00 0.00
20.50 16.08
21.00 2.75
21.50 5.65
22.00 0.00
22.50 12.59
23.00 19.31
23.50 0.00
24.00 434.09
24.50 2.74
25.00 11.09
25.50 752.89
26.00 716.19
26.50 763.68
27.00 727.02
27.50 731.49
28.00 765.46
28.50 760.54
29.00 745.15
29.50 768.91
30.00 491.66
30.50 0.78
31.00 17.43
31.50 722.30
32.00 285.45
32.50 7.16
33.00 8.57
33.50 1.18
34.00 13.56
34.50 100.36
35.00 829.42
35.50 0.00
36.00 718.36
36.50 682.26
37.00 279.95
37.50 226.98
38.00 708.43
38.50 225.13
39.00 481.75
39.50 10.24
40.00 0.00
40.50 780.82
41.00 700.40
41.50 736.81
42.00 810.32
42.50 828.62
43.00 711.50
43.50 728.91
44.00 849.82
44.50 724.37
45.00 785.98
45.50 832.55
46.00 667.60
46.50 775.94
47.00 715.76
47.50 703.16
48.00 717.62
48.50 696.97
49.00 726.81
49.50 753.09
50.00 776.68
50.50 725.78
51.00 732.84
51.50 714.93
52.00 713.13
52.50 747.35
53.00 751.60
53.50 776.33
54.00 747.17
54.50 731.11
55.00 749.92
55.50 763.08
56.00 712.31
56.50 792.65
57.00 768.00
57.50 745.42
58.00 743.33
58.50 733.23
59.00 738.64
59.50 746.35
60.00 680.42
60.50 733.47
61.00 745.36
61.50 740.67
62.00 707.02
62.50 660.20
63.00 760.36
63.50 738.07
64.00 682.12
64.50 796.90
65.00 775.96
65.50 473.12
66.00 728.63
66.50 830.39
67.00 794.04
67.50 751.59
68.00 748.42
68.50 764.23
69.00 685.27
69.50 819.23
70.00 718.33
70.50 734.67
71.00 737.82
71.50 727.46
72.00 778.11
72.50 747.56
73.00 715.92
73.50 733.91
74.00 699.81
74.50 738.36
75.00 731.16
75.50 736.67
76.00 729.59
76.50 821.17
77.00 770.73
77.50 690.14
78.00 891.86
78.50 818.32
79.00 655.78
79.50 737.72
80.00 698.57
80.50 714.41
81.00 710.79
81.50 695.92
82.00 722.30
82.50 706.05
83.00 730.00
83.50 821.52
84.00 783.64
84.50 716.84
85.00 778.75
85.50 736.95
86.00 783.98
86.50 804.98
87.00 686.12
87.50 683.27
88.00 862.39
88.50 866.43
89.00 834.29
89.50 842.68
90.00 879.73
90.50 860.17
91.00 870.51
91.50 809.83
92.00 283.76
92.50 0.00
93.00 16.03
93.50 145.64
94.00 269.49
94.50 28.78
95.00 0.00
95.50 8.35
96.00 0.00
96.50 16.25
97.00 775.59
97.50 782.75
98.00 690.91
98.50 672.33
99.00 691.74
99.50 705.92
100.00 570.31
100.50 724.88
101.00 765.94
101.50 792.32
102.00 682.01
102.50 699.59
103.00 702.19
103.50 471.87
104.00 713.75
104.50 717.54
105.00 682.66
105.50 679.69
106.00 710.58
106.50 731.79
107.00 752.14
107.50 781.47
108.00 706.85
108.50 712.83
109.00 776.90
109.50 409.54
110.00 723.39
110.50 677.49
111.00 718.63
111.50 706.67
112.00 747.79
112.50 721.69
113.00 698.99
113.50 675.86
114.00 771.89
114.50 805.96
115.00 900.00
115.50 689.06
116.00 778.04
116.50 691.15
117.00 679.30
117.50 830.38
118.00 843.46
118.50 678.29
119.00 684.99
119.50 674.77
120.00 728.27
120.50 732.16
121.00 734.26
121.50 704.07
122.00 689.36
122.50 704.86
123.00 733.86
123.50 734.07
124.00 689.18
124.50 727.95
125.00 812.81
125.50 820.57
126.00 777.70
126.50 383.41
127.00 818.93
127.50 713.16
128.00 392.36
128.50 713.23
129.00 827.37
129.50 868.97
130.00 880.33
130.50 854.59
131.00 855.66
131.50 735.23
132.00 740.23
132.50 735.90
133.00 761.61
133.50 724.33
134.00 803.32
134.50 706.71
135.00 824.75
135.50 731.42
136.00 696.06
136.50 742.25
137.00 791.37
137.50 733.99
138.00 774.67
138.50 664.77
139.00 737.43
139.50 465.23
140.00 712.16
140.50 704.76
141.00 748.87
141.50 779.27
142.00 709.25
142.50 707.55
143.00 751.02
143.50 719.04
144.00 782.19
144.50 758.57
145.00 734.21
145.50 714.04
146.00 760.45
146.50 718.03
147.00 721.33
147.50 747.83
148.00 724.53
148.50 747.12
149.00 709.82
149.50 762.89
150.00 768.43
150.50 763.24
151.00 698.91
151.50 776.85
152.00 741.72
152.50 708.12
153.00 700.85
153.50 769.70
154.00 717.66
154.50 701.51
155.00 721.75
155.50 727.25
156.00 725.62
156.50 761.47
157.00 758.06
157.50 772.04
158.00 759.15
158.50 789.62
159.00 695.48
159.50 760.20
160.00 709.88
160.50 756.14
161.00 748.96
161.50 691.22
162.00 723.42
162.50 791.31
163.00 720.20
163.50 749.30
164.00 723.93
164.50 697.08
165.00 738.34
165.50 674.14
166.00 708.45
166.50 712.81
167.00 727.38
167.50 714.23
168.00 811.46
168.50 690.54
169.00 756.25
169.50 755.01
170.00 738.23
170.50 733.11
171.00 681.26
171.50 717.22
172.00 742.37
172.50 741.56
173.00 698.05
173.50 681.83
174.00 679.94
174.50 687.40
175.00 752.86
175.50 731.90
176.00 713.23
176.50 742.64
177.00 704.93
177.50 779.63
178.00 738.24
178.50 725.48
179.00 764.89
179.50 730.63
180.00 713.00
180.50 715.81
181.00 743.62
181.50 701.34
182.00 674.83
182.50 699.74
183.00 895.59
183.50 800.44
184.00 716.38
184.50 576.51
185.00 0.00
185.50 508.46
186.00 252.16
186.50 731.40
187.00 774.90
187.50 775.53
188.00 664.09
188.50 673.92
189.00 732.54
189.50 745.04
190.00 699.09
190.50 776.33
191.00 768.04
191.50 711.49
192.00 764.25
192.50 716.32
193.00 191.36
193.50 348.85
194.00 854.81
194.50 701.54
195.00 846.03
195.50 744.09
196.00 742.72
196.50 740.83
197.00 720.65
197.50 685.45
198.00 737.72
198.50 756.86
199.00 694.45
199.50 732.36
200.00 763.56
200.50 746.79
201.00 726.44
201.50 736.11
202.00 712.39
202.50 745.43
203.00 720.64
203.50 731.76
204.00 450.40
204.50 294.12
205.00 743.77
205.50 727.64
206.00 725.98
206.50 704.53
207.00 720.02
207.50 658.50
208.00 723.89
208.50 754.02
209.00 682.39
209.50 732.43
210.00 788.73
210.50 288.30
211.00 345.67
211.50 805.67
212.00 745.58
212.50 771.68
213.00 698.70
213.50 702.86
214.00 704.67
214.50 786.28
215.00 847.06
215.50 778.19
216.00 725.17
216.50 677.27
217.00 707.31
217.50 703.87
218.00 694.87
218.50 823.48
219.00 732.91
219.50 745.92
220.00 845.84
220.50 774.66
221.00 823.07
221.50 753.65
222.00 705.48
222.50 708.12
223.00 780.00
223.50 692.73
224.00 679.92
224.50 690.18
225.00 712.25
225.50 786.62
226.00 708.56
226.50 749.75
227.00 212.12
227.50 662.73
228.00 749.05
228.50 706.55
229.00 794.85
229.50 652.19
230.00 733.14
230.50 695.16
231.00 731.85
231.50 717.58
232.00 755.45
232.50 671.01
233.00 795.74
233.50 776.28
234.00 739.80
234.50 854.96
235.00 867.91
235.50 816.06
236.00 574.15
236.50 442.39
237.00 278.07
237.50 696.16
238.00 701.87
238.50 689.44
239.00 690.78
239.50 536.14
240.00 575.89
240.50 254.85
241.00 33.94
241.50 597.40
242.00 428.41
242.50 147.71
243.00 477.91
243.50 316.36
244.00 415.56
244.50 487.42
245.00 547.92
245.50 422.69
246.00 487.96
246.50 694.31
247.00 766.02
247.50 695.05
248.00 684.69
248.50 409.29
249.00 753.65
249.50 728.63
250.00 740.27
250.50 670.37
251.00 609.62
251.50 0.00
252.00 0.93
252.50 19.07
253.00 0.00
253.50 771.01
254.00 704.49
254.50 745.32
255.00 719.73
255.50 790.15
256.00 717.57
256.50 737.64
257.00 747.24
257.50 740.58
258.00 725.06
258.50 766.62
259.00 760.17
259.50 699.00
260.00 773.18
260.50 759.69
261.00 708.34
261.50 779.54
262.00 652.76
262.50 797.91
263.00 710.97
263.50 841.26
264.00 833.85
264.50 722.98
265.00 702.86
265.50 717.23
266.00 719.00
266.50 771.01
267.00 770.47
267.50 740.69
268.00 722.20
268.50 745.58
269.00 751.98
269.50 726.21
270.00 705.31
270.50 709.51
271.00 715.89
271.50 423.11
272.00 366.68
272.50 724.76
273.00 900.00
273.50 225.35
274.00 762.68
274.50 702.83
275.00 698.15
275.50 862.80
276.00 864.99
276.50 724.75
277.00 690.59
277.50 724.12
278.00 702.93
278.50 684.13
279.00 663.41
279.50 713.74
280.00 718.25
280.50 790.71
281.00 687.13
281.50 809.66
282.00 775.06
282.50 715.72
283.00 739.54
283.50 798.56
284.00 843.65
284.50 751.97
285.00 732.12
285.50 848.02
286.00 808.45
286.50 900.00
287.00 854.03
287.50 788.52
288.00 706.96
288.50 694.25
289.00 655.91
289.50 617.57
290.00 568.65
290.50 705.77
291.00 405.70
291.50 743.61
292.00 797.27
292.50 816.66
293.00 723.54
293.50 710.80
294.00 756.25
294.50 751.07
295.00 712.48
295.50 752.06
296.00 750.77
296.50 667.90
297.00 742.90
297.50 764.74
298.00 733.65
298.50 745.52
299.00 705.05
299.50 744.77
