0.00 714.58
0.50 728.81
1.00 747.34
1.50 703.13
2.00 701.96
2.50 724.10
3.00 766.40
3.50 755.35
4.00 770.72
4.50 679.69
5.00 777.43
5.50 701.03
6.00 708.68
6.50 714.78
7.00 774.13
7.50 721.50
8.00 727.58
8.50 793.00
9.00 827.94
9.50 688.97
10.00 683.10
10.50 771.01
11.00 773.64
11.50 723.62
12.00 759.88
12.50 698.45
13.00 712.51
13.50 726.02
14.00 757.99
14.50 719.84
15.00 767.57
15.50 779.52
16.00 772.67
16.50 775.87
17.00 846.11
17.50 846.46
18.00 828.04
18.50 763.46
19.00 697.26
19.50 778.58
20.00 714.11
20.50 747.01
21.00 788.42
21.50 749.42
22.00 768.27
22.50 822.69
23.00 746.80
23.50 728.52
24.00 839.11
24.50 841.30
25.00 772.12
25.50 702.86
26.00 723.10
26.50 840.71
27.00 740.22
27.50 734.32
28.00 812.14
28.50 709.19
29.00 757.99
29.50 745.17
30.00 767.31
30.50 812.45
31.00 861.37
31.50 816.66
32.00 853.99
32.50 834.76
33.00 843.33
33.50 681.37
34.00 699.20
34.50 276.70
35.00 8.17
35.50 428.82
36.00 495.49
36.50 731.38
37.00 678.18
37.50 749.22
38.00 829.66
38.50 859.41
39.00 858.25
39.50 816.67
40.00 850.46
40.50 851.39
41.00 863.06
41.50 861.68
42.00 824.78
42.50 848.97
43.00 671.37
43.50 603.47
44.00 733.25
44.50 723.54
45.00 694.64
45.50 741.51
46.00 756.08
46.50 763.64
47.00 748.69
47.50 710.00
48.00 738.32
48.50 677.84
49.00 737.94
49.50 812.98
50.00 670.49
50.50 821.94
51.00 652.64
51.50 664.62
52.00 715.13
52.50 706.36
53.00 757.17
53.50 835.15
54.00 707.43
54.50 795.50
55.00 896.62
55.50 885.89
56.00 682.99
56.50 626.25
57.00 697.10
57.50 811.45
58.00 774.32
58.50 674.41
59.00 719.25
59.50 531.40
60.00 681.23
60.50 0.00
61.00 90.19
61.50 733.93
62.00 710.62
62.50 812.04
63.00 660.42
63.50 743.05
64.00 741.70
64.50 712.53
65.00 747.25
65.50 732.77
66.00 715.32
66.50 743.29
67.00 763.35
67.50 767.32
68.00 759.48
68.50 730.74
69.00 745.29
69.50 725.99
70.00 692.99
70.50 690.84
71.00 799.27
71.50 738.20
72.00 703.46
72.50 726.88
73.00 755.54
73.50 778.82
74.00 699.49
74.50 767.27
75.00 747.87
75.50 814.93
76.00 818.24
76.50 717.34
77.00 736.61
77.50 748.74
78.00 687.35
78.50 765.30
79.00 712.62
79.50 724.78
80.00 724.45
80.50 732.58
81.00 752.80
81.50 715.32
82.00 713.14
82.50 782.85
83.00 732.92
83.50 804.09
84.00 755.55
84.50 793.27
85.00 797.78
85.50 764.68
86.00 773.08
86.50 845.96
87.00 709.92
87.50 701.86
88.00 688.98
88.50 702.23
89.00 698.39
89.50 720.40
90.00 713.27
90.50 772.06
91.00 744.83
91.50 742.99
92.00 769.14
92.50 690.19
93.00 741.69
93.50 704.04
94.00 697.56
94.50 737.41
95.00 726.03
95.50 741.36
96.00 727.29
96.50 735.60
97.00 690.94
97.50 726.06
98.00 717.14
98.50 742.83
99.00 747.90
99.50 735.94
100.00 739.82
100.50 781.19
101.00 752.83
101.50 720.51
102.00 557.32
102.50 670.49
103.00 897.13
103.50 756.35
104.00 676.86
104.50 832.81
105.00 807.92
105.50 687.19
106.00 889.53
106.50 878.45
107.00 759.56
107.50 900.00
108.00 854.04
108.50 722.98
109.00 846.40
109.50 839.61
110.00 744.71
110.50 848.34
111.00 684.05
111.50 8.45
112.00 24.05
112.50 217.98
113.00 518.23
113.50 763.45
114.00 754.04
114.50 637.60
115.00 224.07
115.50 9.18
116.00 0.08
116.50 2.85
117.00 677.37
117.50 8.04
118.00 582.17
118.50 116.32
119.00 683.11
119.50 708.70
120.00 763.60
120.50 729.69
121.00 768.65
121.50 286.99
122.00 5.02
122.50 0.00
123.00 57.27
123.50 420.39
124.00 750.94
124.50 806.43
125.00 826.93
125.50 858.94
126.00 844.10
126.50 852.85
127.00 349.71
127.50 727.91
128.00 725.18
128.50 729.03
129.00 712.14
129.50 729.03
130.00 733.88
130.50 738.74
131.00 650.87
131.50 745.45
132.00 708.97
132.50 715.89
133.00 742.37
133.50 736.96
134.00 734.59
134.50 766.32
135.00 865.18
135.50 802.71
136.00 726.44
136.50 698.30
137.00 791.06
137.50 724.70
138.00 729.14
138.50 719.43
139.00 710.20
139.50 779.65
140.00 687.65
140.50 740.99
141.00 706.66
141.50 855.65
142.00 726.25
142.50 678.77
143.00 777.93
143.50 717.34
144.00 726.64
144.50 714.78
145.00 800.70
145.50 704.25
146.00 766.92
146.50 713.78
147.00 156.20
147.50 0.00
148.00 24.67
148.50 9.60
149.00 15.22
149.50 16.38
150.00 299.82
150.50 474.89
151.00 649.59
151.50 694.19
152.00 673.21
152.50 855.21
153.00 852.47
153.50 873.38
154.00 838.30
154.50 849.93
155.00 792.13
155.50 725.74
156.00 856.91
156.50 594.45
157.00 330.71
157.50 764.88
158.00 819.44
158.50 748.79
159.00 789.26
159.50 712.71
160.00 660.64
160.50 692.79
161.00 654.18
161.50 699.10
162.00 789.42
162.50 873.04
163.00 414.88
163.50 765.46
164.00 789.55
164.50 0.00
165.00 321.68
165.50 486.60
166.00 363.79
166.50 702.06
167.00 891.71
167.50 71.54
168.00 477.52
168.50 794.05
169.00 859.00
169.50 778.51
170.00 769.31
170.50 752.83
171.00 687.78
171.50 702.11
172.00 732.96
172.50 720.72
173.00 776.18
173.50 703.31
174.00 706.12
174.50 742.22
175.00 727.89
175.50 736.36
176.00 789.22
176.50 764.60
177.00 850.57
177.50 705.10
178.00 717.90
178.50 748.72
179.00 746.70
179.50 695.34
180.00 763.20
180.50 737.48
181.00 765.17
181.50 762.92
182.00 729.97
182.50 705.14
183.00 718.35
183.50 724.39
184.00 777.82
184.50 726.42
185.00 704.51
185.50 718.62
186.00 739.56
186.50 792.71
187.00 716.37
187.50 769.85
188.00 756.50
188.50 729.07
189.00 775.85
189.50 741.77
190.00 294.92
190.50 659.79
191.00 174.58
191.50 741.11
192.00 716.16
192.50 715.39
193.00 767.12
193.50 792.82
194.00 720.79
194.50 753.08
195.00 691.40
195.50 750.99
196.00 724.42
196.50 121.66
197.00 358.19
197.50 283.80
198.00 291.63
198.50 175.40
199.00 504.76
199.50 334.44
200.00 0.00
200.50 204.29
201.00 553.75
201.50 236.54
202.00 540.58
202.50 693.28
203.00 708.16
203.50 695.27
204.00 900.00
204.50 719.25
205.00 694.05
205.50 695.62
206.00 702.23
206.50 721.05
207.00 894.80
207.50 539.33
208.00 765.74
208.50 797.65
209.00 837.01
209.50 789.58
210.00 900.00
210.50 681.30
211.00 787.24
211.50 807.65
212.00 712.28
212.50 728.06
213.00 714.28
213.50 747.29
214.00 763.79
214.50 755.50
215.00 840.67
215.50 782.58
216.00 674.13
216.50 237.44
217.00 698.54
217.50 711.27
218.00 713.65
218.50 791.04
219.00 900.00
219.50 706.58
220.00 741.80
220.50 718.22
221.00 693.42
221.50 732.22
222.00 700.23
222.50 786.44
223.00 715.78
223.50 708.98
224.00 702.31
224.50 732.18
225.00 705.95
225.50 770.52
226.00 757.91
226.50 721.36
227.00 679.99
227.50 751.25
228.00 754.29
228.50 695.52
229.00 786.75
229.50 731.87
230.00 702.67
230.50 725.70
231.00 858.96
231.50 743.24
232.00 716.27
232.50 778.54
233.00 775.98
233.50 98.91
234.00 4.95
234.50 146.22
235.00 720.86
235.50 5.20
236.00 309.57
236.50 761.47
237.00 744.23
237.50 740.61
238.00 534.94
238.50 770.83
239.00 716.40
239.50 227.20
240.00 730.31
240.50 824.97
241.00 810.48
241.50 705.63
242.00 697.32
242.50 695.59
243.00 758.29
243.50 559.44
244.00 713.39
244.50 878.86
245.00 691.30
245.50 699.13
246.00 900.00
246.50 758.49
247.00 721.29
247.50 681.30
248.00 763.71
248.50 751.99
249.00 695.62
249.50 674.80
250.00 718.70
250.50 513.07
251.00 465.38
251.50 713.57
252.00 792.79
252.50 816.36
253.00 716.40
253.50 706.03
254.00 714.95
254.50 796.13
255.00 750.36
255.50 718.22
256.00 792.14
256.50 701.30
257.00 611.50
257.50 656.37
258.00 780.92
258.50 668.79
259.00 836.11
259.50 737.11
260.00 732.53
260.50 674.66
261.00 733.75
261.50 838.19
262.00 815.48
262.50 795.80
263.00 688.73
263.50 807.07
264.00 900.00
264.50 662.50
265.00 709.80
265.50 823.07
266.00 710.59
266.50 729.83
267.00 720.14
267.50 696.36
268.00 701.17
268.50 793.41
269.00 807.63
269.50 676.99
270.00 723.39
270.50 739.66
271.00 710.95
271.50 716.06
272.00 724.65
272.50 698.92
273.00 665.02
273.50 845.37
274.00 801.59
274.50 666.04
275.00 734.04
275.50 714.37
276.00 686.10
276.50 699.33
277.00 809.85
277.50 677.19
278.00 712.80
278.50 712.36
279.00 700.96
279.50 733.05
280.00 696.33
280.50 628.33
281.00 686.17
281.50 306.10
282.00 607.66
282.50 733.58
283.00 720.33
283.50 826.28
284.00 710.57
284.50 707.51
285.00 715.21
285.50 3.43
286.00 20.89
286.50 17.37
287.00 500.78
287.50 383.91
288.00 89.37
288.50 75.16
289.00 315.45
289.50 2.87
290.00 745.01
290.50 745.28
291.00 744.64
291.50 752.82
292.00 716.15
292.50 825.39
293.00 763.75
293.50 775.90
294.00 709.71
294.50 706.39
295.00 715.58
295.50 797.48
296.00 710.52
296.50 713.52
297.00 732.05
297.50 739.41
298.00 735.18
298.50 778.07
299.00 711.17
299.50 709.49
