0.00 726.84
0.50 716.45
1.00 696.99
1.50 782.04
2.00 783.67
2.50 664.88
3.00 735.23
3.50 683.86
4.00 753.65
4.50 777.92
5.00 764.03
5.50 739.87
6.00 705.35
6.50 749.34
7.00 721.33
7.50 756.53
8.00 727.59
8.50 768.09
9.00 734.06
9.50 756.03
10.00 724.51
10.50 669.32
11.00 680.56
11.50 742.26
12.00 716.65
12.50 762.03
13.00 744.93
13.50 737.38
14.00 735.43
14.50 719.78
15.00 672.76
15.50 740.47
16.00 767.08
16.50 769.65
17.00 759.45
17.50 719.37
18.00 694.19
18.50 697.64
19.00 774.96
19.50 436.21
20.00 665.62
20.50 797.05
21.00 726.03
21.50 712.25
22.00 778.93
22.50 788.35
23.00 862.82
23.50 827.36
24.00 692.86
24.50 710.63
25.00 714.81
25.50 701.01
26.00 747.13
26.50 782.16
27.00 761.13
27.50 699.39
28.00 698.80
28.50 755.66
29.00 773.62
29.50 367.19
30.00 894.61
30.50 673.25
31.00 694.84
31.50 688.01
32.00 749.37
32.50 703.85
33.00 854.33
33.50 782.92
34.00 702.17
34.50 723.55
35.00 761.03
35.50 697.30
36.00 749.82
36.50 694.28
37.00 746.25
37.50 765.33
38.00 751.62
38.50 750.97
39.00 735.75
39.50 733.70
40.00 706.59
40.50 716.04
41.00 736.72
41.50 794.91
42.00 742.75
42.50 772.67
43.00 759.42
43.50 778.88
44.00 732.41
44.50 708.06
45.00 740.57
45.50 707.12
46.00 735.61
46.50 722.20
47.00 702.04
47.50 750.93
48.00 704.06
48.50 714.81
49.00 754.21
49.50 725.03
50.00 748.33
50.50 777.76
51.00 754.99
51.50 755.58
52.00 706.24
52.50 720.17
53.00 690.30
53.50 714.15
54.00 733.65
54.50 729.18
55.00 744.86
55.50 810.35
56.00 738.15
56.50 731.58
57.00 722.32
57.50 775.12
58.00 733.27
58.50 741.54
59.00 786.25
59.50 706.48
60.00 783.71
60.50 548.99
61.00 773.71
61.50 851.12
62.00 731.05
62.50 730.99
63.00 752.04
63.50 683.79
64.00 839.58
64.50 708.12
65.00 794.78
65.50 828.39
66.00 783.55
66.50 736.37
67.00 817.73
67.50 0.00
68.00 296.07
68.50 7.02
69.00 8.69
69.50 337.14
70.00 290.96
70.50 710.40
71.00 713.92
71.50 728.64
72.00 714.86
72.50 696.01
73.00 704.05
73.50 775.40
74.00 762.07
74.50 743.12
75.00 671.36
75.50 681.59
76.00 800.42
76.50 712.28
77.00 700.05
77.50 721.17
78.00 736.41
78.50 741.58
79.00 792.59
79.50 754.85
80.00 704.22
80.50 745.18
81.00 756.39
81.50 724.65
82.00 743.18
82.50 790.34
83.00 730.12
83.50 859.68
84.00 859.46
84.50 702.18
85.00 721.48
85.50 719.19
86.00 756.94
86.50 724.16
87.00 737.12
87.50 739.52
88.00 737.44
88.50 758.32
89.00 697.86
89.50 711.36
90.00 721.00
90.50 745.16
91.00 819.88
91.50 392.31
92.00 13.79
92.50 518.19
93.00 255.09
93.50 713.96
94.00 749.64
94.50 820.24
95.00 809.85
95.50 701.73
96.00 694.15
96.50 703.13
97.00 696.29
97.50 698.52
98.00 746.90
98.50 717.91
99.00 753.54
99.50 697.27
100.00 792.10
100.50 693.37
101.00 805.32
101.50 712.71
102.00 474.36
102.50 724.26
103.00 733.71
103.50 727.27
104.00 753.36
104.50 741.50
105.00 722.82
105.50 728.09
106.00 739.28
106.50 734.57
107.00 769.56
107.50 765.12
108.00 853.46
108.50 835.00
109.00 833.00
109.50 679.02
110.00 705.90
110.50 681.68
111.00 654.78
111.50 761.35
112.00 732.29
112.50 301.22
113.00 298.69
113.50 487.66
114.00 819.04
114.50 809.24
115.00 833.88
115.50 832.78
116.00 697.90
116.50 834.22
117.00 813.66
117.50 817.70
118.00 827.24
118.50 848.74
119.00 735.17
119.50 446.19
120.00 743.09
120.50 834.98
121.00 872.36
121.50 700.62
122.00 853.13
122.50 861.73
123.00 778.37
123.50 684.58
124.00 707.54
124.50 687.02
125.00 810.29
125.50 744.99
126.00 434.26
126.50 728.52
127.00 751.49
127.50 732.06
128.00 768.27
128.50 730.75
129.00 752.26
129.50 736.40
130.00 859.80
130.50 295.72
131.00 715.69
131.50 736.45
132.00 737.66
132.50 715.33
133.00 693.21
133.50 730.48
134.00 661.56
134.50 727.00
135.00 726.45
135.50 726.16
136.00 725.72
136.50 694.45
137.00 729.12
137.50 738.98
138.00 752.24
138.50 733.86
139.00 799.62
139.50 761.53
140.00 715.57
140.50 694.83
141.00 661.70
141.50 715.00
142.00 708.33
142.50 819.81
143.00 773.21
143.50 712.27
144.00 706.24
144.50 675.53
145.00 727.47
145.50 844.44
146.00 643.87
146.50 708.01
147.00 687.40
147.50 782.06
148.00 725.74
148.50 758.43
149.00 684.67
149.50 707.09
150.00 736.24
150.50 659.95
151.00 752.55
151.50 454.19
152.00 11.02
152.50 591.30
153.00 714.70
153.50 698.18
154.00 697.40
154.50 808.85
155.00 730.94
155.50 685.95
156.00 697.04
156.50 834.04
157.00 900.00
157.50 704.93
158.00 707.13
158.50 738.38
159.00 738.77
159.50 771.65
160.00 696.69
160.50 743.48
161.00 702.36
161.50 791.74
162.00 734.52
162.50 759.42
163.00 749.46
163.50 721.12
164.00 770.99
164.50 709.81
165.00 707.66
165.50 739.24
166.00 740.78
166.50 822.40
167.00 892.73
167.50 836.03
168.00 842.84
168.50 832.16
169.00 705.19
169.50 841.36
170.00 829.24
170.50 708.87
171.00 716.85
171.50 676.30
172.00 689.31
172.50 800.27
173.00 776.01
173.50 730.10
174.00 734.20
174.50 858.37
175.00 850.33
175.50 867.35
176.00 842.10
176.50 846.60
177.00 698.96
177.50 742.50
178.00 267.99
178.50 707.39
179.00 688.30
179.50 686.85
180.00 728.43
180.50 695.46
181.00 720.50
181.50 644.42
182.00 810.59
182.50 789.67
183.00 698.68
183.50 722.38
184.00 748.00
184.50 715.15
185.00 752.06
185.50 729.21
186.00 723.24
186.50 748.42
187.00 734.24
187.50 727.92
188.00 723.66
188.50 716.39
189.00 817.90
189.50 756.22
190.00 739.60
190.50 699.31
191.00 721.83
191.50 695.07
192.00 779.32
192.50 741.64
193.00 752.54
193.50 724.08
194.00 694.27
194.50 702.49
195.00 837.56
195.50 700.65
196.00 709.25
196.50 835.01
197.00 555.13
197.50 642.38
198.00 703.52
198.50 716.42
199.00 715.34
199.50 674.99
200.00 717.08
200.50 804.84
201.00 769.08
201.50 267.44
202.00 758.80
202.50 779.96
203.00 732.51
203.50 698.94
204.00 850.09
204.50 693.85
205.00 765.83
205.50 753.55
206.00 680.77
206.50 801.88
207.00 719.38
207.50 732.33
208.00 695.79
208.50 699.53
209.00 858.18
209.50 270.73
210.00 694.14
210.50 697.12
211.00 766.49
211.50 744.39
212.00 786.35
212.50 683.18
213.00 757.65
213.50 716.83
214.00 715.71
214.50 830.42
215.00 109.70
215.50 644.95
216.00 778.65
216.50 761.49
217.00 718.36
217.50 741.88
218.00 781.67
218.50 697.26
219.00 705.18
219.50 733.78
220.00 681.52
220.50 721.41
221.00 745.40
221.50 721.32
222.00 711.60
222.50 713.76
223.00 742.47
223.50 729.64
224.00 755.40
224.50 767.91
225.00 684.12
225.50 693.33
226.00 680.15
226.50 690.59
227.00 730.82
227.50 685.82
228.00 669.40
228.50 723.53
229.00 744.87
229.50 732.27
230.00 753.96
230.50 756.21
231.00 879.36
231.50 303.63
232.00 663.48
232.50 746.16
233.00 655.58
233.50 886.24
234.00 745.64
234.50 732.75
235.00 820.34
235.50 702.93
236.00 835.42
236.50 746.32
237.00 684.90
237.50 762.28
238.00 738.16
238.50 746.17
239.00 656.21
239.50 786.25
240.00 707.87
240.50 769.38
241.00 879.70
241.50 828.12
242.00 761.48
242.50 410.80
243.00 7.76
243.50 1.06
244.00 15.97
244.50 0.00
245.00 1.20
245.50 0.00
246.00 4.94
246.50 52.60
247.00 12.50
247.50 19.92
248.00 11.55
248.50 17.65
249.00 2.40
249.50 15.29
250.00 0.89
250.50 3.38
251.00 2.68
251.50 14.57
252.00 20.86
252.50 26.80
253.00 491.62
253.50 757.04
254.00 766.56
254.50 686.25
255.00 821.69
255.50 828.26
256.00 845.97
256.50 796.25
257.00 781.80
257.50 700.54
258.00 900.00
258.50 675.59
259.00 765.50
259.50 702.42
260.00 753.32
260.50 724.16
261.00 703.37
261.50 685.85
262.00 732.37
262.50 733.79
263.00 896.76
263.50 813.04
264.00 833.56
264.50 701.82
265.00 675.94
265.50 793.48
266.00 734.09
266.50 682.51
267.00 746.96
267.50 733.43
268.00 639.26
268.50 798.59
269.00 718.53
269.50 656.41
270.00 820.99
270.50 730.05
271.00 727.10
271.50 869.32
272.00 810.07
272.50 654.33
273.00 751.55
273.50 722.11
274.00 780.51
274.50 596.74
275.00 0.00
275.50 26.79
276.00 686.32
276.50 759.57
277.00 853.45
277.50 775.32
278.00 705.10
278.50 693.54
279.00 728.39
279.50 710.34
280.00 476.17
280.50 253.89
281.00 0.00
281.50 758.30
282.00 552.31
282.50 739.67
283.00 695.75
283.50 736.62
284.00 717.41
284.50 748.50
285.00 722.67
285.50 753.40
286.00 706.43
286.50 721.52
287.00 798.19
287.50 737.98
288.00 678.20
288.50 687.47
289.00 677.38
289.50 735.70
290.00 738.17
290.50 810.74
291.00 692.67
291.50 884.86
292.00 735.45
292.50 728.47
293.00 683.33
293.50 763.13
294.00 716.82
294.50 689.73
295.00 740.43
295.50 671.42
296.00 728.24
296.50 637.20
297.00 712.06
297.50 705.25
298.00 892.16
298.50 834.69
299.00 721.66
299.50 706.70
