0.00 760.86
0.50 767.48
1.00 749.21
1.50 704.43
2.00 754.08
2.50 787.22
3.00 739.99
3.50 689.02
4.00 744.64
4.50 700.73
5.00 677.41
5.50 705.45
6.00 693.91
6.50 704.00
7.00 700.47
7.50 773.26
8.00 711.21
8.50 753.27
9.00 703.47
9.50 677.00
10.00 729.45
10.50 743.58
11.00 856.61
11.50 812.57
12.00 286.60
12.50 487.05
13.00 676.50
13.50 643.03
14.00 141.53
14.50 617.49
15.00 729.64
15.50 739.52
16.00 797.45
16.50 808.30
17.00 736.71
17.50 700.76
18.00 703.74
18.50 724.09
19.00 750.68
19.50 775.63
20.00 701.45
20.50 808.16
21.00 785.90
21.50 720.41
22.00 826.20
22.50 686.87
23.00 734.74
23.50 728.09
24.00 736.77
24.50 739.48
25.00 754.75
25.50 772.23
26.00 727.46
26.50 778.22
27.00 766.06
27.50 738.24
28.00 743.07
28.50 725.54
29.00 709.48
29.50 718.32
30.00 737.92
30.50 747.25
31.00 723.55
31.50 699.21
32.00 744.52
32.50 791.49
33.00 774.08
33.50 174.76
34.00 647.94
34.50 381.00
35.00 488.85
35.50 689.10
36.00 465.61
36.50 737.47
37.00 827.66
37.50 527.87
38.00 700.20
38.50 838.65
39.00 853.26
39.50 773.65
40.00 666.62
40.50 681.11
41.00 761.97
41.50 730.11
42.00 698.99
42.50 775.03
43.00 705.63
43.50 747.64
44.00 775.35
44.50 721.54
45.00 772.54
45.50 691.23
46.00 824.40
46.50 778.21
47.00 771.54
47.50 693.37
48.00 765.00
48.50 738.19
49.00 754.32
49.50 805.55
50.00 900.00
50.50 850.01
51.00 787.32
51.50 852.10
52.00 793.17
52.50 247.04
53.00 718.52
53.50 695.76
54.00 723.30
54.50 724.49
55.00 803.90
55.50 685.15
56.00 733.40
56.50 742.42
57.00 743.95
57.50 714.39
58.00 759.00
58.50 754.40
59.00 704.07
59.50 710.24
60.00 702.52
60.50 663.97
61.00 728.20
61.50 794.92
62.00 764.02
62.50 780.05
63.00 728.63
63.50 729.54
64.00 772.52
64.50 708.38
65.00 767.24
65.50 702.52
66.00 752.81
66.50 704.32
67.00 772.41
67.50 729.73
68.00 675.43
68.50 770.90
69.00 680.51
69.50 724.18
70.00 733.87
70.50 695.55
71.00 783.57
71.50 778.47
72.00 763.26
72.50 703.19
73.00 737.81
73.50 616.33
74.00 739.84
74.50 647.11
75.00 772.37
75.50 894.21
76.00 723.95
76.50 699.28
77.00 775.98
77.50 763.84
78.00 705.63
78.50 849.61
79.00 827.08
79.50 780.78
80.00 701.46
80.50 687.94
81.00 711.77
81.50 717.75
82.00 710.52
82.50 746.08
83.00 714.12
83.50 727.95
84.00 668.22
84.50 717.12
85.00 748.09
85.50 717.83
86.00 736.94
86.50 829.65
87.00 728.73
87.50 733.91
88.00 700.20
88.50 776.30
89.00 737.64
89.50 710.97
90.00 681.61
90.50 713.16
91.00 744.58
91.50 689.64
92.00 697.80
92.50 703.14
93.00 692.28
93.50 725.28
94.00 740.02
94.50 703.66
95.00 707.74
95.50 754.61
96.00 691.42
96.50 705.62
97.00 669.86
97.50 749.60
98.00 701.17
98.50 729.86
99.00 687.98
99.50 720.23
100.00 834.53
100.50 694.54
101.00 842.29
101.50 716.43
102.00 567.39
102.50 671.97
103.00 645.35
103.50 780.75
104.00 698.53
104.50 673.43
105.00 793.77
105.50 717.30
106.00 760.63
106.50 732.05
107.00 714.55
107.50 689.88
108.00 734.18
108.50 722.97
109.00 734.90
109.50 709.48
110.00 705.39
110.50 770.06
111.00 764.16
111.50 773.51
112.00 694.27
112.50 686.95
113.00 690.53
113.50 695.27
114.00 677.37
114.50 720.33
115.00 693.87
115.50 745.11
116.00 734.23
116.50 636.82
117.00 733.96
117.50 608.47
118.00 773.79
118.50 716.09
119.00 717.96
119.50 769.05
120.00 819.80
120.50 820.64
121.00 498.61
121.50 0.00
122.00 501.75
122.50 583.80
123.00 733.40
123.50 438.64
124.00 889.94
124.50 676.36
125.00 711.98
125.50 709.42
126.00 817.63
126.50 695.07
127.00 716.79
127.50 730.22
128.00 426.06
128.50 148.14
129.00 493.74
129.50 762.96
130.00 702.65
130.50 737.39
131.00 794.62
131.50 711.37
132.00 739.97
132.50 698.75
133.00 730.44
133.50 593.62
134.00 666.48
134.50 853.62
135.00 679.18
135.50 828.19
136.00 834.75
136.50 854.64
137.00 850.26
137.50 860.54
138.00 836.35
138.50 850.55
139.00 846.10
139.50 841.97
140.00 832.98
140.50 858.01
141.00 855.81
141.50 849.23
142.00 853.33
142.50 754.27
143.00 703.29
143.50 692.64
144.00 662.26
144.50 702.30
145.00 831.86
145.50 732.25
146.00 766.49
146.50 690.17
147.00 688.97
147.50 632.11
148.00 660.48
148.50 756.51
149.00 784.61
149.50 770.94
150.00 889.04
150.50 751.34
151.00 828.44
151.50 718.65
152.00 517.89
152.50 681.96
153.00 780.32
153.50 587.18
154.00 530.79
154.50 775.77
155.00 752.31
155.50 767.16
156.00 754.41
156.50 762.16
157.00 793.89
157.50 758.64
158.00 740.20
158.50 401.65
159.00 111.25
159.50 469.57
160.00 148.44
160.50 455.58
161.00 36.55
161.50 134.51
162.00 27.41
162.50 27.68
163.00 6.67
163.50 119.84
164.00 749.21
164.50 793.93
165.00 707.79
165.50 740.28
166.00 735.22
166.50 673.21
167.00 718.21
167.50 757.67
168.00 767.59
168.50 727.08
169.00 710.28
169.50 680.71
170.00 671.66
170.50 734.24
171.00 764.54
171.50 701.25
172.00 757.36
172.50 753.91
173.00 680.02
173.50 701.82
174.00 796.82
174.50 376.78
175.00 689.48
175.50 780.05
176.00 800.82
176.50 814.75
177.00 719.43
177.50 736.31
178.00 744.69
178.50 673.12
179.00 710.45
179.50 720.35
180.00 450.78
180.50 23.28
181.00 723.23
181.50 646.75
182.00 764.29
182.50 721.90
183.00 718.24
183.50 810.86
184.00 754.38
184.50 783.37
185.00 701.08
185.50 853.85
186.00 833.85
186.50 819.85
187.00 672.08
187.50 671.79
188.00 779.18
188.50 740.75
189.00 771.03
189.50 801.25
190.00 751.41
190.50 694.68
191.00 714.17
191.50 751.72
192.00 703.04
192.50 708.25
193.00 737.07
193.50 743.11
194.00 770.50
194.50 786.26
195.00 759.80
195.50 761.07
196.00 739.18
196.50 722.57
197.00 700.41
197.50 707.64
198.00 699.01
198.50 672.27
199.00 731.78
199.50 680.97
200.00 690.15
200.50 700.17
201.00 766.26
201.50 762.82
202.00 683.69
202.50 714.85
203.00 787.02
203.50 879.82
204.00 682.45
204.50 712.65
205.00 704.79
205.50 793.60
206.00 769.67
206.50 752.74
207.00 808.68
207.50 649.11
208.00 55.09
208.50 686.09
209.00 700.05
209.50 651.09
210.00 762.80
210.50 839.46
211.00 723.77
211.50 564.42
212.00 718.48
212.50 719.50
213.00 708.48
213.50 795.30
214.00 844.39
214.50 774.94
215.00 840.54
215.50 832.60
216.00 820.34
216.50 302.53
217.00 746.74
217.50 691.67
218.00 691.64
218.50 751.54
219.00 754.85
219.50 256.94
220.00 668.58
220.50 694.47
221.00 0.00
221.50 381.96
222.00 4.82
222.50 786.99
223.00 763.93
223.50 774.67
224.00 756.28
224.50 773.82
225.00 760.28
225.50 785.70
226.00 703.06
226.50 676.82
227.00 711.41
227.50 772.66
228.00 861.14
228.50 671.32
229.00 392.67
229.50 682.23
230.00 680.14
230.50 670.77
231.00 688.89
231.50 710.56
232.00 857.34
232.50 813.28
233.00 783.71
233.50 775.25
234.00 699.44
234.50 723.14
235.00 712.39
235.50 678.83
236.00 710.35
236.50 825.56
237.00 747.31
237.50 718.09
238.00 692.58
238.50 735.32
239.00 689.67
239.50 765.10
240.00 695.74
240.50 726.32
241.00 619.82
241.50 727.10
242.00 727.57
242.50 686.31
243.00 701.40
243.50 805.82
244.00 769.71
244.50 713.48
245.00 688.43
245.50 724.70
246.00 735.76
246.50 719.91
247.00 713.31
247.50 718.39
248.00 699.69
248.50 789.73
249.00 804.85
249.50 709.85
250.00 740.98
250.50 805.75
251.00 696.29
251.50 806.54
252.00 753.39
252.50 818.31
253.00 709.57
253.50 700.11
254.00 831.04
254.50 751.83
255.00 798.02
255.50 762.18
256.00 752.09
256.50 708.75
257.00 871.57
257.50 819.06
258.00 725.35
258.50 735.83
259.00 706.01
259.50 757.85
260.00 772.29
260.50 750.87
261.00 757.23
261.50 834.60
262.00 816.23
262.50 842.86
263.00 864.89
263.50 755.17
264.00 724.41
264.50 852.99
265.00 739.25
265.50 720.08
266.00 859.60
266.50 833.32
267.00 824.02
267.50 704.13
268.00 711.99
268.50 850.60
269.00 803.72
269.50 782.20
270.00 700.30
270.50 674.32
271.00 693.75
271.50 817.30
272.00 698.80
272.50 686.68
273.00 722.90
273.50 687.33
274.00 882.50
274.50 699.61
275.00 744.84
275.50 745.47
276.00 702.02
276.50 706.31
277.00 782.40
277.50 765.60
278.00 706.91
278.50 725.62
279.00 769.07
279.50 691.58
280.00 844.00
280.50 719.19
281.00 834.37
281.50 808.02
282.00 851.77
282.50 900.00
283.00 789.74
283.50 624.07
284.00 18.72
284.50 0.00
285.00 0.00
285.50 726.60
286.00 775.78
286.50 753.04
287.00 742.47
287.50 736.39
288.00 790.67
288.50 736.94
289.00 780.98
289.50 748.53
290.00 0.00
290.50 365.83
291.00 172.51
291.50 747.05
292.00 746.17
292.50 784.61
293.00 751.85
293.50 729.68
294.00 753.23
294.50 652.10
295.00 694.07
295.50 750.83
296.00 736.77
296.50 727.24
297.00 759.49
297.50 708.08
298.00 764.49
298.50 759.30
299.00 754.52
299.50 757.37
