0.00 717.19
0.50 712.09
1.00 748.80
1.50 717.71
2.00 710.99
2.50 757.16
3.00 749.36
3.50 827.11
4.00 193.47
4.50 690.34
5.00 714.81
5.50 741.39
6.00 409.56
6.50 14.67
7.00 319.55
7.50 790.16
8.00 0.00
8.50 487.53
9.00 92.52
9.50 749.61
10.00 31.82
10.50 800.45
11.00 743.15
11.50 711.36
12.00 693.96
12.50 679.25
13.00 722.21
13.50 0.00
14.00 676.39
14.50 747.86
15.00 225.91
15.50 700.38
16.00 740.36
16.50 840.68
17.00 843.09
17.50 823.85
18.00 822.61
18.50 829.85
19.00 593.98
19.50 413.99
20.00 9.74
20.50 9.77
21.00 461.60
21.50 597.62
22.00 697.92
22.50 732.45
23.00 789.96
23.50 400.35
24.00 716.85
24.50 698.39
25.00 714.39
25.50 698.54
26.00 713.52
26.50 720.54
27.00 721.63
27.50 713.13
28.00 718.86
28.50 776.35
29.00 798.45
29.50 732.58
30.00 775.19
30.50 804.58
31.00 723.24
31.50 751.17
32.00 756.88
32.50 783.09
33.00 846.85
33.50 855.81
34.00 707.96
34.50 834.80
35.00 885.70
35.50 862.35
36.00 866.99
36.50 644.59
37.00 713.28
37.50 836.43
38.00 826.89
38.50 783.44
39.00 96.37
39.50 370.67
40.00 23.38
40.50 0.00
41.00 195.39
41.50 91.74
42.00 344.60
42.50 439.44
43.00 247.01
43.50 746.08
44.00 742.73
44.50 819.63
45.00 862.12
45.50 733.25
46.00 709.56
46.50 710.58
47.00 759.79
47.50 718.01
48.00 748.86
48.50 718.80
49.00 688.40
49.50 734.23
50.00 805.64
50.50 795.86
51.00 712.39
51.50 750.32
52.00 770.58
52.50 695.31
53.00 746.77
53.50 766.66
54.00 699.44
54.50 722.08
55.00 693.43
55.50 728.70
56.00 779.85
56.50 737.38
57.00 730.37
57.50 745.26
58.00 715.65
58.50 739.40
59.00 750.88
59.50 726.99
60.00 737.85
60.50 739.81
61.00 783.37
61.50 771.11
62.00 778.82
62.50 690.39
63.00 781.60
63.50 710.76
64.00 714.26
64.50 764.47
65.00 686.00
65.50 727.18
66.00 0.00
66.50 354.71
67.00 769.14
67.50 772.88
68.00 764.80
68.50 678.57
69.00 651.90
69.50 761.01
70.00 744.84
70.50 682.79
71.00 736.94
71.50 754.70
72.00 718.47
72.50 737.67
73.00 742.36
73.50 736.34
74.00 666.66
74.50 731.51
75.00 720.47
75.50 745.65
76.00 670.87
76.50 722.46
77.00 715.98
77.50 772.43
78.00 731.77
78.50 732.06
79.00 732.96
79.50 692.41
80.00 834.26
80.50 717.39
81.00 694.30
81.50 686.36
82.00 775.83
82.50 740.65
83.00 862.36
83.50 786.50
84.00 700.77
84.50 686.11
85.00 706.62
85.50 670.20
86.00 476.11
86.50 712.78
87.00 660.53
87.50 845.27
88.00 789.39
88.50 829.00
89.00 804.53
89.50 791.69
90.00 683.68
90.50 778.97
91.00 732.45
91.50 703.07
92.00 508.87
92.50 309.65
93.00 527.31
93.50 11.79
94.00 716.06
94.50 733.08
95.00 831.45
95.50 731.10
96.00 739.49
96.50 341.51
97.00 735.50
97.50 736.26
98.00 708.93
98.50 693.32
99.00 754.03
99.50 657.27
100.00 12.98
100.50 0.00
101.00 6.99
101.50 0.00
102.00 20.41
102.50 16.60
103.00 1.28
103.50 18.00
104.00 7.65
104.50 417.41
105.00 335.60
105.50 1.25
106.00 16.07
106.50 0.00
107.00 268.07
107.50 0.00
108.00 760.27
108.50 775.47
109.00 743.61
109.50 682.48
110.00 758.05
110.50 737.64
111.00 729.31
111.50 763.85
112.00 658.31
112.50 722.23
113.00 749.78
113.50 724.63
114.00 786.09
114.50 748.27
115.00 752.68
115.50 702.50
116.00 725.28
116.50 776.54
117.00 853.82
117.50 527.95
118.00 27.80
118.50 735.32
119.00 751.46
119.50 757.06
120.00 755.22
120.50 816.77
121.00 856.20
121.50 798.01
122.00 900.00
122.50 715.46
123.00 716.88
123.50 760.39
124.00 698.72
124.50 747.75
125.00 708.94
125.50 316.19
126.00 0.00
126.50 345.77
127.00 422.65
127.50 3.11
128.00 515.52
128.50 783.43
129.00 47.80
129.50 712.32
130.00 705.36
130.50 718.86
131.00 744.81
131.50 761.06
132.00 757.79
132.50 731.22
133.00 753.27
133.50 717.12
134.00 740.96
134.50 696.13
135.00 749.04
135.50 743.51
136.00 719.71
136.50 731.93
137.00 698.69
137.50 732.00
138.00 742.33
138.50 738.14
139.00 747.42
139.50 716.23
140.00 723.89
140.50 684.87
141.00 728.52
141.50 688.86
142.00 771.94
142.50 783.70
143.00 752.61
143.50 764.68
144.00 797.42
144.50 697.09
145.00 735.09
145.50 712.59
146.00 711.87
146.50 697.72
147.00 725.55
147.50 769.98
148.00 700.52
148.50 743.03
149.00 730.79
149.50 777.76
150.00 681.75
150.50 724.43
151.00 684.60
151.50 760.07
152.00 726.62
152.50 755.28
153.00 748.34
153.50 713.43
154.00 742.99
154.50 726.25
155.00 782.10
155.50 719.56
156.00 757.08
156.50 759.87
157.00 774.68
157.50 768.47
158.00 697.82
158.50 740.94
159.00 788.52
159.50 726.56
160.00 758.92
160.50 719.12
161.00 773.89
161.50 718.22
162.00 759.60
162.50 737.06
163.00 5.44
163.50 46.22
164.00 310.48
164.50 785.92
165.00 59.39
165.50 737.30
166.00 693.46
166.50 346.42
167.00 19.20
167.50 14.03
168.00 457.62
168.50 375.03
169.00 375.23
169.50 266.27
170.00 735.22
170.50 770.55
171.00 698.86
171.50 781.27
172.00 747.00
172.50 744.38
173.00 768.55
173.50 768.97
174.00 813.61
174.50 690.28
175.00 708.47
175.50 674.43
176.00 384.43
176.50 900.00
177.00 797.10
177.50 772.07
178.00 759.83
178.50 837.70
179.00 751.74
179.50 746.04
180.00 745.53
180.50 774.87
181.00 820.42
181.50 718.81
182.00 730.24
182.50 711.24
183.00 705.72
183.50 807.89
184.00 705.53
184.50 692.13
185.00 697.45
185.50 752.33
186.00 708.16
186.50 725.94
187.00 725.14
187.50 736.49
188.00 773.81
188.50 712.05
189.00 777.72
189.50 733.13
190.00 697.78
190.50 781.51
191.00 758.04
191.50 793.58
192.00 706.39
192.50 756.37
193.00 749.03
193.50 737.58
194.00 750.93
194.50 679.78
195.00 738.26
195.50 746.83
196.00 673.38
196.50 19.79
197.00 15.42
197.50 36.93
198.00 15.16
198.50 552.88
199.00 809.82
199.50 135.80
200.00 731.66
200.50 712.35
201.00 764.23
201.50 670.74
202.00 715.93
202.50 730.20
203.00 762.62
203.50 761.41
204.00 800.04
204.50 708.96
205.00 714.51
205.50 682.97
206.00 724.63
206.50 724.69
207.00 710.51
207.50 698.88
208.00 750.41
208.50 700.18
209.00 737.06
209.50 682.07
210.00 816.94
210.50 759.64
211.00 822.84
211.50 870.44
212.00 818.69
212.50 719.28
213.00 265.04
213.50 273.80
214.00 739.78
214.50 844.76
215.00 830.65
215.50 853.99
216.00 679.18
216.50 691.21
217.00 701.25
217.50 716.13
218.00 720.72
218.50 729.46
219.00 727.12
219.50 677.56
220.00 668.93
220.50 738.62
221.00 216.72
221.50 711.07
222.00 735.33
222.50 720.52
223.00 707.59
223.50 752.38
224.00 725.63
224.50 763.03
225.00 812.16
225.50 734.46
226.00 812.47
226.50 725.30
227.00 823.59
227.50 865.71
228.00 697.97
228.50 778.25
229.00 703.81
229.50 699.92
230.00 747.84
230.50 705.94
231.00 335.47
231.50 699.47
232.00 713.65
232.50 710.16
233.00 741.68
233.50 819.55
234.00 760.57
234.50 684.79
235.00 750.09
235.50 723.99
236.00 869.07
236.50 786.06
237.00 680.67
237.50 716.73
238.00 737.20
238.50 752.83
239.00 820.45
239.50 844.44
240.00 743.03
240.50 709.80
241.00 742.65
241.50 707.58
242.00 801.00
242.50 713.80
243.00 701.91
243.50 751.66
244.00 733.66
244.50 761.08
245.00 725.58
245.50 772.35
246.00 735.20
246.50 755.44
247.00 687.13
247.50 753.32
248.00 743.70
248.50 747.00
249.00 682.45
249.50 747.95
250.00 709.93
250.50 705.42
251.00 788.55
251.50 716.99
252.00 720.11
252.50 788.34
253.00 682.46
253.50 645.77
254.00 717.46
254.50 803.40
255.00 767.57
255.50 725.12
256.00 725.09
256.50 719.38
257.00 735.79
257.50 711.89
258.00 710.94
258.50 675.98
259.00 685.92
259.50 730.35
260.00 730.54
260.50 684.97
261.00 731.60
261.50 803.12
262.00 718.27
262.50 710.87
263.00 691.64
263.50 839.15
264.00 805.61
264.50 787.99
265.00 778.19
265.50 822.32
266.00 708.23
266.50 713.85
267.00 719.29
267.50 729.50
268.00 691.82
268.50 676.19
269.00 689.61
269.50 701.04
270.00 742.27
270.50 775.30
271.00 851.97
271.50 763.21
272.00 707.95
272.50 711.51
273.00 700.73
273.50 699.88
274.00 679.17
274.50 717.86
275.00 708.75
275.50 696.67
276.00 717.07
276.50 706.43
277.00 725.88
277.50 693.21
278.00 735.48
278.50 842.59
279.00 767.72
279.50 705.36
280.00 821.06
280.50 702.10
281.00 298.68
281.50 724.57
282.00 832.25
282.50 797.39
283.00 752.45
283.50 796.44
284.00 788.04
284.50 713.94
285.00 796.51
285.50 759.43
286.00 689.00
286.50 702.34
287.00 730.31
287.50 720.47
288.00 708.48
288.50 706.78
289.00 806.55
289.50 850.91
290.00 819.04
290.50 718.35
291.00 737.96
291.50 710.87
292.00 739.97
292.50 713.89
293.00 714.77
293.50 728.27
294.00 716.40
294.50 732.36
295.00 686.05
295.50 756.76
296.00 678.44
296.50 709.46
297.00 677.21
297.50 725.09
298.00 723.03
298.50 732.83
299.00 783.41
299.50 712.13
