0.00 777.45
0.50 872.33
1.00 760.58
1.50 826.93
2.00 771.12
2.50 678.20
3.00 687.65
3.50 346.66
4.00 713.16
4.50 717.05
5.00 880.72
5.50 860.16
6.00 728.94
6.50 744.38
7.00 707.76
7.50 671.83
8.00 723.16
8.50 693.86
9.00 861.28
9.50 843.00
10.00 799.27
10.50 713.14
11.00 833.25
11.50 757.31
12.00 744.37
12.50 713.70
13.00 842.59
13.50 841.64
14.00 752.04
14.50 764.08
15.00 722.33
15.50 265.79
16.00 752.42
16.50 709.98
17.00 720.21
17.50 234.08
18.00 796.81
18.50 767.54
19.00 692.61
19.50 792.09
20.00 709.56
20.50 833.38
21.00 852.38
21.50 804.62
22.00 172.71
22.50 400.16
23.00 78.72
23.50 727.61
24.00 708.82
24.50 743.93
25.00 735.73
25.50 695.95
26.00 672.43
26.50 727.84
27.00 735.40
27.50 683.30
28.00 735.55
28.50 726.96
29.00 810.40
29.50 727.23
30.00 666.01
30.50 708.25
31.00 822.83
31.50 782.58
32.00 708.52
32.50 787.27
33.00 788.22
33.50 697.01
34.00 705.01
34.50 712.72
35.00 840.90
35.50 872.32
36.00 819.78
36.50 703.68
37.00 699.70
37.50 738.79
38.00 702.50
38.50 753.61
39.00 457.64
39.50 663.75
40.00 796.36
40.50 693.95
41.00 815.38
41.50 797.00
42.00 803.54
42.50 693.97
43.00 0.00
43.50 491.34
44.00 706.14
44.50 727.67
45.00 732.48
45.50 854.90
46.00 836.74
46.50 731.37
47.00 773.01
47.50 720.27
48.00 784.60
48.50 751.73
49.00 726.20
49.50 765.92
50.00 740.46
50.50 729.55
51.00 668.54
51.50 656.85
52.00 898.20
52.50 900.00
53.00 736.39
53.50 9.67
54.00 12.58
54.50 224.15
55.00 6.18
55.50 0.00
56.00 14.42
56.50 0.72
57.00 0.00
57.50 208.56
58.00 368.89
58.50 188.57
59.00 535.13
59.50 749.43
60.00 740.01
60.50 708.99
61.00 758.61
61.50 778.21
62.00 745.33
62.50 729.58
63.00 721.74
63.50 682.17
64.00 759.08
64.50 769.85
65.00 744.53
65.50 776.09
66.00 723.16
66.50 732.28
67.00 691.00
67.50 724.62
68.00 666.54
68.50 782.40
69.00 0.00
69.50 686.68
70.00 683.13
70.50 835.56
71.00 743.75
71.50 708.27
72.00 668.89
72.50 827.56
73.00 751.71
73.50 757.21
74.00 811.97
74.50 820.61
75.00 860.36
75.50 838.71
76.00 699.40
76.50 0.00
77.00 1.52
77.50 542.98
78.00 748.28
78.50 428.21
79.00 725.84
79.50 684.09
80.00 688.04
80.50 719.23
81.00 697.71
81.50 797.63
82.00 856.56
82.50 814.80
83.00 850.27
83.50 485.43
84.00 732.70
84.50 733.14
85.00 718.55
85.50 178.43
86.00 7.20
86.50 210.16
87.00 728.19
87.50 724.35
88.00 778.48
88.50 576.82
89.00 13.77
89.50 778.47
90.00 548.73
90.50 572.64
91.00 66.25
91.50 687.26
92.00 784.46
92.50 813.94
93.00 864.02
93.50 849.21
94.00 829.03
94.50 817.77
95.00 680.14
95.50 702.09
96.00 738.06
96.50 712.80
97.00 738.89
97.50 848.02
98.00 841.58
98.50 861.67
99.00 798.77
99.50 763.05
100.00 711.69
100.50 162.03
101.00 445.79
101.50 665.67
102.00 713.16
102.50 861.53
103.00 642.37
103.50 868.10
104.00 726.71
104.50 782.46
105.00 767.02
105.50 723.20
106.00 734.17
106.50 358.17
107.00 711.84
107.50 754.31
108.00 729.73
108.50 758.58
109.00 719.29
109.50 746.62
110.00 726.27
110.50 858.99
111.00 809.72
111.50 851.49
112.00 720.48
112.50 712.34
113.00 130.52
113.50 0.00
114.00 11.89
114.50 0.00
115.00 6.38
115.50 3.11
116.00 219.70
116.50 790.21
117.00 690.48
117.50 486.84
118.00 695.93
118.50 702.76
119.00 391.59
119.50 709.09
120.00 702.64
120.50 160.10
121.00 687.41
121.50 725.85
122.00 756.00
122.50 702.59
123.00 667.83
123.50 873.60
124.00 830.09
124.50 696.80
125.00 703.01
125.50 745.18
126.00 700.98
126.50 701.39
127.00 686.65
127.50 829.39
128.00 716.98
128.50 755.02
129.00 680.50
129.50 779.47
130.00 708.81
130.50 671.84
131.00 711.84
131.50 738.68
132.00 831.47
132.50 795.57
133.00 675.52
133.50 721.70
134.00 736.15
134.50 755.00
135.00 665.96
135.50 703.59
136.00 678.29
136.50 717.39
137.00 839.96
137.50 864.14
138.00 808.53
138.50 813.07
139.00 788.69
139.50 864.38
140.00 813.69
140.50 737.37
141.00 750.28
141.50 794.43
142.00 722.93
142.50 729.79
143.00 751.69
143.50 736.15
144.00 766.88
144.50 714.19
145.00 751.23
145.50 751.67
146.00 747.15
146.50 725.12
147.00 772.04
147.50 737.40
148.00 757.45
148.50 686.64
149.00 851.32
149.50 842.76
150.00 672.73
150.50 736.31
151.00 739.09
151.50 787.34
152.00 685.01
152.50 703.97
153.00 727.47
153.50 876.81
154.00 700.16
154.50 742.12
155.00 776.97
155.50 749.75
156.00 716.55
156.50 700.56
157.00 722.71
157.50 755.65
158.00 720.81
158.50 673.24
159.00 708.12
159.50 676.42
160.00 734.65
160.50 783.82
161.00 705.97
161.50 722.58
162.00 765.87
162.50 703.64
163.00 722.84
163.50 703.76
164.00 821.32
164.50 708.89
165.00 716.34
165.50 736.20
166.00 716.37
166.50 791.80
167.00 831.42
167.50 799.94
168.00 733.55
168.50 282.23
169.00 817.11
169.50 742.30
170.00 870.00
170.50 835.66
171.00 835.80
171.50 728.26
172.00 706.72
172.50 784.18
173.00 713.63
173.50 798.22
174.00 771.17
174.50 294.29
175.00 0.00
175.50 17.32
176.00 168.98
176.50 11.49
177.00 47.68
177.50 710.79
178.00 711.35
178.50 771.86
179.00 669.09
179.50 714.47
180.00 700.21
180.50 729.35
181.00 728.44
181.50 711.03
182.00 720.48
182.50 747.56
183.00 834.52
183.50 742.78
184.00 649.50
184.50 748.13
185.00 501.88
185.50 520.35
186.00 403.93
186.50 730.80
187.00 720.00
187.50 756.33
188.00 800.52
188.50 746.57
189.00 108.38
189.50 713.96
190.00 698.30
190.50 408.00
191.00 360.24
191.50 498.29
192.00 196.32
192.50 676.69
193.00 843.46
193.50 788.30
194.00 738.13
194.50 764.13
195.00 754.72
195.50 708.23
196.00 786.02
196.50 766.29
197.00 695.08
197.50 698.16
198.00 706.74
198.50 755.01
199.00 767.77
199.50 747.96
200.00 774.12
200.50 695.14
201.00 707.05
201.50 797.14
202.00 720.42
202.50 692.99
203.00 229.86
203.50 527.56
204.00 302.87
204.50 737.68
205.00 786.39
205.50 766.82
206.00 834.00
206.50 692.98
207.00 463.83
207.50 742.64
208.00 672.55
208.50 700.74
209.00 730.18
209.50 707.59
210.00 757.01
210.50 747.61
211.00 728.48
211.50 705.38
212.00 738.99
212.50 698.17
213.00 759.45
213.50 711.54
214.00 756.16
214.50 770.91
215.00 786.61
215.50 694.01
216.00 744.26
216.50 720.02
217.00 753.59
217.50 714.11
218.00 755.43
218.50 709.71
219.00 681.51
219.50 686.96
220.00 776.28
220.50 698.25
221.00 731.43
221.50 708.61
222.00 699.49
222.50 693.44
223.00 751.46
223.50 762.93
224.00 768.58
224.50 770.16
225.00 753.34
225.50 729.26
226.00 721.35
226.50 749.00
227.00 757.75
227.50 763.67
228.00 763.34
228.50 693.23
229.00 723.46
229.50 676.15
230.00 831.85
230.50 811.74
231.00 699.02
231.50 93.70
232.00 187.74
232.50 697.94
233.00 675.98
233.50 712.91
234.00 761.03
234.50 730.05
235.00 726.91
235.50 816.84
236.00 710.54
236.50 465.87
237.00 539.13
237.50 674.21
238.00 704.32
238.50 716.55
239.00 874.85
239.50 653.46
240.00 671.73
240.50 727.00
241.00 728.06
241.50 694.42
242.00 706.06
242.50 777.23
243.00 703.88
243.50 736.58
244.00 693.80
244.50 795.12
245.00 744.30
245.50 785.30
246.00 761.18
246.50 736.16
247.00 745.32
247.50 741.78
248.00 777.89
248.50 792.45
249.00 764.24
249.50 802.73
250.00 852.16
250.50 801.21
251.00 810.82
251.50 856.15
252.00 804.64
252.50 765.00
253.00 550.30
253.50 778.26
254.00 748.77
254.50 688.37
255.00 743.18
255.50 758.03
256.00 717.17
256.50 725.50
257.00 738.06
257.50 717.23
258.00 299.93
258.50 672.83
259.00 723.01
259.50 737.54
260.00 723.29
260.50 760.60
261.00 712.56
261.50 269.27
262.00 708.06
262.50 745.03
263.00 671.95
263.50 733.09
264.00 705.81
264.50 720.74
265.00 856.83
265.50 717.85
266.00 838.20
266.50 751.87
267.00 734.62
267.50 716.80
268.00 741.89
268.50 706.69
269.00 764.51
269.50 746.25
270.00 746.72
270.50 742.07
271.00 743.60
271.50 742.73
272.00 807.17
272.50 762.01
273.00 737.45
273.50 762.10
274.00 777.10
274.50 713.14
275.00 741.82
275.50 742.31
276.00 721.20
276.50 702.01
277.00 748.80
277.50 725.07
278.00 755.08
278.50 687.48
279.00 701.84
279.50 677.54
280.00 791.89
280.50 727.10
281.00 767.22
281.50 716.75
282.00 758.13
282.50 726.55
283.00 735.10
283.50 752.69
284.00 767.72
284.50 783.50
285.00 811.77
285.50 739.79
286.00 797.91
286.50 760.48
287.00 753.56
287.50 777.84
288.00 740.79
288.50 770.01
289.00 685.16
289.50 752.45
290.00 743.63
290.50 855.13
291.00 865.08
291.50 837.02
292.00 825.29
292.50 743.25
293.00 839.01
293.50 781.07
294.00 739.32
294.50 746.78
295.00 725.45
295.50 753.03
296.00 760.73
296.50 747.21
297.00 720.56
297.50 670.65
298.00 733.09
298.50 714.05
299.00 832.18
299.50 863.93
