0.00 750.92
0.50 764.10
1.00 468.68
1.50 363.08
2.00 314.73
2.50 18.25
3.00 0.34
3.50 0.00
4.00 445.75
4.50 797.25
5.00 864.79
5.50 900.00
6.00 692.55
6.50 830.48
7.00 739.63
7.50 730.48
8.00 727.10
8.50 792.70
9.00 752.83
9.50 724.62
10.00 790.79
10.50 757.73
11.00 728.94
11.50 704.73
12.00 715.34
12.50 751.13
13.00 720.17
13.50 812.41
14.00 900.00
14.50 694.90
15.00 679.56
15.50 724.90
16.00 732.63
16.50 822.91
17.00 714.20
17.50 505.26
18.00 658.09
18.50 335.56
19.00 21.25
19.50 339.78
20.00 209.56
20.50 0.00
21.00 0.00
21.50 744.70
22.00 816.57
22.50 828.19
23.00 720.45
23.50 757.01
24.00 751.55
24.50 779.03
25.00 706.23
25.50 770.93
26.00 691.46
26.50 768.05
27.00 727.76
27.50 717.75
28.00 738.65
28.50 742.79
29.00 837.43
29.50 686.69
30.00 725.38
30.50 732.41
31.00 237.43
31.50 555.23
32.00 631.42
32.50 512.34
33.00 303.84
33.50 0.00
34.00 710.68
34.50 733.65
35.00 682.40
35.50 835.32
36.00 686.50
36.50 675.81
37.00 732.07
37.50 847.74
38.00 834.03
38.50 814.96
39.00 776.65
39.50 766.45
40.00 735.18
40.50 859.78
41.00 730.70
41.50 790.20
42.00 737.27
42.50 0.56
43.00 6.05
43.50 0.00
44.00 15.67
44.50 704.73
45.00 674.58
45.50 769.58
46.00 320.72
46.50 532.31
47.00 178.75
47.50 190.01
48.00 651.87
48.50 770.20
49.00 755.87
49.50 705.17
50.00 769.23
50.50 783.87
51.00 686.69
51.50 775.93
52.00 844.37
52.50 828.07
53.00 846.12
53.50 820.90
54.00 840.44
54.50 720.14
55.00 790.95
55.50 685.37
56.00 691.20
56.50 543.17
57.00 743.92
57.50 756.10
58.00 700.93
58.50 725.53
59.00 780.32
59.50 804.23
60.00 706.03
60.50 760.48
61.00 713.03
61.50 710.23
62.00 795.00
62.50 712.48
63.00 747.10
63.50 696.67
64.00 680.68
64.50 751.69
65.00 761.87
65.50 749.25
66.00 727.26
66.50 704.05
67.00 768.25
67.50 772.12
68.00 717.86
68.50 702.95
69.00 900.00
69.50 693.59
70.00 788.70
70.50 708.94
71.00 755.14
71.50 888.84
72.00 841.02
72.50 863.11
73.00 701.47
73.50 365.80
74.00 361.07
74.50 700.52
75.00 357.56
75.50 302.78
76.00 608.55
76.50 730.96
77.00 769.88
77.50 722.51
78.00 676.20
78.50 700.59
79.00 735.93
79.50 729.31
80.00 784.06
80.50 741.95
81.00 695.11
81.50 740.86
82.00 746.51
82.50 747.33
83.00 722.60
83.50 732.53
84.00 726.79
84.50 746.17
85.00 694.36
85.50 709.53
86.00 704.57
86.50 726.43
87.00 837.51
87.50 737.29
88.00 724.22
88.50 722.14
89.00 395.41
89.50 338.08
90.00 699.82
90.50 734.01
91.00 737.74
91.50 814.99
92.00 526.04
92.50 714.64
93.00 742.32
93.50 662.64
94.00 696.64
94.50 731.91
95.00 821.82
95.50 826.67
96.00 726.97
96.50 748.87
97.00 694.10
97.50 712.94
98.00 436.12
98.50 710.28
99.00 714.03
99.50 701.46
100.00 677.08
100.50 725.67
101.00 720.48
101.50 828.83
102.00 756.91
102.50 661.49
103.00 732.18
103.50 781.59
104.00 828.59
104.50 691.11
105.00 675.81
105.50 707.30
106.00 716.76
106.50 734.91
107.00 703.03
107.50 700.80
108.00 751.87
108.50 716.46
109.00 732.94
109.50 749.25
110.00 722.03
110.50 753.49
111.00 710.57
111.50 772.58
112.00 685.32
112.50 746.16
113.00 733.23
113.50 687.71
114.00 727.18
114.50 730.31
115.00 752.93
115.50 739.80
116.00 816.52
116.50 748.77
117.00 705.82
117.50 741.38
118.00 782.69
118.50 679.77
119.00 711.63
119.50 718.75
120.00 727.28
120.50 735.88
121.00 735.69
121.50 803.71
122.00 882.21
122.50 837.34
123.00 858.87
123.50 830.52
124.00 843.94
124.50 851.18
125.00 800.92
125.50 857.48
126.00 825.90
126.50 816.78
127.00 726.95
127.50 711.15
128.00 755.39
128.50 762.72
129.00 739.19
129.50 749.50
130.00 727.96
130.50 744.33
131.00 718.38
131.50 683.84
132.00 351.92
132.50 727.25
133.00 726.65
133.50 733.38
134.00 684.18
134.50 682.51
135.00 706.97
135.50 794.26
136.00 737.54
136.50 635.17
137.00 343.18
137.50 721.04
138.00 722.78
138.50 707.08
139.00 734.28
139.50 757.99
140.00 803.51
140.50 799.82
141.00 704.55
141.50 774.17
142.00 712.16
142.50 718.47
143.00 849.97
143.50 726.52
144.00 759.13
144.50 758.69
145.00 737.39
145.50 758.05
146.00 812.43
146.50 819.21
147.00 695.79
147.50 694.97
148.00 801.76
148.50 664.37
149.00 751.06
149.50 713.73
150.00 703.31
150.50 728.03
151.00 773.83
151.50 748.37
152.00 747.14
152.50 727.77
153.00 701.24
153.50 726.98
154.00 760.51
154.50 710.01
155.00 739.93
155.50 731.34
156.00 673.42
156.50 706.70
157.00 702.12
157.50 829.02
158.00 782.43
158.50 628.69
159.00 729.38
159.50 745.97
160.00 261.33
160.50 808.88
161.00 746.55
161.50 756.09
162.00 653.15
162.50 753.19
163.00 713.12
163.50 750.25
164.00 715.97
164.50 766.61
165.00 691.42
165.50 721.96
166.00 690.88
166.50 745.06
167.00 735.02
167.50 710.41
168.00 722.61
168.50 759.99
169.00 727.15
169.50 804.74
170.00 800.03
170.50 741.64
171.00 750.48
171.50 780.67
172.00 696.53
172.50 718.78
173.00 767.60
173.50 709.53
174.00 763.82
174.50 738.93
175.00 715.42
175.50 762.18
176.00 754.49
176.50 723.45
177.00 747.59
177.50 730.50
178.00 787.85
178.50 745.89
179.00 719.45
179.50 771.92
180.00 691.88
180.50 728.77
181.00 682.42
181.50 752.10
182.00 692.45
182.50 699.46
183.00 678.05
183.50 753.89
184.00 730.13
184.50 771.18
185.00 741.14
185.50 754.46
186.00 702.25
186.50 760.30
187.00 751.36
187.50 763.59
188.00 771.58
188.50 708.30
189.00 697.85
189.50 709.41
190.00 746.98
190.50 764.09
191.00 733.57
191.50 829.90
192.00 750.54
192.50 729.19
193.00 802.31
193.50 704.76
194.00 449.78
194.50 280.55
195.00 29.76
195.50 775.31
196.00 755.04
196.50 499.52
197.00 573.97
197.50 240.26
198.00 726.23
198.50 296.94
199.00 0.97
199.50 26.77
200.00 462.18
200.50 549.71
201.00 99.95
201.50 600.64
202.00 364.84
202.50 536.68
203.00 5.40
203.50 749.88
204.00 207.32
204.50 738.34
205.00 758.15
205.50 382.84
206.00 94.26
206.50 758.07
207.00 714.42
207.50 830.26
208.00 835.79
208.50 858.55
209.00 827.47
209.50 829.30
210.00 727.81
210.50 776.49
211.00 52.56
211.50 520.59
212.00 373.07
212.50 0.45
213.00 7.12
213.50 743.13
214.00 734.52
214.50 725.19
215.00 702.60
215.50 757.18
216.00 504.06
216.50 0.00
217.00 204.68
217.50 793.17
218.00 723.92
218.50 744.70
219.00 754.62
219.50 684.34
220.00 714.97
220.50 739.35
221.00 711.34
221.50 664.40
222.00 854.54
222.50 0.00
223.00 3.82
223.50 17.64
224.00 18.21
224.50 768.45
225.00 722.55
225.50 712.37
226.00 721.84
226.50 761.44
227.00 798.93
227.50 762.53
228.00 762.21
228.50 734.03
229.00 711.24
229.50 727.63
230.00 776.59
230.50 695.96
231.00 725.49
231.50 736.51
232.00 764.57
232.50 728.82
233.00 728.85
233.50 738.15
234.00 700.20
234.50 768.37
235.00 737.12
235.50 695.42
236.00 725.59
236.50 692.64
237.00 798.22
237.50 718.51
238.00 684.91
238.50 751.78
239.00 699.24
239.50 738.89
240.00 779.19
240.50 708.65
241.00 751.43
241.50 694.27
242.00 93.80
242.50 662.96
243.00 724.91
243.50 740.08
244.00 708.45
244.50 752.29
245.00 762.46
245.50 783.57
246.00 787.22
246.50 730.46
247.00 790.09
247.50 730.10
248.00 787.81
248.50 759.01
249.00 717.66
249.50 671.26
250.00 748.06
250.50 757.85
251.00 732.68
251.50 737.36
252.00 785.30
252.50 732.40
253.00 773.58
253.50 776.77
254.00 751.39
254.50 706.25
255.00 710.80
255.50 727.62
256.00 749.25
256.50 716.40
257.00 781.44
257.50 733.42
258.00 726.40
258.50 722.63
259.00 755.25
259.50 748.20
260.00 745.59
260.50 694.51
261.00 710.49
261.50 685.53
262.00 770.95
262.50 714.76
263.00 722.14
263.50 759.59
264.00 30.11
264.50 0.00
265.00 12.54
265.50 745.64
266.00 878.11
266.50 724.65
267.00 725.66
267.50 792.33
268.00 711.91
268.50 727.63
269.00 748.84
269.50 775.67
270.00 744.61
270.50 704.96
271.00 695.74
271.50 789.28
272.00 778.71
272.50 651.81
273.00 692.19
273.50 198.65
274.00 207.44
274.50 618.19
275.00 685.13
275.50 720.13
276.00 725.78
276.50 490.74
277.00 718.87
277.50 729.78
278.00 707.45
278.50 677.81
279.00 704.67
279.50 722.30
280.00 755.05
280.50 753.96
281.00 730.85
281.50 730.88
282.00 702.71
282.50 832.70
283.00 851.98
283.50 807.32
284.00 327.42
284.50 0.00
285.00 375.18
285.50 736.53
286.00 816.14
286.50 754.71
287.00 821.22
287.50 709.99
288.00 745.51
288.50 24.88
289.00 13.70
289.50 28.74
290.00 1.27
290.50 6.46
291.00 5.77
291.50 153.16
292.00 249.51
292.50 767.34
293.00 717.13
293.50 839.78
294.00 827.00
294.50 860.59
295.00 848.49
295.50 875.46
296.00 852.20
296.50 40.02
297.00 0.00
297.50 24.77
298.00 3.36
298.50 6.06
299.00 5.47
299.50 0.00
