0.00 777.94
0.50 695.39
1.00 713.72
1.50 787.52
2.00 746.06
2.50 788.50
3.00 735.09
3.50 703.95
4.00 812.12
4.50 695.96
5.00 782.74
5.50 685.56
6.00 656.90
6.50 310.10
7.00 772.82
7.50 735.64
8.00 789.50
8.50 760.03
9.00 680.74
9.50 731.66
10.00 720.01
10.50 692.30
11.00 729.16
11.50 699.32
12.00 716.14
12.50 680.54
13.00 775.50
13.50 687.30
14.00 722.96
14.50 703.26
15.00 756.42
15.50 764.52
16.00 873.69
16.50 3.08
17.00 3.71
17.50 0.00
18.00 27.72
18.50 709.37
19.00 752.05
19.50 796.38
20.00 833.39
20.50 699.54
21.00 708.69
21.50 724.11
22.00 734.58
22.50 360.50
23.00 798.81
23.50 757.13
24.00 175.57
24.50 811.71
25.00 691.98
25.50 704.42
26.00 704.72
26.50 726.62
27.00 703.40
27.50 697.52
28.00 697.66
28.50 724.72
29.00 769.18
29.50 863.61
30.00 756.08
30.50 747.14
31.00 741.83
31.50 779.92
32.00 821.15
32.50 752.89
33.00 670.42
33.50 409.44
34.00 757.74
34.50 807.50
35.00 853.24
35.50 865.38
36.00 848.57
36.50 833.49
37.00 679.75
37.50 761.51
38.00 763.42
38.50 749.77
39.00 719.18
39.50 755.60
40.00 710.37
40.50 701.55
41.00 715.26
41.50 701.43
42.00 713.79
42.50 747.87
43.00 735.37
43.50 729.99
44.00 129.92
44.50 0.00
45.00 18.56
45.50 21.29
46.00 11.42
46.50 207.51
47.00 737.74
47.50 768.78
48.00 697.54
48.50 741.96
49.00 744.31
49.50 690.87
50.00 687.85
50.50 833.44
51.00 699.57
51.50 744.20
52.00 678.63
52.50 681.65
53.00 718.57
53.50 713.63
54.00 719.81
54.50 705.89
55.00 729.77
55.50 705.13
56.00 686.05
56.50 733.30
57.00 694.72
57.50 696.96
58.00 660.96
58.50 693.87
59.00 720.12
59.50 815.23
60.00 702.98
60.50 726.62
61.00 665.43
61.50 693.64
62.00 694.26
62.50 716.32
63.00 730.86
63.50 715.08
64.00 721.44
64.50 762.11
65.00 773.30
65.50 686.94
66.00 682.29
66.50 693.42
67.00 342.24
67.50 725.30
68.00 795.88
68.50 688.23
69.00 687.46
69.50 813.27
70.00 697.27
70.50 693.30
71.00 848.00
71.50 770.17
72.00 752.35
72.50 750.75
73.00 713.10
73.50 740.45
74.00 702.36
74.50 725.63
75.00 718.48
75.50 744.08
76.00 680.90
76.50 697.53
77.00 780.56
77.50 750.78
78.00 710.46
78.50 782.99
79.00 766.58
79.50 784.23
80.00 710.41
80.50 729.48
81.00 701.69
81.50 738.89
82.00 670.17
82.50 876.61
83.00 834.24
83.50 727.39
84.00 819.52
84.50 725.24
85.00 712.03
85.50 727.17
86.00 674.27
86.50 742.98
87.00 734.06
87.50 726.27
88.00 708.82
88.50 775.89
89.00 838.29
89.50 693.90
90.00 704.33
90.50 832.95
91.00 844.56
91.50 865.02
92.00 843.30
92.50 669.59
93.00 714.94
93.50 507.63
94.00 725.18
94.50 787.76
95.00 799.83
95.50 691.64
96.00 789.42
96.50 762.09
97.00 731.94
97.50 721.03
98.00 776.05
98.50 741.18
99.00 711.19
99.50 672.78
100.00 708.37
100.50 687.74
101.00 743.29
101.50 719.97
102.00 751.78
102.50 674.00
103.00 751.03
103.50 729.51
104.00 717.50
104.50 734.25
105.00 847.89
105.50 824.62
106.00 694.64
106.50 734.82
107.00 699.34
107.50 691.77
108.00 707.32
108.50 772.60
109.00 719.71
109.50 717.77
110.00 751.75
110.50 759.46
111.00 717.32
111.50 734.00
112.00 785.92
112.50 736.31
113.00 742.99
113.50 645.88
114.00 730.35
114.50 694.45
115.00 751.12
115.50 741.48
116.00 727.85
116.50 451.19
117.00 696.25
117.50 738.65
118.00 787.73
118.50 734.30
119.00 732.55
119.50 802.25
120.00 499.37
120.50 713.74
121.00 833.31
121.50 702.45
122.00 723.29
122.50 688.68
123.00 662.52
123.50 744.69
124.00 900.00
124.50 775.46
125.00 762.45
125.50 686.38
126.00 698.78
126.50 742.20
127.00 700.62
127.50 754.32
128.00 798.62
128.50 720.13
129.00 766.84
129.50 725.74
130.00 755.58
130.50 721.00
131.00 755.10
131.50 766.94
132.00 733.38
132.50 742.36
133.00 786.51
133.50 748.93
134.00 676.41
134.50 707.90
135.00 769.49
135.50 743.22
136.00 711.87
136.50 681.27
137.00 729.63
137.50 788.31
138.00 749.64
138.50 759.51
139.00 736.31
139.50 708.15
140.00 752.89
140.50 739.02
141.00 693.55
141.50 715.28
142.00 747.84
142.50 734.05
143.00 550.48
143.50 698.81
144.00 825.53
144.50 824.81
145.00 824.85
145.50 826.14
146.00 852.92
146.50 850.23
147.00 826.22
147.50 847.69
148.00 823.45
148.50 809.77
149.00 804.95
149.50 889.28
150.00 831.70
150.50 779.57
151.00 675.92
151.50 709.56
152.00 734.07
152.50 746.83
153.00 848.13
153.50 785.25
154.00 732.07
154.50 836.28
155.00 678.77
155.50 864.36
156.00 728.92
156.50 834.83
157.00 496.04
157.50 682.59
158.00 713.11
158.50 749.00
159.00 822.52
159.50 700.37
160.00 693.97
160.50 741.56
161.00 737.71
161.50 770.33
162.00 712.55
162.50 712.22
163.00 690.66
163.50 709.22
164.00 717.20
164.50 686.75
165.00 735.91
165.50 689.65
166.00 690.81
166.50 1.53
167.00 592.51
167.50 764.41
168.00 533.18
168.50 382.44
169.00 594.22
169.50 812.55
170.00 671.90
170.50 435.46
171.00 517.76
171.50 0.00
172.00 0.88
172.50 0.00
173.00 0.00
173.50 356.63
174.00 722.35
174.50 691.56
175.00 391.54
175.50 618.46
176.00 723.34
176.50 704.60
177.00 746.44
177.50 741.65
178.00 724.27
178.50 672.36
179.00 793.20
179.50 725.95
180.00 723.96
180.50 704.69
181.00 705.33
181.50 716.49
182.00 693.04
182.50 753.78
183.00 740.37
183.50 673.29
184.00 789.70
184.50 788.18
185.00 699.17
185.50 752.29
186.00 758.90
186.50 788.50
187.00 733.95
187.50 699.15
188.00 724.27
188.50 285.02
189.00 159.84
189.50 121.79
190.00 145.63
190.50 305.64
191.00 0.00
191.50 8.01
192.00 3.58
192.50 1.15
193.00 7.74
193.50 0.00
194.00 715.44
194.50 705.36
195.00 705.34
195.50 700.06
196.00 694.49
196.50 831.03
197.00 900.00
197.50 723.29
198.00 711.32
198.50 754.14
199.00 774.81
199.50 731.65
200.00 705.97
200.50 707.50
201.00 713.74
201.50 728.57
202.00 717.14
202.50 756.35
203.00 768.16
203.50 690.29
204.00 717.01
204.50 730.33
205.00 764.24
205.50 749.80
206.00 744.65
206.50 708.05
207.00 745.75
207.50 731.74
208.00 763.49
208.50 736.83
209.00 730.81
209.50 805.10
210.00 317.86
210.50 806.13
211.00 699.85
211.50 695.09
212.00 695.60
212.50 867.63
213.00 703.99
213.50 729.48
214.00 758.29
214.50 735.76
215.00 701.28
215.50 723.44
216.00 718.47
216.50 757.14
217.00 719.40
217.50 753.26
218.00 701.21
218.50 719.90
219.00 695.19
219.50 751.73
220.00 811.18
220.50 691.92
221.00 803.13
221.50 0.00
222.00 0.00
222.50 0.81
223.00 11.09
223.50 16.04
224.00 338.48
224.50 362.69
225.00 467.48
225.50 12.79
226.00 3.70
226.50 646.41
227.00 138.05
227.50 833.83
228.00 845.66
228.50 828.28
229.00 811.73
229.50 808.98
230.00 826.20
230.50 828.57
231.00 741.01
231.50 680.55
232.00 830.96
232.50 824.59
233.00 739.94
233.50 756.29
234.00 712.58
234.50 768.01
235.00 718.39
235.50 696.30
236.00 783.88
236.50 708.36
237.00 750.27
237.50 775.62
238.00 723.93
238.50 699.96
239.00 731.80
239.50 780.66
240.00 782.75
240.50 676.80
241.00 725.13
241.50 746.75
242.00 769.68
242.50 784.90
243.00 686.66
243.50 720.98
244.00 723.80
244.50 825.39
245.00 674.07
245.50 737.79
246.00 813.89
246.50 675.99
247.00 712.98
247.50 801.93
248.00 803.36
248.50 882.80
249.00 882.55
249.50 696.26
250.00 686.25
250.50 778.08
251.00 900.00
251.50 772.15
252.00 774.85
252.50 710.23
253.00 680.99
253.50 221.19
254.00 737.86
254.50 795.02
255.00 823.37
255.50 869.91
256.00 720.80
256.50 718.65
257.00 728.19
257.50 725.27
258.00 746.78
258.50 799.73
259.00 764.45
259.50 795.44
260.00 764.65
260.50 712.60
261.00 718.75
261.50 821.82
262.00 704.82
262.50 738.08
263.00 678.13
263.50 753.68
264.00 858.93
264.50 828.95
265.00 844.37
265.50 849.16
266.00 780.97
266.50 182.65
267.00 120.56
267.50 740.13
268.00 54.46
268.50 6.70
269.00 12.76
269.50 376.06
270.00 518.10
270.50 5.93
271.00 12.94
271.50 1.02
272.00 13.73
272.50 0.00
273.00 13.97
273.50 712.52
274.00 690.42
274.50 655.10
275.00 730.94
275.50 703.52
276.00 719.68
276.50 501.92
277.00 687.41
277.50 766.59
278.00 677.46
278.50 773.22
279.00 708.21
279.50 717.44
280.00 712.58
280.50 721.77
281.00 728.92
281.50 724.53
282.00 701.27
282.50 777.00
283.00 712.57
283.50 736.89
284.00 699.41
284.50 522.57
285.00 761.53
285.50 728.01
286.00 691.65
286.50 802.51
287.00 777.83
287.50 723.71
288.00 714.80
288.50 696.46
289.00 716.07
289.50 664.44
290.00 728.95
290.50 247.79
291.00 772.43
291.50 305.77
292.00 727.02
292.50 638.83
293.00 816.10
293.50 694.51
294.00 900.00
294.50 811.69
295.00 691.04
295.50 640.45
296.00 843.11
296.50 756.18
297.00 670.81
297.50 731.39
298.00 683.35
298.50 713.97
299.00 673.84
299.50 692.67
