0.00 695.71
0.50 740.36
1.00 680.46
1.50 734.89
2.00 704.14
2.50 712.67
3.00 900.00
3.50 682.01
4.00 662.70
4.50 258.71
5.00 683.52
5.50 767.46
6.00 697.33
6.50 786.38
7.00 749.22
7.50 852.79
8.00 858.40
8.50 752.86
9.00 739.86
9.50 690.85
10.00 806.03
10.50 820.75
11.00 812.48
11.50 675.62
12.00 814.46
12.50 810.66
13.00 734.31
13.50 829.43
14.00 745.83
14.50 884.70
15.00 744.19
15.50 808.46
16.00 831.62
16.50 816.81
17.00 700.15
17.50 758.78
18.00 745.46
18.50 724.90
19.00 734.35
19.50 769.41
20.00 717.42
20.50 675.16
21.00 783.15
21.50 709.17
22.00 762.31
22.50 718.93
23.00 741.02
23.50 732.55
24.00 751.51
24.50 707.80
25.00 760.52
25.50 740.91
26.00 718.19
26.50 692.74
27.00 725.82
27.50 730.09
28.00 747.05
28.50 686.30
29.00 725.03
29.50 702.62
30.00 748.60
30.50 732.01
31.00 742.20
31.50 753.72
32.00 665.27
32.50 761.00
33.00 699.60
33.50 723.57
34.00 706.01
34.50 714.82
35.00 712.45
35.50 725.43
36.00 746.59
36.50 728.30
37.00 695.99
37.50 714.31
38.00 732.39
38.50 742.13
39.00 743.36
39.50 702.42
40.00 754.21
40.50 732.09
41.00 731.74
41.50 737.99
42.00 765.46
42.50 724.00
43.00 550.20
43.50 732.39
44.00 713.86
44.50 708.19
45.00 743.15
45.50 724.76
46.00 749.55
46.50 762.87
47.00 757.88
47.50 697.91
48.00 721.24
48.50 699.49
49.00 699.26
49.50 727.25
50.00 704.91
50.50 688.57
51.00 453.05
51.50 674.79
52.00 668.04
52.50 687.28
53.00 772.17
53.50 717.76
54.00 860.67
54.50 763.97
55.00 694.43
55.50 716.05
56.00 691.56
56.50 868.57
57.00 798.87
57.50 767.68
58.00 725.19
58.50 722.63
59.00 102.02
59.50 783.49
60.00 747.58
60.50 706.23
61.00 732.75
61.50 722.69
62.00 747.71
62.50 729.10
63.00 704.30
63.50 758.89
64.00 687.13
64.50 705.35
65.00 736.84
65.50 675.07
66.00 732.41
66.50 770.11
67.00 692.84
67.50 743.87
68.00 739.49
68.50 754.91
69.00 749.98
69.50 725.17
70.00 719.22
70.50 731.56
71.00 685.64
71.50 772.55
72.00 746.31
72.50 703.16
73.00 707.07
73.50 693.26
74.00 758.42
74.50 675.14
75.00 668.65
75.50 743.09
76.00 734.97
76.50 764.52
77.00 696.73
77.50 681.05
78.00 745.30
78.50 741.81
79.00 699.73
79.50 697.03
80.00 738.30
80.50 692.74
81.00 604.85
81.50 706.10
82.00 696.22
82.50 726.35
83.00 738.15
83.50 753.13
84.00 758.88
84.50 739.24
85.00 727.12
85.50 733.83
86.00 757.88
86.50 716.67
87.00 674.29
87.50 724.14
88.00 716.90
88.50 769.03
89.00 745.01
89.50 709.94
90.00 802.75
90.50 726.32
91.00 778.08
91.50 707.18
92.00 735.81
92.50 738.06
93.00 694.11
93.50 792.70
94.00 736.31
94.50 757.85
95.00 702.32
95.50 809.31
96.00 717.84
96.50 684.18
97.00 700.39
97.50 735.83
98.00 698.89
98.50 749.24
99.00 698.48
99.50 678.44
100.00 687.36
100.50 745.07
101.00 733.02
101.50 720.91
102.00 745.94
102.50 725.85
103.00 714.33
103.50 709.60
104.00 765.87
104.50 202.27
105.00 687.26
105.50 808.15
106.00 830.07
106.50 744.88
107.00 0.80
107.50 0.00
108.00 9.72
108.50 18.15
109.00 734.76
109.50 252.53
110.00 623.24
110.50 4.47
111.00 5.11
111.50 660.31
112.00 689.75
112.50 732.58
113.00 700.89
113.50 759.33
114.00 745.65
114.50 770.21
115.00 747.00
115.50 802.87
116.00 719.60
116.50 755.34
117.00 729.83
117.50 734.19
118.00 810.11
118.50 714.44
119.00 743.66
119.50 748.88
120.00 759.79
120.50 777.67
121.00 721.18
121.50 756.31
122.00 688.73
122.50 756.64
123.00 744.40
123.50 690.46
124.00 720.28
124.50 728.32
125.00 701.36
125.50 778.25
126.00 863.50
126.50 834.30
127.00 822.94
127.50 623.19
128.00 347.75
128.50 770.30
129.00 860.73
129.50 812.38
130.00 848.52
130.50 761.06
131.00 763.11
131.50 713.61
132.00 678.27
132.50 684.43
133.00 730.41
133.50 719.99
134.00 691.12
134.50 128.12
135.00 110.01
135.50 30.88
136.00 294.95
136.50 810.41
137.00 236.67
137.50 400.94
138.00 2.71
138.50 0.00
139.00 8.96
139.50 1.45
140.00 0.00
140.50 205.12
141.00 22.81
141.50 1.26
142.00 12.63
142.50 0.00
143.00 0.00
143.50 6.17
144.00 9.94
144.50 840.66
145.00 836.93
145.50 307.55
146.00 411.23
146.50 15.45
147.00 18.67
147.50 10.13
148.00 12.83
148.50 8.66
149.00 19.92
149.50 5.29
150.00 2.54
150.50 0.41
151.00 5.72
151.50 372.47
152.00 724.33
152.50 717.59
153.00 810.76
153.50 848.22
154.00 797.08
154.50 762.16
155.00 702.95
155.50 687.80
156.00 721.62
156.50 680.92
157.00 782.16
157.50 722.95
158.00 686.04
158.50 684.68
159.00 721.17
159.50 557.19
160.00 715.96
160.50 765.10
161.00 800.89
161.50 819.89
162.00 730.75
162.50 722.42
163.00 739.68
163.50 720.49
164.00 745.59
164.50 828.72
165.00 686.79
165.50 700.95
166.00 669.52
166.50 720.69
167.00 681.07
167.50 708.74
168.00 742.91
168.50 763.16
169.00 668.68
169.50 721.60
170.00 763.12
170.50 714.93
171.00 789.56
171.50 709.32
172.00 749.01
172.50 658.40
173.00 642.15
173.50 767.65
174.00 768.65
174.50 727.14
175.00 794.46
175.50 715.04
176.00 788.74
176.50 724.94
177.00 730.04
177.50 746.77
178.00 701.18
178.50 720.28
179.00 754.16
179.50 720.12
180.00 774.34
180.50 729.89
181.00 800.73
181.50 753.16
182.00 726.19
182.50 710.53
183.00 740.41
183.50 727.82
184.00 737.38
184.50 699.20
185.00 702.86
185.50 679.33
186.00 759.96
186.50 709.01
187.00 706.86
187.50 705.01
188.00 771.59
188.50 746.31
189.00 711.02
189.50 696.14
190.00 748.16
190.50 698.60
191.00 748.53
191.50 691.01
192.00 717.42
192.50 721.69
193.00 725.01
193.50 716.75
194.00 715.52
194.50 753.22
195.00 738.97
195.50 697.90
196.00 712.63
196.50 710.33
197.00 196.99
197.50 0.53
198.00 726.11
198.50 627.98
199.00 441.20
199.50 4.41
200.00 21.77
200.50 486.04
201.00 763.69
201.50 691.40
202.00 685.90
202.50 694.42
203.00 57.89
203.50 0.00
204.00 2.17
204.50 119.97
205.00 447.53
205.50 273.01
206.00 708.79
206.50 187.38
207.00 506.03
207.50 637.67
208.00 704.24
208.50 721.17
209.00 113.65
209.50 707.21
210.00 746.30
210.50 725.40
211.00 641.69
211.50 799.16
212.00 691.34
212.50 698.29
213.00 732.97
213.50 704.76
214.00 391.81
214.50 697.62
215.00 733.20
215.50 816.66
216.00 694.38
216.50 696.38
217.00 820.30
217.50 737.75
218.00 785.65
218.50 743.96
219.00 774.44
219.50 738.01
220.00 742.70
220.50 724.93
221.00 737.77
221.50 709.39
222.00 700.37
222.50 745.50
223.00 706.40
223.50 735.67
224.00 735.22
224.50 728.07
225.00 808.34
225.50 796.75
226.00 703.54
226.50 693.03
227.00 757.12
227.50 766.41
228.00 719.31
228.50 871.56
229.00 837.29
229.50 713.38
230.00 740.98
230.50 333.75
231.00 2.20
231.50 268.75
232.00 427.29
232.50 840.90
233.00 832.80
233.50 844.16
234.00 868.61
234.50 841.76
235.00 822.70
235.50 838.62
236.00 777.50
236.50 782.41
237.00 0.00
237.50 721.58
238.00 717.85
238.50 792.21
239.00 764.15
239.50 753.95
240.00 723.59
240.50 734.87
241.00 774.99
241.50 736.83
242.00 773.02
242.50 779.70
243.00 794.10
243.50 833.95
244.00 805.39
244.50 440.65
245.00 449.38
245.50 545.20
246.00 684.39
246.50 728.58
247.00 689.39
247.50 678.19
248.00 725.28
248.50 705.79
249.00 696.96
249.50 740.25
250.00 777.37
250.50 739.00
251.00 725.76
251.50 740.36
252.00 750.46
252.50 760.85
253.00 708.32
253.50 738.89
254.00 757.46
254.50 728.86
255.00 702.67
255.50 741.12
256.00 681.66
256.50 717.37
257.00 742.55
257.50 719.96
258.00 768.27
258.50 684.71
259.00 780.24
259.50 659.12
260.00 711.82
260.50 761.62
261.00 726.16
261.50 693.07
262.00 713.73
262.50 691.54
263.00 683.93
263.50 682.45
264.00 766.13
264.50 878.45
265.00 732.98
265.50 700.35
266.00 673.64
266.50 261.18
267.00 707.28
267.50 709.94
268.00 679.99
268.50 690.76
269.00 735.12
269.50 863.12
270.00 766.46
270.50 726.55
271.00 31.62
271.50 2.63
272.00 11.96
272.50 0.00
273.00 10.03
273.50 250.03
274.00 830.35
274.50 839.71
275.00 722.87
275.50 681.08
276.00 504.62
276.50 585.77
277.00 749.46
277.50 730.02
278.00 723.53
278.50 745.21
279.00 689.07
279.50 728.91
280.00 719.98
280.50 407.71
281.00 579.10
281.50 4.41
282.00 8.01
282.50 545.65
283.00 737.24
283.50 811.42
284.00 850.67
284.50 830.83
285.00 883.46
285.50 777.09
286.00 774.51
286.50 662.61
287.00 735.45
287.50 738.51
288.00 757.13
288.50 735.65
289.00 755.28
289.50 783.66
290.00 575.37
290.50 182.91
291.00 291.34
291.50 304.86
292.00 768.61
292.50 816.06
293.00 702.89
293.50 697.26
294.00 810.66
294.50 673.83
295.00 775.51
295.50 682.23
296.00 654.21
296.50 469.26
297.00 398.20
297.50 709.18
298.00 810.14
298.50 827.65
299.00 887.60
299.50 859.00
