0.00 765.97
0.50 712.69
1.00 808.32
1.50 725.25
2.00 745.90
2.50 786.07
3.00 770.10
3.50 677.90
4.00 701.10
4.50 728.47
5.00 717.33
5.50 805.64
6.00 790.46
6.50 705.80
7.00 720.14
7.50 744.66
8.00 722.01
8.50 745.00
9.00 762.38
9.50 745.96
10.00 678.99
10.50 598.90
11.00 427.22
11.50 376.97
12.00 0.00
12.50 785.77
13.00 650.32
13.50 762.53
14.00 857.84
14.50 752.59
15.00 804.25
15.50 806.58
16.00 673.27
16.50 703.40
17.00 860.61
17.50 592.40
18.00 825.44
18.50 579.23
19.00 733.88
19.50 889.33
20.00 790.90
20.50 803.29
21.00 794.83
21.50 776.24
22.00 685.65
22.50 714.36
23.00 747.62
23.50 740.92
24.00 707.41
24.50 742.01
25.00 742.10
25.50 682.75
26.00 737.69
26.50 791.40
27.00 688.69
27.50 718.54
28.00 713.07
28.50 737.41
29.00 706.67
29.50 766.05
30.00 760.65
30.50 756.01
31.00 792.95
31.50 713.39
32.00 751.75
32.50 694.97
33.00 753.92
33.50 718.32
34.00 708.74
34.50 694.70
35.00 678.34
35.50 733.11
36.00 739.80
36.50 846.68
37.00 763.70
37.50 725.90
38.00 713.81
38.50 719.26
39.00 691.44
39.50 708.30
40.00 747.93
40.50 751.99
41.00 678.35
41.50 702.00
42.00 854.77
42.50 825.75
43.00 744.75
43.50 737.37
44.00 712.67
44.50 707.83
45.00 180.03
45.50 229.23
46.00 706.46
46.50 495.08
47.00 718.30
47.50 697.33
48.00 683.41
48.50 686.01
49.00 692.58
49.50 740.64
50.00 722.00
50.50 722.14
51.00 763.23
51.50 704.60
52.00 815.42
52.50 798.58
53.00 791.17
53.50 859.77
54.00 885.77
54.50 700.04
55.00 694.83
55.50 781.53
56.00 730.93
56.50 695.60
57.00 739.88
57.50 717.49
58.00 676.00
58.50 702.36
59.00 716.05
59.50 758.62
60.00 761.15
60.50 679.94
61.00 701.36
61.50 695.87
62.00 706.62
62.50 750.62
63.00 750.26
63.50 763.39
64.00 769.32
64.50 701.16
65.00 686.16
65.50 686.53
66.00 713.81
66.50 775.16
67.00 785.78
67.50 752.37
68.00 676.83
68.50 701.79
69.00 720.30
69.50 757.11
70.00 687.88
70.50 731.03
71.00 686.29
71.50 695.93
72.00 745.18
72.50 690.39
73.00 670.78
73.50 698.60
74.00 322.87
74.50 679.09
75.00 686.68
75.50 685.99
76.00 687.58
76.50 679.48
77.00 756.88
77.50 696.43
78.00 732.68
78.50 779.55
79.00 766.45
79.50 761.94
80.00 855.09
80.50 863.39
81.00 853.19
81.50 822.52
82.00 811.27
82.50 851.07
83.00 858.00
83.50 763.33
84.00 711.80
84.50 693.98
85.00 672.51
85.50 754.68
86.00 697.24
86.50 682.68
87.00 749.99
87.50 744.00
88.00 747.75
88.50 715.32
89.00 712.81
89.50 736.64
90.00 776.72
90.50 750.48
91.00 735.89
91.50 690.16
92.00 840.46
92.50 684.45
93.00 692.81
93.50 721.41
94.00 819.67
94.50 712.31
95.00 737.57
95.50 751.91
96.00 698.22
96.50 728.35
97.00 746.54
97.50 760.35
98.00 758.96
98.50 765.16
99.00 702.50
99.50 785.39
100.00 730.69
100.50 708.93
101.00 708.27
101.50 796.40
102.00 705.97
102.50 726.02
103.00 707.62
103.50 740.27
104.00 763.95
104.50 778.39
105.00 659.52
105.50 700.75
106.00 739.87
106.50 766.15
107.00 700.85
107.50 717.91
108.00 744.12
108.50 745.86
109.00 736.42
109.50 749.88
110.00 716.22
110.50 737.17
111.00 717.47
111.50 731.64
112.00 786.95
112.50 672.39
113.00 767.22
113.50 728.76
114.00 710.91
114.50 680.64
115.00 732.15
115.50 718.54
116.00 729.55
116.50 741.99
117.00 738.43
117.50 749.93
118.00 665.19
118.50 730.23
119.00 742.62
119.50 694.11
120.00 708.33
120.50 720.23
121.00 697.50
121.50 709.93
122.00 705.49
122.50 687.10
123.00 728.89
123.50 706.72
124.00 766.80
124.50 744.08
125.00 703.89
125.50 738.86
126.00 687.56
126.50 707.97
127.00 765.39
127.50 746.54
128.00 700.00
128.50 799.49
129.00 0.00
129.50 227.69
130.00 739.92
130.50 765.08
131.00 427.36
131.50 662.44
132.00 790.35
132.50 740.52
133.00 758.26
133.50 697.45
134.00 721.88
134.50 753.05
135.00 755.30
135.50 723.63
136.00 713.97
136.50 698.03
137.00 744.91
137.50 714.81
138.00 763.81
138.50 707.16
139.00 752.95
139.50 748.15
140.00 720.42
140.50 136.33
141.00 9.66
141.50 2.85
142.00 623.89
142.50 772.47
143.00 702.77
143.50 690.09
144.00 694.91
144.50 841.72
145.00 848.61
145.50 860.88
146.00 876.61
146.50 816.94
147.00 834.76
147.50 855.14
148.00 816.07
148.50 833.79
149.00 862.04
149.50 752.61
150.00 718.08
150.50 745.46
151.00 726.03
151.50 773.00
152.00 789.87
152.50 421.02
153.00 381.65
153.50 841.36
154.00 0.00
154.50 698.16
155.00 678.65
155.50 809.54
156.00 693.20
156.50 772.87
157.00 723.51
157.50 744.34
158.00 722.60
158.50 691.57
159.00 712.66
159.50 707.89
160.00 758.90
160.50 726.40
161.00 723.13
161.50 786.54
162.00 709.40
162.50 708.63
163.00 725.44
163.50 702.40
164.00 776.06
164.50 808.22
165.00 816.25
165.50 783.46
166.00 657.74
166.50 708.15
167.00 653.06
167.50 722.68
168.00 711.04
168.50 722.13
169.00 719.41
169.50 707.32
170.00 710.39
170.50 727.15
171.00 739.93
171.50 696.60
172.00 769.47
172.50 733.60
173.00 737.52
173.50 705.65
174.00 734.46
174.50 722.13
175.00 691.12
175.50 712.97
176.00 769.94
176.50 690.97
177.00 754.30
177.50 718.75
178.00 694.54
178.50 680.76
179.00 724.03
179.50 721.23
180.00 727.34
180.50 676.89
181.00 729.24
181.50 0.00
182.00 0.00
182.50 689.45
183.00 817.66
183.50 840.76
184.00 834.26
184.50 810.07
185.00 856.61
185.50 829.34
186.00 866.17
186.50 816.10
187.00 822.61
187.50 850.02
188.00 830.05
188.50 857.76
189.00 730.45
189.50 755.68
190.00 703.67
190.50 0.00
191.00 745.96
191.50 726.23
192.00 690.49
192.50 784.72
193.00 744.25
193.50 715.01
194.00 742.69
194.50 753.04
195.00 720.62
195.50 734.91
196.00 742.05
196.50 757.41
197.00 736.18
197.50 709.87
198.00 739.51
198.50 712.86
199.00 780.27
199.50 844.25
200.00 805.21
200.50 719.75
201.00 707.72
201.50 829.59
202.00 795.13
202.50 724.98
203.00 753.88
203.50 693.90
204.00 769.74
204.50 770.92
205.00 704.20
205.50 779.01
206.00 716.86
206.50 727.48
207.00 705.69
207.50 699.90
208.00 751.35
208.50 724.51
209.00 796.36
209.50 697.18
210.00 706.81
210.50 669.62
211.00 696.79
211.50 714.20
212.00 763.29
212.50 776.83
213.00 736.47
213.50 694.13
214.00 751.69
214.50 672.70
215.00 734.53
215.50 718.20
216.00 737.40
216.50 748.88
217.00 765.65
217.50 768.87
218.00 798.23
218.50 719.84
219.00 709.26
219.50 687.28
220.00 741.30
220.50 748.07
221.00 716.02
221.50 720.08
222.00 667.72
222.50 745.31
223.00 691.41
223.50 712.12
224.00 652.38
224.50 755.73
225.00 760.73
225.50 776.02
226.00 862.74
226.50 323.27
227.00 703.80
227.50 494.64
228.00 673.43
228.50 799.02
229.00 714.63
229.50 712.99
230.00 689.62
230.50 785.22
231.00 0.00
231.50 325.76
232.00 852.98
232.50 621.92
233.00 340.33
233.50 720.86
234.00 747.45
234.50 754.22
235.00 771.27
235.50 415.15
236.00 734.41
236.50 736.33
237.00 761.81
237.50 757.77
238.00 680.70
238.50 761.06
239.00 786.10
239.50 805.22
240.00 706.54
240.50 883.02
241.00 711.38
241.50 732.55
242.00 606.53
242.50 702.53
243.00 739.71
243.50 684.73
244.00 753.95
244.50 685.44
245.00 700.00
245.50 767.51
246.00 719.58
246.50 768.99
247.00 751.37
247.50 706.44
248.00 725.62
248.50 732.10
249.00 729.53
249.50 720.84
250.00 706.91
250.50 682.60
251.00 726.75
251.50 730.94
252.00 709.88
252.50 698.06
253.00 688.46
253.50 720.38
254.00 713.56
254.50 842.33
255.00 601.15
255.50 377.68
256.00 816.20
256.50 756.02
257.00 3.79
257.50 568.00
258.00 779.14
258.50 718.78
259.00 699.04
259.50 835.57
260.00 869.57
260.50 847.61
261.00 707.92
261.50 732.88
262.00 736.53
262.50 725.59
263.00 800.09
263.50 748.27
264.00 713.06
264.50 790.32
265.00 703.17
265.50 766.93
266.00 713.86
266.50 724.44
267.00 807.98
267.50 787.90
268.00 710.66
268.50 702.38
269.00 671.21
269.50 819.25
270.00 423.82
270.50 12.98
271.00 2.23
271.50 0.00
272.00 11.48
272.50 242.85
273.00 10.40
273.50 0.00
274.00 0.00
274.50 730.54
275.00 757.18
275.50 694.98
276.00 735.11
276.50 746.54
277.00 786.91
277.50 729.40
278.00 759.60
278.50 750.23
279.00 781.51
279.50 715.15
280.00 716.02
280.50 712.87
281.00 775.38
281.50 736.23
282.00 687.57
282.50 838.11
283.00 857.02
283.50 840.30
284.00 847.51
284.50 782.36
285.00 743.81
285.50 693.67
286.00 776.99
286.50 806.77
287.00 874.52
287.50 716.26
288.00 0.00
288.50 431.10
289.00 676.63
289.50 488.06
290.00 734.57
290.50 896.16
291.00 817.28
291.50 789.91
292.00 783.34
292.50 779.12
293.00 750.26
293.50 662.10
294.00 826.28
294.50 792.39
295.00 838.39
295.50 781.83
296.00 695.48
296.50 456.55
297.00 747.13
297.50 562.52
298.00 724.30
298.50 794.56
299.00 826.55
299.50 854.28
