0.00 741.38
0.50 723.17
1.00 726.32
1.50 658.13
2.00 771.60
2.50 714.62
3.00 683.81
3.50 702.51
4.00 666.72
4.50 766.37
5.00 780.14
5.50 736.49
6.00 786.24
6.50 732.49
7.00 768.16
7.50 771.91
8.00 718.28
8.50 661.37
9.00 757.06
9.50 758.72
10.00 750.74
10.50 681.27
11.00 763.65
11.50 685.79
12.00 736.95
12.50 737.25
13.00 732.28
13.50 685.59
14.00 756.82
14.50 749.25
15.00 696.37
15.50 689.18
16.00 763.76
16.50 751.72
17.00 740.47
17.50 686.68
18.00 761.53
18.50 797.74
19.00 869.43
19.50 847.58
20.00 706.40
20.50 771.02
21.00 719.08
21.50 756.60
22.00 667.23
22.50 785.52
23.00 672.68
23.50 608.26
24.00 808.93
24.50 733.94
25.00 730.50
25.50 849.12
26.00 107.13
26.50 694.78
27.00 743.64
27.50 842.40
28.00 854.28
28.50 856.03
29.00 850.85
29.50 695.75
30.00 7.42
30.50 15.98
31.00 238.79
31.50 16.97
32.00 402.47
32.50 4.88
33.00 4.61
33.50 10.96
34.00 4.13
34.50 12.33
35.00 541.66
35.50 741.20
36.00 757.84
36.50 193.41
37.00 791.00
37.50 700.25
38.00 818.86
38.50 712.64
39.00 218.42
39.50 701.18
40.00 710.64
40.50 673.52
41.00 734.93
41.50 678.34
42.00 664.19
42.50 690.02
43.00 692.74
43.50 850.01
44.00 720.88
44.50 693.26
45.00 721.36
45.50 719.46
46.00 733.88
46.50 756.89
47.00 827.79
47.50 703.30
48.00 704.03
48.50 808.49
49.00 767.56
49.50 154.65
50.00 705.35
50.50 723.80
51.00 698.84
51.50 754.67
52.00 741.39
52.50 762.82
53.00 714.35
53.50 739.06
54.00 799.14
54.50 706.12
55.00 682.38
55.50 756.19
56.00 573.81
56.50 900.00
57.00 718.00
57.50 720.61
58.00 728.13
58.50 865.71
59.00 818.88
59.50 695.21
60.00 677.50
60.50 760.77
61.00 742.45
61.50 724.94
62.00 754.62
62.50 663.77
63.00 692.93
63.50 695.37
64.00 766.93
64.50 705.11
65.00 706.08
65.50 663.86
66.00 751.38
66.50 750.21
67.00 756.34
67.50 718.75
68.00 785.86
68.50 747.69
69.00 763.14
69.50 729.51
70.00 735.90
70.50 773.71
71.00 692.62
71.50 739.03
72.00 721.12
72.50 764.63
73.00 687.85
73.50 731.65
74.00 764.41
74.50 728.08
75.00 696.48
75.50 791.34
76.00 761.51
76.50 683.40
77.00 685.61
77.50 696.30
78.00 699.14
78.50 681.77
79.00 820.88
79.50 817.43
80.00 688.47
80.50 710.79
81.00 691.12
81.50 717.95
82.00 703.61
82.50 750.11
83.00 715.26
83.50 762.62
84.00 741.81
84.50 733.15
85.00 734.92
85.50 756.79
86.00 741.92
86.50 715.81
87.00 725.90
87.50 713.61
88.00 734.84
88.50 773.13
89.00 720.05
89.50 684.82
90.00 777.24
90.50 857.80
91.00 703.81
91.50 705.49
92.00 747.14
92.50 761.44
93.00 759.18
93.50 727.93
94.00 754.88
94.50 795.20
95.00 727.85
95.50 749.78
96.00 690.75
96.50 840.99
97.00 331.54
97.50 688.50
98.00 688.31
98.50 751.93
99.00 695.55
99.50 762.22
100.00 711.02
100.50 697.09
101.00 760.81
101.50 736.08
102.00 695.45
102.50 849.66
103.00 848.41
103.50 722.49
104.00 712.04
104.50 771.30
105.00 758.09
105.50 693.58
106.00 730.43
106.50 737.29
107.00 687.21
107.50 783.22
108.00 766.80
108.50 687.54
109.00 762.64
109.50 728.92
110.00 667.66
110.50 805.26
111.00 1.39
111.50 593.99
112.00 29.15
112.50 64.39
113.00 697.43
113.50 691.73
114.00 515.18
114.50 702.23
115.00 700.19
115.50 712.24
116.00 725.44
116.50 706.15
117.00 663.03
117.50 754.95
118.00 845.70
118.50 696.67
119.00 782.26
119.50 679.45
120.00 716.07
120.50 261.89
121.00 701.61
121.50 355.06
122.00 724.26
122.50 696.78
123.00 837.03
123.50 738.14
124.00 700.15
124.50 651.42
125.00 358.72
125.50 323.57
126.00 771.32
126.50 766.20
127.00 745.30
127.50 736.49
128.00 709.05
128.50 766.57
129.00 763.79
129.50 775.57
130.00 718.60
130.50 755.96
131.00 676.74
131.50 788.74
132.00 727.07
132.50 732.72
133.00 779.13
133.50 763.90
134.00 720.60
134.50 756.42
135.00 775.46
135.50 730.04
136.00 730.27
136.50 728.67
137.00 735.64
137.50 716.24
138.00 688.89
138.50 721.20
139.00 753.58
139.50 687.29
140.00 736.83
140.50 743.79
141.00 681.33
141.50 361.44
142.00 689.10
142.50 796.52
143.00 699.01
143.50 830.68
144.00 682.03
144.50 720.59
145.00 691.23
145.50 279.52
146.00 830.10
146.50 753.06
147.00 720.06
147.50 701.16
148.00 809.95
148.50 726.22
149.00 219.91
149.50 1.57
150.00 557.20
150.50 268.94
151.00 2.98
151.50 369.71
152.00 308.33
152.50 331.23
153.00 740.43
153.50 765.13
154.00 731.70
154.50 236.21
155.00 768.85
155.50 674.03
156.00 687.22
156.50 798.28
157.00 726.61
157.50 673.41
158.00 725.61
158.50 799.30
159.00 709.11
159.50 778.88
160.00 766.58
160.50 748.09
161.00 708.52
161.50 700.03
162.00 785.01
162.50 772.15
163.00 714.26
163.50 703.48
164.00 844.97
164.50 740.69
165.00 717.32
165.50 716.25
166.00 701.63
166.50 689.34
167.00 674.15
167.50 698.50
168.00 785.77
168.50 711.60
169.00 676.82
169.50 388.91
170.00 706.49
170.50 696.73
171.00 788.48
171.50 780.60
172.00 775.03
172.50 838.29
173.00 723.27
173.50 695.12
174.00 758.68
174.50 684.57
175.00 689.32
175.50 650.81
176.00 443.95
176.50 683.88
177.00 735.02
177.50 331.79
178.00 821.95
178.50 843.47
179.00 793.73
179.50 813.05
180.00 704.78
180.50 692.80
181.00 700.99
181.50 719.46
182.00 754.65
182.50 717.61
183.00 748.98
183.50 715.86
184.00 728.75
184.50 710.72
185.00 774.45
185.50 720.46
186.00 723.11
186.50 737.82
187.00 765.84
187.50 727.76
188.00 636.57
188.50 761.33
189.00 742.08
189.50 740.41
190.00 751.37
190.50 752.43
191.00 856.65
191.50 828.27
192.00 814.88
192.50 765.59
193.00 842.80
193.50 298.92
194.00 727.41
194.50 711.44
195.00 790.05
195.50 725.69
196.00 752.91
196.50 749.89
197.00 736.72
197.50 712.80
198.00 763.55
198.50 765.45
199.00 734.63
199.50 746.69
200.00 736.29
200.50 783.64
201.00 689.67
201.50 705.50
202.00 770.77
202.50 714.97
203.00 734.47
203.50 746.14
204.00 710.95
204.50 0.00
205.00 681.15
205.50 770.56
206.00 697.73
206.50 805.17
207.00 710.92
207.50 842.22
208.00 688.00
208.50 689.35
209.00 695.87
209.50 830.19
210.00 799.11
210.50 716.04
211.00 710.19
211.50 714.55
212.00 742.51
212.50 716.02
213.00 744.46
213.50 778.46
214.00 803.24
214.50 808.01
215.00 711.03
215.50 721.46
216.00 214.34
216.50 748.62
217.00 656.18
217.50 706.49
218.00 735.19
218.50 724.66
219.00 668.80
219.50 728.42
220.00 739.53
220.50 722.58
221.00 769.83
221.50 712.64
222.00 711.75
222.50 737.27
223.00 724.63
223.50 742.65
224.00 762.24
224.50 764.78
225.00 722.11
225.50 761.52
226.00 715.81
226.50 735.64
227.00 697.66
227.50 861.58
228.00 843.52
228.50 844.63
229.00 850.41
229.50 839.85
230.00 848.26
230.50 827.98
231.00 829.18
231.50 861.65
232.00 794.58
232.50 810.45
233.00 855.64
233.50 693.28
234.00 703.07
234.50 757.08
235.00 768.41
235.50 799.99
236.00 766.02
236.50 733.51
237.00 714.04
237.50 715.21
238.00 736.54
238.50 675.89
239.00 800.29
239.50 732.34
240.00 744.20
240.50 737.14
241.00 679.63
241.50 449.60
242.00 683.91
242.50 700.49
243.00 717.33
243.50 825.53
244.00 856.37
244.50 727.62
245.00 711.42
245.50 732.83
246.00 670.31
246.50 746.71
247.00 692.12
247.50 794.13
248.00 846.33
248.50 830.15
249.00 813.69
249.50 823.83
250.00 689.80
250.50 784.97
251.00 839.80
251.50 711.54
252.00 744.79
252.50 721.11
253.00 719.05
253.50 734.96
254.00 752.61
254.50 709.03
255.00 714.12
255.50 711.76
256.00 696.90
256.50 692.48
257.00 739.80
257.50 759.60
258.00 720.14
258.50 755.47
259.00 754.95
259.50 723.04
260.00 715.99
260.50 690.81
261.00 734.65
261.50 753.48
262.00 769.74
262.50 781.05
263.00 748.02
263.50 708.37
264.00 748.37
264.50 759.58
265.00 720.76
265.50 747.40
266.00 694.96
266.50 761.18
267.00 757.95
267.50 727.14
268.00 765.12
268.50 706.52
269.00 757.62
269.50 764.94
270.00 403.11
270.50 720.80
271.00 708.31
271.50 720.93
272.00 705.72
272.50 713.18
273.00 715.95
273.50 764.58
274.00 690.41
274.50 756.60
275.00 678.76
275.50 748.43
276.00 699.51
276.50 766.89
277.00 762.36
277.50 712.33
278.00 699.68
278.50 708.56
279.00 5.62
279.50 25.78
280.00 11.18
280.50 341.76
281.00 427.73
281.50 744.31
282.00 265.42
282.50 431.58
283.00 1.43
283.50 433.01
284.00 0.00
284.50 13.55
285.00 724.15
285.50 465.88
286.00 517.49
286.50 721.15
287.00 787.84
287.50 770.16
288.00 782.32
288.50 750.44
289.00 783.07
289.50 741.16
290.00 706.54
290.50 698.22
291.00 708.06
291.50 725.19
292.00 746.87
292.50 690.94
293.00 716.99
293.50 762.53
294.00 749.04
294.50 761.12
295.00 772.87
295.50 710.57
296.00 715.59
296.50 757.22
297.00 798.96
297.50 808.19
298.00 739.04
298.50 692.34
299.00 786.20
299.50 777.21
