0.00 720.94
0.50 737.40
1.00 714.86
1.50 545.72
2.00 477.45
2.50 668.20
3.00 733.24
3.50 782.05
4.00 719.21
4.50 450.52
5.00 900.00
5.50 747.81
6.00 688.43
6.50 700.59
7.00 795.64
7.50 819.79
8.00 708.04
8.50 703.82
9.00 705.64
9.50 615.08
10.00 814.30
10.50 850.99
11.00 760.68
11.50 788.36
12.00 855.18
12.50 717.44
13.00 661.56
13.50 687.93
14.00 712.11
14.50 690.82
15.00 804.08
15.50 873.92
16.00 698.86
16.50 382.02
17.00 385.23
17.50 771.56
18.00 872.81
18.50 704.18
19.00 753.35
19.50 724.18
20.00 716.35
20.50 712.09
21.00 725.02
21.50 718.41
22.00 670.36
22.50 705.06
23.00 661.81
23.50 781.67
24.00 847.24
24.50 24.63
25.00 4.26
25.50 3.92
26.00 0.00
26.50 5.63
27.00 0.00
27.50 16.74
28.00 468.13
28.50 0.00
29.00 794.86
29.50 697.19
30.00 642.79
30.50 754.92
31.00 722.80
31.50 760.75
32.00 767.72
32.50 702.91
33.00 716.20
33.50 728.45
34.00 746.87
34.50 692.99
35.00 763.46
35.50 773.25
36.00 728.24
36.50 689.56
37.00 714.59
37.50 686.99
38.00 710.45
38.50 691.33
39.00 719.84
39.50 748.05
40.00 761.95
40.50 750.91
41.00 732.80
41.50 705.03
42.00 696.20
42.50 712.34
43.00 735.05
43.50 680.53
44.00 2.93
44.50 8.44
45.00 25.81
45.50 713.71
46.00 747.65
46.50 653.07
47.00 733.82
47.50 734.45
48.00 708.19
48.50 796.68
49.00 838.22
49.50 725.84
50.00 704.38
50.50 798.36
51.00 822.14
51.50 741.20
52.00 684.12
52.50 827.89
53.00 832.18
53.50 837.38
54.00 834.37
54.50 839.23
55.00 874.32
55.50 714.81
56.00 723.46
56.50 755.57
57.00 375.23
57.50 481.09
58.00 743.47
58.50 714.42
59.00 696.64
59.50 759.15
60.00 760.19
60.50 760.81
61.00 776.96
61.50 749.49
62.00 716.97
62.50 763.65
63.00 784.25
63.50 697.00
64.00 841.12
64.50 784.68
65.00 686.06
65.50 407.61
66.00 741.66
66.50 900.00
67.00 841.52
67.50 721.79
68.00 726.05
68.50 849.44
69.00 567.99
69.50 686.65
70.00 835.12
70.50 874.53
71.00 811.35
71.50 732.72
72.00 709.53
72.50 637.01
73.00 709.30
73.50 770.12
74.00 698.86
74.50 714.44
75.00 689.80
75.50 734.31
76.00 702.79
76.50 695.91
77.00 681.01
77.50 735.81
78.00 778.68
78.50 782.07
79.00 859.06
79.50 777.28
80.00 855.22
80.50 719.16
81.00 716.19
81.50 752.36
82.00 774.37
82.50 787.90
83.00 749.37
83.50 733.46
84.00 731.23
84.50 753.58
85.00 756.63
85.50 699.87
86.00 756.52
86.50 764.18
87.00 742.04
87.50 755.87
88.00 703.33
88.50 732.25
89.00 735.11
89.50 762.42
90.00 771.52
90.50 667.32
91.00 458.10
91.50 372.40
92.00 734.06
92.50 758.66
93.00 665.08
93.50 737.40
94.00 675.76
94.50 730.41
95.00 735.50
95.50 329.42
96.00 269.56
96.50 754.00
97.00 823.39
97.50 754.58
98.00 585.18
98.50 437.17
99.00 196.93
99.50 23.13
100.00 476.97
100.50 756.29
101.00 659.41
101.50 738.91
102.00 741.66
102.50 708.43
103.00 859.06
103.50 678.39
104.00 673.09
104.50 709.35
105.00 692.48
105.50 713.15
106.00 817.24
106.50 712.26
107.00 817.66
107.50 808.05
108.00 721.87
108.50 884.63
109.00 724.51
109.50 699.80
110.00 681.98
110.50 824.02
111.00 662.12
111.50 834.80
112.00 810.46
112.50 739.58
113.00 725.41
113.50 672.30
114.00 740.27
114.50 770.26
115.00 823.92
115.50 686.44
116.00 721.62
116.50 739.19
117.00 699.14
117.50 795.59
118.00 738.98
118.50 721.00
119.00 746.27
119.50 763.95
120.00 720.40
120.50 766.54
121.00 718.83
121.50 746.70
122.00 684.25
122.50 705.22
123.00 755.34
123.50 729.87
124.00 771.00
124.50 713.76
125.00 762.48
125.50 723.33
126.00 727.95
126.50 736.38
127.00 738.22
127.50 703.16
128.00 805.09
128.50 801.37
129.00 864.31
129.50 821.54
130.00 829.40
130.50 836.20
131.00 725.07
131.50 736.11
132.00 708.86
132.50 716.27
133.00 759.65
133.50 734.28
134.00 723.21
134.50 665.51
135.00 696.25
135.50 722.60
136.00 801.31
136.50 799.53
137.00 751.99
137.50 739.43
138.00 795.47
138.50 746.59
139.00 644.94
139.50 189.97
140.00 828.53
140.50 859.64
141.00 838.49
141.50 857.03
142.00 862.95
142.50 824.08
143.00 738.36
143.50 761.45
144.00 777.74
144.50 816.82
145.00 723.59
145.50 749.70
146.00 753.89
146.50 705.63
147.00 684.47
147.50 704.63
148.00 425.91
148.50 815.72
149.00 857.41
149.50 867.22
150.00 825.27
150.50 831.95
151.00 831.94
151.50 637.70
152.00 679.87
152.50 719.58
153.00 691.77
153.50 819.28
154.00 867.10
154.50 772.51
155.00 721.78
155.50 772.60
156.00 829.72
156.50 828.66
157.00 850.71
157.50 695.15
158.00 739.55
158.50 722.79
159.00 670.32
159.50 698.90
160.00 638.88
160.50 622.84
161.00 712.63
161.50 829.57
162.00 562.30
162.50 0.00
163.00 3.70
163.50 20.24
164.00 0.00
164.50 260.14
165.00 317.28
165.50 464.55
166.00 870.84
166.50 841.73
167.00 833.42
167.50 849.00
168.00 855.29
168.50 865.42
169.00 874.68
169.50 840.69
170.00 826.82
170.50 809.84
171.00 829.81
171.50 853.95
172.00 693.17
172.50 778.32
173.00 724.84
173.50 748.53
174.00 676.49
174.50 797.25
175.00 720.97
175.50 760.12
176.00 698.51
176.50 695.40
177.00 740.57
177.50 803.36
178.00 752.44
178.50 734.88
179.00 822.62
179.50 793.62
180.00 817.03
180.50 832.64
181.00 821.77
181.50 823.28
182.00 832.48
182.50 753.30
183.00 778.60
183.50 759.11
184.00 705.75
184.50 735.10
185.00 750.34
185.50 722.75
186.00 730.94
186.50 722.85
187.00 689.10
187.50 747.73
188.00 691.18
188.50 747.57
189.00 693.36
189.50 702.26
190.00 725.26
190.50 697.16
191.00 863.19
191.50 718.48
192.00 837.56
192.50 431.50
193.00 697.40
193.50 900.00
194.00 813.08
194.50 676.58
195.00 693.21
195.50 737.23
196.00 764.17
196.50 683.95
197.00 750.68
197.50 704.43
198.00 668.77
198.50 739.85
199.00 710.92
199.50 722.60
200.00 778.39
200.50 772.38
201.00 806.08
201.50 844.96
202.00 729.17
202.50 832.31
203.00 824.89
203.50 785.02
204.00 822.10
204.50 841.78
205.00 850.32
205.50 831.42
206.00 874.87
206.50 839.68
207.00 850.60
207.50 819.00
208.00 745.12
208.50 8.88
209.00 725.73
209.50 735.37
210.00 710.89
210.50 680.09
211.00 130.95
211.50 125.51
212.00 373.86
212.50 266.76
213.00 0.00
213.50 547.19
214.00 713.38
214.50 823.61
215.00 333.70
215.50 515.69
216.00 676.92
216.50 717.19
217.00 734.90
217.50 695.68
218.00 405.83
218.50 166.29
219.00 487.27
219.50 710.17
220.00 680.12
220.50 771.89
221.00 789.26
221.50 334.69
222.00 726.20
222.50 736.30
223.00 73.05
223.50 865.49
224.00 822.80
224.50 730.39
225.00 708.98
225.50 750.82
226.00 740.88
226.50 725.43
227.00 746.29
227.50 762.61
228.00 761.98
228.50 758.95
229.00 700.72
229.50 708.65
230.00 791.63
230.50 766.88
231.00 753.57
231.50 750.74
232.00 740.00
232.50 711.78
233.00 734.82
233.50 724.88
234.00 741.66
234.50 817.81
235.00 758.26
235.50 745.27
236.00 527.73
236.50 735.14
237.00 839.58
237.50 899.29
238.00 735.41
238.50 744.27
239.00 688.14
239.50 700.30
240.00 682.28
240.50 719.69
241.00 699.45
241.50 696.74
242.00 702.07
242.50 706.41
243.00 693.22
243.50 728.48
244.00 713.09
244.50 667.36
245.00 701.51
245.50 692.45
246.00 784.48
246.50 761.83
247.00 682.87
247.50 700.62
248.00 740.43
248.50 753.52
249.00 711.23
249.50 753.88
250.00 555.37
250.50 393.96
251.00 531.23
251.50 759.11
252.00 498.37
252.50 338.73
253.00 671.63
253.50 704.48
254.00 847.14
254.50 820.02
255.00 272.70
255.50 802.99
256.00 868.86
256.50 837.12
257.00 830.08
257.50 784.09
258.00 866.63
258.50 826.17
259.00 832.26
259.50 767.88
260.00 721.11
260.50 797.86
261.00 860.00
261.50 826.19
262.00 863.96
262.50 854.41
263.00 828.27
263.50 852.08
264.00 675.35
264.50 773.99
265.00 769.54
265.50 740.00
266.00 726.55
266.50 823.27
267.00 392.98
267.50 702.09
268.00 720.38
268.50 698.82
269.00 847.25
269.50 844.71
270.00 822.25
270.50 811.60
271.00 847.55
271.50 838.83
272.00 670.37
272.50 733.20
273.00 689.58
273.50 751.35
274.00 746.43
274.50 725.42
275.00 751.79
275.50 762.19
276.00 734.62
276.50 738.59
277.00 730.95
277.50 733.19
278.00 705.13
278.50 799.01
279.00 838.11
279.50 825.88
280.00 818.97
280.50 836.67
281.00 685.23
281.50 735.25
282.00 696.63
282.50 688.10
283.00 675.02
283.50 861.17
284.00 804.21
284.50 693.85
285.00 774.33
285.50 847.33
286.00 764.02
286.50 667.62
287.00 690.74
287.50 723.33
288.00 701.19
288.50 712.40
289.00 712.46
289.50 742.84
290.00 711.14
290.50 727.43
291.00 715.79
291.50 717.85
292.00 765.96
292.50 745.84
293.00 716.13
293.50 744.11
294.00 761.20
294.50 750.63
295.00 775.73
295.50 796.75
296.00 719.80
296.50 718.05
297.00 733.90
297.50 656.52
298.00 745.20
298.50 417.66
299.00 687.21
299.50 760.89
