0.00 748.59
0.50 748.11
1.00 721.35
1.50 745.61
2.00 695.49
2.50 713.66
3.00 708.93
3.50 705.32
4.00 812.42
4.50 830.42
5.00 842.09
5.50 813.64
6.00 823.52
6.50 820.56
7.00 818.72
7.50 180.71
8.00 15.50
8.50 0.00
9.00 19.31
9.50 397.85
10.00 721.74
10.50 717.60
11.00 810.99
11.50 707.45
12.00 704.72
12.50 827.30
13.00 795.16
13.50 763.23
14.00 552.87
14.50 843.61
15.00 673.59
15.50 732.42
16.00 710.90
16.50 703.44
17.00 693.04
17.50 729.34
18.00 722.05
18.50 805.15
19.00 789.96
19.50 819.78
20.00 714.71
20.50 821.82
21.00 666.91
21.50 675.70
22.00 714.36
22.50 535.63
23.00 723.20
23.50 318.42
24.00 900.00
24.50 785.44
25.00 711.98
25.50 714.43
26.00 659.99
26.50 686.28
27.00 724.54
27.50 773.50
28.00 519.83
28.50 503.42
29.00 405.39
29.50 734.38
30.00 699.36
30.50 684.13
31.00 748.59
31.50 757.26
32.00 759.72
32.50 711.92
33.00 714.87
33.50 744.89
34.00 696.70
34.50 745.16
35.00 852.80
35.50 666.38
36.00 409.92
36.50 762.73
37.00 702.20
37.50 747.93
38.00 727.33
38.50 807.68
39.00 730.30
39.50 703.55
40.00 719.28
40.50 755.39
41.00 745.60
41.50 765.92
42.00 764.77
42.50 751.33
43.00 694.03
43.50 728.16
44.00 755.42
44.50 774.11
45.00 761.62
45.50 751.10
46.00 734.99
46.50 723.36
47.00 775.69
47.50 711.51
48.00 788.37
48.50 730.19
49.00 714.61
49.50 746.40
50.00 716.84
50.50 718.50
51.00 735.09
51.50 672.21
52.00 719.94
52.50 691.68
53.00 859.40
53.50 899.22
54.00 663.59
54.50 698.99
55.00 710.09
55.50 724.75
56.00 693.80
56.50 713.55
57.00 841.71
57.50 726.51
58.00 676.84
58.50 715.69
59.00 730.77
59.50 701.39
60.00 688.38
60.50 695.73
61.00 719.73
61.50 738.38
62.00 749.69
62.50 746.48
63.00 729.83
63.50 787.84
64.00 806.57
64.50 822.54
65.00 730.88
65.50 849.85
66.00 695.74
66.50 722.33
67.00 787.32
67.50 881.01
68.00 690.03
68.50 666.14
69.00 867.98
69.50 719.24
70.00 711.52
70.50 739.56
71.00 793.86
71.50 766.11
72.00 723.37
72.50 719.55
73.00 762.01
73.50 0.00
74.00 359.36
74.50 336.92
75.00 713.83
75.50 839.11
76.00 817.91
76.50 715.94
77.00 741.43
77.50 681.76
78.00 724.48
78.50 712.02
79.00 735.23
79.50 829.91
80.00 827.92
80.50 844.72
81.00 824.99
81.50 813.70
82.00 839.28
82.50 820.05
83.00 830.05
83.50 846.88
84.00 527.07
84.50 270.97
85.00 374.42
85.50 16.04
86.00 17.02
86.50 0.00
87.00 17.14
87.50 186.92
88.00 799.45
88.50 574.74
89.00 688.02
89.50 857.88
90.00 740.94
90.50 804.71
91.00 848.02
91.50 736.13
92.00 826.93
92.50 860.65
93.00 811.88
93.50 729.21
94.00 765.54
94.50 831.85
95.00 741.97
95.50 721.85
96.00 693.59
96.50 830.82
97.00 670.44
97.50 828.57
98.00 798.32
98.50 491.73
99.00 750.89
99.50 735.11
100.00 716.86
100.50 685.57
101.00 685.43
101.50 471.43
102.00 725.94
102.50 399.57
103.00 478.16
103.50 700.16
104.00 292.38
104.50 14.91
105.00 8.90
105.50 838.57
106.00 719.56
106.50 683.87
107.00 701.79
107.50 727.29
108.00 732.99
108.50 779.45
109.00 713.16
109.50 739.27
110.00 729.79
110.50 719.98
111.00 765.66
111.50 768.16
112.00 767.63
112.50 723.98
113.00 725.66
113.50 760.32
114.00 735.61
114.50 714.98
115.00 731.07
115.50 719.85
116.00 732.75
116.50 716.30
117.00 676.79
117.50 752.27
118.00 737.80
118.50 715.05
119.00 739.03
119.50 722.90
120.00 777.06
120.50 716.65
121.00 725.16
121.50 691.13
122.00 694.78
122.50 788.45
123.00 717.57
123.50 778.07
124.00 753.14
124.50 740.13
125.00 747.25
125.50 737.13
126.00 749.85
126.50 727.21
127.00 696.19
127.50 664.45
128.00 747.76
128.50 363.27
129.00 683.00
129.50 792.20
130.00 780.95
130.50 702.99
131.00 763.18
131.50 744.48
132.00 672.33
132.50 677.94
133.00 759.73
133.50 745.07
134.00 769.45
134.50 784.44
135.00 684.74
135.50 728.30
136.00 719.60
136.50 713.68
137.00 708.96
137.50 723.91
138.00 690.00
138.50 710.76
139.00 678.31
139.50 721.15
140.00 825.57
140.50 822.32
141.00 849.27
141.50 761.07
142.00 686.05
142.50 839.19
143.00 814.13
143.50 738.41
144.00 703.43
144.50 689.86
145.00 744.23
145.50 702.56
146.00 791.04
146.50 701.03
147.00 640.68
147.50 439.65
148.00 419.78
148.50 180.10
149.00 13.19
149.50 467.42
150.00 728.58
150.50 331.82
151.00 0.00
151.50 780.79
152.00 584.67
152.50 744.66
153.00 689.22
153.50 863.34
154.00 818.59
154.50 753.11
155.00 743.35
155.50 705.66
156.00 789.09
156.50 576.41
157.00 758.75
157.50 710.78
158.00 827.17
158.50 838.66
159.00 842.46
159.50 720.90
160.00 864.55
160.50 878.26
161.00 865.25
161.50 828.59
162.00 863.36
162.50 384.08
163.00 284.33
163.50 0.00
164.00 388.83
164.50 11.02
165.00 281.04
165.50 281.34
166.00 137.18
166.50 778.62
167.00 736.23
167.50 740.22
168.00 765.35
168.50 695.31
169.00 750.60
169.50 675.79
170.00 692.12
170.50 825.76
171.00 755.37
171.50 671.44
172.00 226.89
172.50 708.79
173.00 723.86
173.50 773.10
174.00 770.34
174.50 750.83
175.00 726.24
175.50 739.43
176.00 697.76
176.50 22.83
177.00 732.41
177.50 777.06
178.00 725.08
178.50 795.50
179.00 728.69
179.50 747.58
180.00 703.23
180.50 690.06
181.00 722.87
181.50 685.32
182.00 704.41
182.50 714.45
183.00 767.82
183.50 727.98
184.00 812.04
184.50 701.89
185.00 855.30
185.50 677.88
186.00 745.30
186.50 775.79
187.00 715.26
187.50 693.73
188.00 727.02
188.50 761.50
189.00 713.01
189.50 711.27
190.00 696.80
190.50 747.64
191.00 702.18
191.50 873.77
192.00 663.27
192.50 706.48
193.00 726.23
193.50 900.00
194.00 900.00
194.50 860.66
195.00 832.79
195.50 614.16
196.00 723.74
196.50 852.14
197.00 703.56
197.50 707.69
198.00 900.00
198.50 597.80
199.00 784.31
199.50 848.47
200.00 730.94
200.50 699.93
201.00 733.01
201.50 740.92
202.00 773.48
202.50 703.95
203.00 782.72
203.50 741.41
204.00 776.06
204.50 714.91
205.00 711.76
205.50 706.00
206.00 724.07
206.50 810.52
207.00 716.70
207.50 861.74
208.00 824.83
208.50 811.56
209.00 747.03
209.50 709.08
210.00 778.61
210.50 821.66
211.00 858.39
211.50 832.64
212.00 28.82
212.50 738.39
213.00 768.08
213.50 819.06
214.00 705.46
214.50 753.02
215.00 838.79
215.50 866.20
216.00 834.71
216.50 856.50
217.00 478.39
217.50 609.79
218.00 782.99
218.50 720.73
219.00 334.63
219.50 0.00
220.00 346.90
220.50 752.81
221.00 687.64
221.50 874.23
222.00 830.54
222.50 744.31
223.00 753.32
223.50 807.66
224.00 520.91
224.50 510.40
225.00 810.80
225.50 791.42
226.00 702.43
226.50 841.36
227.00 854.55
227.50 859.92
228.00 887.51
228.50 700.95
229.00 697.66
229.50 900.00
230.00 760.00
230.50 740.65
231.00 852.42
231.50 862.40
232.00 810.41
232.50 777.48
233.00 793.44
233.50 726.88
234.00 777.23
234.50 748.56
235.00 775.38
235.50 724.12
236.00 791.16
236.50 732.78
237.00 768.91
237.50 683.73
238.00 721.21
238.50 733.91
239.00 712.57
239.50 753.62
240.00 747.95
240.50 705.12
241.00 719.29
241.50 730.14
242.00 758.63
242.50 706.83
243.00 719.94
243.50 682.08
244.00 745.94
244.50 703.71
245.00 735.94
245.50 729.30
246.00 716.70
246.50 765.36
247.00 694.21
247.50 713.90
248.00 307.23
248.50 765.85
249.00 630.87
249.50 792.94
250.00 771.66
250.50 0.00
251.00 796.40
251.50 261.30
252.00 769.15
252.50 751.55
253.00 770.41
253.50 371.97
254.00 404.42
254.50 303.11
255.00 747.62
255.50 677.86
256.00 788.20
256.50 679.30
257.00 719.67
257.50 776.90
258.00 733.85
258.50 735.29
259.00 722.18
259.50 737.74
260.00 691.51
260.50 713.63
261.00 797.03
261.50 609.06
262.00 176.65
262.50 214.20
263.00 148.80
263.50 763.73
264.00 875.39
264.50 850.04
265.00 826.18
265.50 685.58
266.00 746.27
266.50 754.03
267.00 763.87
267.50 711.65
268.00 672.15
268.50 667.20
269.00 829.32
269.50 748.72
270.00 761.22
270.50 705.55
271.00 738.90
271.50 770.84
272.00 753.26
272.50 753.94
273.00 534.79
273.50 730.97
274.00 719.66
274.50 740.20
275.00 163.37
275.50 279.81
276.00 694.87
276.50 676.97
277.00 781.78
277.50 750.37
278.00 729.66
278.50 697.86
279.00 837.10
279.50 707.90
280.00 900.00
280.50 688.14
281.00 736.40
281.50 724.68
282.00 785.22
282.50 706.17
283.00 773.93
283.50 788.07
284.00 857.41
284.50 702.63
285.00 747.67
285.50 738.03
286.00 794.25
286.50 821.51
287.00 814.88
287.50 709.64
288.00 717.16
288.50 730.37
289.00 834.94
289.50 700.56
290.00 710.18
290.50 806.16
291.00 781.65
291.50 682.25
292.00 794.77
292.50 900.00
293.00 741.32
293.50 728.16
294.00 606.26
294.50 687.29
295.00 685.13
295.50 757.30
296.00 723.63
296.50 730.07
297.00 788.65
297.50 382.93
298.00 692.20
298.50 493.63
299.00 441.83
299.50 698.41
