0.00 679.66
0.50 673.06
1.00 790.73
1.50 169.18
2.00 85.81
2.50 730.94
3.00 775.46
3.50 391.50
4.00 522.59
4.50 23.05
5.00 0.00
5.50 392.20
6.00 617.18
6.50 337.81
7.00 20.90
7.50 0.00
8.00 0.00
8.50 12.37
9.00 14.76
9.50 20.89
10.00 309.59
10.50 104.37
11.00 293.03
11.50 179.78
12.00 696.17
12.50 777.73
13.00 774.42
13.50 741.08
14.00 828.77
14.50 835.50
15.00 825.57
15.50 737.99
16.00 700.04
16.50 711.12
17.00 779.37
17.50 719.71
18.00 770.49
18.50 696.65
19.00 780.50
19.50 707.94
20.00 728.70
20.50 780.31
21.00 753.38
21.50 757.13
22.00 731.94
22.50 740.02
23.00 740.92
23.50 720.64
24.00 765.37
24.50 767.00
25.00 717.08
25.50 747.49
26.00 780.78
26.50 760.59
27.00 740.18
27.50 764.62
28.00 697.56
28.50 701.27
29.00 841.17
29.50 724.33
30.00 707.78
30.50 126.18
31.00 770.45
31.50 779.86
32.00 622.49
32.50 753.50
33.00 709.69
33.50 770.23
34.00 474.33
34.50 777.83
35.00 731.83
35.50 747.82
36.00 757.08
36.50 740.63
37.00 711.93
37.50 744.59
38.00 695.19
38.50 705.20
39.00 714.00
39.50 720.73
40.00 765.09
40.50 748.28
41.00 776.78
41.50 706.11
42.00 668.58
42.50 745.04
43.00 847.64
43.50 735.89
44.00 731.87
44.50 687.81
45.00 743.13
45.50 740.29
46.00 732.76
46.50 739.13
47.00 739.24
47.50 741.59
48.00 728.30
48.50 810.01
49.00 688.26
49.50 708.70
50.00 754.57
50.50 812.33
51.00 739.40
51.50 695.84
52.00 702.65
52.50 781.28
53.00 673.38
53.50 724.88
54.00 840.04
54.50 870.48
55.00 714.20
55.50 722.57
56.00 673.51
56.50 702.79
57.00 806.11
57.50 793.36
58.00 735.75
58.50 702.90
59.00 763.08
59.50 802.68
60.00 477.52
60.50 198.86
61.00 554.33
61.50 637.87
62.00 706.19
62.50 869.41
63.00 762.13
63.50 742.65
64.00 780.32
64.50 755.09
65.00 858.58
65.50 750.72
66.00 768.33
66.50 877.29
67.00 788.87
67.50 811.47
68.00 673.92
68.50 700.31
69.00 749.18
69.50 694.01
70.00 698.02
70.50 717.44
71.00 725.28
71.50 731.05
72.00 849.94
72.50 724.75
73.00 708.83
73.50 786.74
74.00 767.95
74.50 693.05
75.00 734.02
75.50 713.80
76.00 694.82
76.50 758.03
77.00 734.35
77.50 736.30
78.00 765.97
78.50 841.68
79.00 829.62
79.50 894.13
80.00 868.95
80.50 865.38
81.00 789.61
81.50 895.95
82.00 706.18
82.50 684.33
83.00 696.39
83.50 692.04
84.00 826.51
84.50 805.09
85.00 819.80
85.50 761.75
86.00 788.20
86.50 735.21
87.00 800.48
87.50 725.13
88.00 720.00
88.50 739.25
89.00 678.55
89.50 710.53
90.00 673.78
90.50 728.94
91.00 702.12
91.50 841.18
92.00 787.95
92.50 684.76
93.00 701.53
93.50 706.83
94.00 691.66
94.50 739.05
95.00 742.83
95.50 667.08
96.00 637.87
96.50 744.42
97.00 721.84
97.50 682.83
98.00 747.72
98.50 26.41
99.00 302.85
99.50 286.04
100.00 800.01
100.50 703.09
101.00 781.74
101.50 729.71
102.00 738.17
102.50 728.98
103.00 805.06
103.50 827.40
104.00 707.56
104.50 697.67
105.00 735.36
105.50 726.34
106.00 754.17
106.50 818.81
107.00 860.80
107.50 724.48
108.00 784.31
108.50 718.22
109.00 752.50
109.50 750.32
110.00 680.19
110.50 702.21
111.00 385.78
111.50 692.11
112.00 678.20
112.50 681.94
113.00 866.97
113.50 850.79
114.00 700.43
114.50 691.45
115.00 893.40
115.50 742.46
116.00 333.53
116.50 740.21
117.00 682.08
117.50 801.57
118.00 900.00
118.50 757.58
119.00 688.75
119.50 710.95
120.00 774.94
120.50 707.87
121.00 680.70
121.50 714.24
122.00 96.87
122.50 272.25
123.00 124.41
123.50 732.30
124.00 662.89
124.50 812.39
125.00 731.24
125.50 860.22
126.00 832.64
126.50 814.51
127.00 848.25
127.50 869.83
128.00 849.10
128.50 732.24
129.00 863.23
129.50 693.43
130.00 488.85
130.50 712.17
131.00 676.79
131.50 827.11
132.00 746.15
132.50 703.36
133.00 224.81
133.50 712.66
134.00 683.97
134.50 686.72
135.00 788.47
135.50 705.24
136.00 772.30
136.50 739.26
137.00 722.76
137.50 724.62
138.00 734.45
138.50 693.68
139.00 735.12
139.50 684.13
140.00 755.62
140.50 704.82
141.00 737.77
141.50 725.75
142.00 678.78
142.50 830.64
143.00 819.22
143.50 863.03
144.00 739.41
144.50 705.30
145.00 804.67
145.50 726.08
146.00 767.15
146.50 764.17
147.00 720.46
147.50 678.36
148.00 723.36
148.50 708.03
149.00 763.44
149.50 726.13
150.00 750.82
150.50 766.16
151.00 746.64
151.50 695.72
152.00 722.67
152.50 733.75
153.00 721.43
153.50 721.55
154.00 757.64
154.50 731.98
155.00 732.53
155.50 711.88
156.00 563.07
156.50 740.73
157.00 716.18
157.50 702.49
158.00 721.08
158.50 241.48
159.00 717.66
159.50 732.43
160.00 804.84
160.50 708.95
161.00 693.67
161.50 699.33
162.00 752.97
162.50 699.35
163.00 705.81
163.50 743.58
164.00 665.76
164.50 497.36
165.00 663.00
165.50 722.36
166.00 674.90
166.50 701.39
167.00 710.30
167.50 828.99
168.00 679.55
168.50 789.97
169.00 877.88
169.50 847.67
170.00 774.17
170.50 775.77
171.00 718.43
171.50 680.97
172.00 749.51
172.50 708.73
173.00 826.30
173.50 718.64
174.00 702.85
174.50 721.32
175.00 679.07
175.50 720.01
176.00 711.49
176.50 730.62
177.00 732.76
177.50 742.94
178.00 754.28
178.50 733.69
179.00 35.30
179.50 9.89
180.00 17.65
180.50 202.88
181.00 749.94
181.50 725.99
182.00 754.35
182.50 861.24
183.00 272.94
183.50 373.27
184.00 428.95
184.50 732.37
185.00 874.15
185.50 773.46
186.00 729.15
186.50 693.61
187.00 740.31
187.50 766.16
188.00 697.28
188.50 694.70
189.00 405.69
189.50 747.21
190.00 823.72
190.50 703.67
191.00 779.90
191.50 708.86
192.00 480.66
192.50 785.70
193.00 768.69
193.50 762.10
194.00 766.44
194.50 732.26
195.00 728.81
195.50 739.54
196.00 735.28
196.50 743.74
197.00 711.30
197.50 715.31
198.00 754.73
198.50 757.55
199.00 780.19
199.50 713.78
200.00 695.02
200.50 735.46
201.00 735.82
201.50 455.00
202.00 846.86
202.50 713.90
203.00 0.00
203.50 500.49
204.00 0.00
204.50 734.82
205.00 767.20
205.50 678.69
206.00 853.26
206.50 855.20
207.00 709.33
207.50 753.79
208.00 708.62
208.50 710.17
209.00 718.98
209.50 779.40
210.00 830.90
210.50 702.80
211.00 844.75
211.50 832.41
212.00 847.63
212.50 840.78
213.00 575.01
213.50 435.09
214.00 746.69
214.50 693.54
215.00 715.36
215.50 683.88
216.00 703.90
216.50 764.24
217.00 773.83
217.50 743.59
218.00 765.68
218.50 690.54
219.00 694.61
219.50 746.36
220.00 741.17
220.50 711.85
221.00 710.21
221.50 713.80
222.00 715.97
222.50 712.32
223.00 719.30
223.50 734.65
224.00 839.28
224.50 840.48
225.00 95.42
225.50 674.54
226.00 795.66
226.50 820.54
227.00 843.90
227.50 845.43
228.00 842.12
228.50 821.46
229.00 855.60
229.50 847.71
230.00 604.95
230.50 485.98
231.00 557.67
231.50 219.96
232.00 574.30
232.50 308.32
233.00 325.76
233.50 452.75
234.00 192.18
234.50 29.60
235.00 233.39
235.50 0.00
236.00 0.00
236.50 16.85
237.00 0.00
237.50 383.54
238.00 750.51
238.50 732.50
239.00 730.82
239.50 763.92
240.00 709.89
240.50 770.92
241.00 720.31
241.50 799.79
242.00 829.51
242.50 706.30
243.00 657.34
243.50 669.49
244.00 666.93
244.50 753.29
245.00 797.90
245.50 754.11
246.00 674.93
246.50 671.23
247.00 718.55
247.50 697.40
248.00 841.05
248.50 744.93
249.00 680.89
249.50 672.50
250.00 700.33
250.50 710.25
251.00 796.32
251.50 717.29
252.00 664.66
252.50 744.69
253.00 738.52
253.50 775.57
254.00 763.96
254.50 652.45
255.00 718.82
255.50 674.34
256.00 506.81
256.50 702.81
257.00 836.50
257.50 728.15
258.00 666.60
258.50 678.31
259.00 849.17
259.50 717.71
260.00 700.35
260.50 700.87
261.00 853.75
261.50 84.98
262.00 485.56
262.50 20.29
263.00 14.40
263.50 747.61
264.00 700.70
264.50 691.35
265.00 698.90
265.50 698.07
266.00 725.21
266.50 834.51
267.00 822.39
267.50 843.98
268.00 733.27
268.50 711.10
269.00 723.98
269.50 687.79
270.00 790.01
270.50 703.33
271.00 721.36
271.50 721.00
272.00 778.89
272.50 705.62
273.00 900.00
273.50 871.66
274.00 834.48
274.50 682.58
275.00 435.86
275.50 707.88
276.00 689.55
276.50 348.12
277.00 684.25
277.50 728.64
278.00 188.37
278.50 11.60
279.00 4.53
279.50 102.66
280.00 544.20
280.50 737.90
281.00 763.16
281.50 403.04
282.00 22.90
282.50 327.84
283.00 0.00
283.50 0.00
284.00 719.93
284.50 896.37
285.00 430.84
285.50 734.04
286.00 891.61
286.50 786.33
287.00 900.00
287.50 696.95
288.00 703.86
288.50 703.77
289.00 744.05
289.50 862.94
290.00 898.71
290.50 694.71
291.00 689.85
291.50 701.62
292.00 20.90
292.50 685.84
293.00 698.94
293.50 689.02
294.00 746.31
294.50 707.58
295.00 738.34
295.50 697.75
296.00 763.53
296.50 726.91
297.00 758.71
297.50 737.53
298.00 684.71
298.50 714.95
299.00 707.70
299.50 758.10
