0.00 793.70
0.50 664.02
1.00 629.18
1.50 331.83
2.00 166.02
2.50 50.78
3.00 172.00
3.50 334.41
4.00 89.20
4.50 5.56
5.00 701.70
5.50 385.23
6.00 739.51
6.50 700.79
7.00 718.54
7.50 742.72
8.00 716.68
8.50 718.63
9.00 702.34
9.50 797.68
10.00 747.59
10.50 702.25
11.00 674.80
11.50 745.19
12.00 733.35
12.50 747.37
13.00 762.27
13.50 710.01
14.00 817.39
14.50 717.70
15.00 726.49
15.50 697.02
16.00 404.74
16.50 729.33
17.00 738.94
17.50 709.38
18.00 692.24
18.50 709.40
19.00 786.63
19.50 719.01
20.00 504.79
20.50 414.28
21.00 722.22
21.50 703.80
22.00 694.03
22.50 398.20
23.00 321.83
23.50 589.36
24.00 327.85
24.50 104.25
25.00 480.42
25.50 0.00
26.00 20.10
26.50 15.32
27.00 6.24
27.50 739.91
28.00 190.27
28.50 734.61
29.00 860.82
29.50 714.97
30.00 721.96
30.50 694.31
31.00 696.19
31.50 779.76
32.00 900.00
32.50 739.20
33.00 693.94
33.50 821.78
34.00 683.73
34.50 779.34
35.00 745.20
35.50 783.24
36.00 710.70
36.50 704.50
37.00 750.74
37.50 754.71
38.00 838.81
38.50 664.87
39.00 704.25
39.50 827.02
40.00 730.19
40.50 780.48
41.00 815.70
41.50 510.80
42.00 662.28
42.50 606.67
43.00 707.58
43.50 759.54
44.00 7.50
44.50 295.76
45.00 16.51
45.50 609.07
46.00 19.67
46.50 690.74
47.00 10.57
47.50 11.99
48.00 0.00
48.50 29.14
49.00 490.02
49.50 0.00
50.00 0.00
50.50 20.07
51.00 157.77
51.50 117.82
52.00 437.30
52.50 784.51
53.00 834.02
53.50 413.94
54.00 704.49
54.50 737.56
55.00 761.68
55.50 649.19
56.00 669.10
56.50 661.79
57.00 734.51
57.50 787.42
58.00 745.75
58.50 803.10
59.00 742.46
59.50 747.19
60.00 727.68
60.50 838.35
61.00 828.91
61.50 849.14
62.00 866.25
62.50 840.80
63.00 709.04
63.50 732.64
64.00 796.92
64.50 709.18
65.00 768.04
65.50 698.11
66.00 850.13
66.50 847.12
67.00 713.72
67.50 775.06
68.00 850.22
68.50 859.22
69.00 727.29
69.50 708.65
70.00 831.50
70.50 709.45
71.00 832.89
71.50 699.76
72.00 736.65
72.50 796.57
73.00 712.61
73.50 763.00
74.00 735.08
74.50 784.24
75.00 808.32
75.50 805.85
76.00 692.21
76.50 730.83
77.00 755.13
77.50 743.37
78.00 756.75
78.50 689.17
79.00 673.97
79.50 754.16
80.00 687.02
80.50 738.41
81.00 719.25
81.50 714.34
82.00 674.38
82.50 727.68
83.00 702.58
83.50 648.98
84.00 731.88
84.50 753.15
85.00 711.03
85.50 723.39
86.00 551.67
86.50 175.55
87.00 543.60
87.50 556.32
88.00 525.24
88.50 442.83
89.00 78.81
89.50 847.20
90.00 849.94
90.50 852.87
91.00 811.76
91.50 691.03
92.00 757.04
92.50 702.83
93.00 721.53
93.50 723.73
94.00 701.04
94.50 750.37
95.00 778.95
95.50 773.39
96.00 775.20
96.50 753.74
97.00 738.97
97.50 755.74
98.00 718.98
98.50 769.34
99.00 695.74
99.50 715.16
100.00 669.46
100.50 788.15
101.00 777.46
101.50 723.68
102.00 728.52
102.50 711.12
103.00 737.39
103.50 722.34
104.00 750.48
104.50 717.94
105.00 686.04
105.50 700.67
106.00 797.15
106.50 728.11
107.00 786.30
107.50 751.58
108.00 694.25
108.50 738.39
109.00 736.92
109.50 789.28
110.00 746.94
110.50 757.88
111.00 747.83
111.50 714.70
112.00 760.37
112.50 763.65
113.00 711.02
113.50 782.74
114.00 746.64
114.50 753.74
115.00 741.24
115.50 728.39
116.00 687.90
116.50 748.17
117.00 761.43
117.50 766.63
118.00 702.90
118.50 265.01
119.00 733.09
119.50 751.56
120.00 734.92
120.50 668.34
121.00 692.81
121.50 763.68
122.00 719.67
122.50 735.15
123.00 741.54
123.50 406.35
124.00 539.10
124.50 704.08
125.00 787.39
125.50 701.82
126.00 841.26
126.50 797.85
127.00 840.11
127.50 857.31
128.00 756.91
128.50 735.79
129.00 720.74
129.50 502.32
130.00 725.45
130.50 684.80
131.00 719.93
131.50 709.77
132.00 703.80
132.50 744.37
133.00 708.19
133.50 699.82
134.00 723.40
134.50 809.48
135.00 1.81
135.50 0.00
136.00 21.46
136.50 743.17
137.00 8.83
137.50 2.57
138.00 0.00
138.50 204.95
139.00 524.78
139.50 534.89
140.00 776.83
140.50 835.81
141.00 518.39
141.50 418.62
142.00 432.57
142.50 0.55
143.00 0.00
143.50 3.14
144.00 10.49
144.50 477.04
145.00 403.20
145.50 627.69
146.00 754.80
146.50 726.89
147.00 736.94
147.50 740.82
148.00 846.99
148.50 876.44
149.00 811.78
149.50 864.83
150.00 797.91
150.50 719.20
151.00 747.19
151.50 823.01
152.00 817.96
152.50 829.60
153.00 837.00
153.50 773.42
154.00 720.09
154.50 708.83
155.00 719.83
155.50 862.38
156.00 629.68
156.50 7.44
157.00 12.02
157.50 0.00
158.00 500.50
158.50 423.74
159.00 5.10
159.50 1.37
160.00 12.65
160.50 14.00
161.00 377.75
161.50 6.59
162.00 4.98
162.50 29.23
163.00 596.12
163.50 739.95
164.00 697.73
164.50 527.82
165.00 353.63
165.50 11.16
166.00 318.12
166.50 751.88
167.00 850.31
167.50 813.43
168.00 864.38
168.50 863.73
169.00 848.22
169.50 835.34
170.00 854.81
170.50 796.20
171.00 714.87
171.50 879.53
172.00 401.38
172.50 774.66
173.00 786.03
173.50 770.55
174.00 721.08
174.50 728.51
175.00 756.62
175.50 680.93
176.00 823.53
176.50 817.45
177.00 841.96
177.50 773.50
178.00 770.13
178.50 739.20
179.00 780.94
179.50 657.30
180.00 800.14
180.50 870.22
181.00 843.00
181.50 834.46
182.00 662.82
182.50 769.04
183.00 751.57
183.50 733.13
184.00 722.79
184.50 738.55
185.00 863.57
185.50 831.17
186.00 833.16
186.50 834.35
187.00 871.80
187.50 844.52
188.00 810.39
188.50 656.84
189.00 706.51
189.50 748.68
190.00 772.68
190.50 739.19
191.00 728.94
191.50 700.90
192.00 791.67
192.50 828.35
193.00 748.64
193.50 739.00
194.00 717.37
194.50 729.80
195.00 655.69
195.50 729.00
196.00 812.35
196.50 761.73
197.00 752.37
197.50 726.47
198.00 844.06
198.50 699.55
199.00 729.78
199.50 730.30
200.00 680.80
200.50 701.81
201.00 737.96
201.50 734.34
202.00 750.98
202.50 727.30
203.00 871.08
203.50 773.33
204.00 844.12
204.50 766.79
205.00 732.77
205.50 713.23
206.00 750.72
206.50 694.39
207.00 783.45
207.50 713.15
208.00 748.98
208.50 747.90
209.00 745.61
209.50 697.65
210.00 779.52
210.50 747.67
211.00 756.82
211.50 851.12
212.00 701.08
212.50 889.09
213.00 790.50
213.50 872.34
214.00 725.01
214.50 836.72
215.00 673.83
215.50 392.64
216.00 800.77
216.50 754.17
217.00 707.92
217.50 751.01
218.00 712.91
218.50 804.81
219.00 800.18
219.50 684.95
220.00 719.59
220.50 719.83
221.00 657.60
221.50 788.27
222.00 790.77
222.50 687.85
223.00 704.46
223.50 752.91
224.00 686.26
224.50 744.11
225.00 750.40
225.50 737.44
226.00 839.62
226.50 57.65
227.00 471.12
227.50 712.25
228.00 714.04
228.50 732.44
229.00 715.16
229.50 765.68
230.00 673.27
230.50 707.73
231.00 761.16
231.50 697.06
232.00 258.21
232.50 556.95
233.00 695.64
233.50 758.23
234.00 736.84
234.50 742.25
235.00 19.59
235.50 260.29
236.00 720.64
236.50 850.36
237.00 710.70
237.50 826.78
238.00 667.34
238.50 484.08
239.00 10.56
239.50 278.71
240.00 426.92
240.50 731.93
241.00 317.65
241.50 285.52
242.00 2.22
242.50 454.72
243.00 740.02
243.50 776.27
244.00 847.05
244.50 830.64
245.00 843.89
245.50 810.82
246.00 846.45
246.50 806.92
247.00 825.88
247.50 897.01
248.00 712.78
248.50 715.99
249.00 748.89
249.50 696.88
250.00 762.10
250.50 775.41
251.00 701.87
251.50 794.28
252.00 793.02
252.50 850.98
253.00 355.05
253.50 714.23
254.00 680.76
254.50 871.10
255.00 775.55
255.50 815.16
256.00 743.12
256.50 658.01
257.00 689.94
257.50 669.31
258.00 720.60
258.50 697.18
259.00 737.41
259.50 739.66
260.00 819.55
260.50 881.49
261.00 717.32
261.50 735.76
262.00 715.23
262.50 682.33
263.00 725.55
263.50 741.05
264.00 806.55
264.50 721.09
265.00 801.58
265.50 761.89
266.00 773.43
266.50 855.03
267.00 819.86
267.50 863.53
268.00 859.12
268.50 844.87
269.00 855.80
269.50 687.08
270.00 0.00
270.50 728.33
271.00 698.88
271.50 756.84
272.00 751.74
272.50 732.22
273.00 750.05
273.50 715.30
274.00 315.10
274.50 706.88
275.00 643.12
275.50 607.27
276.00 710.30
276.50 706.11
277.00 701.15
277.50 697.23
278.00 738.75
278.50 701.92
279.00 690.74
279.50 732.38
280.00 715.21
280.50 712.18
281.00 724.86
281.50 732.69
282.00 693.03
282.50 844.83
283.00 702.13
283.50 824.12
284.00 821.08
284.50 731.26
285.00 681.22
285.50 828.79
286.00 748.11
286.50 813.93
287.00 713.64
287.50 701.57
288.00 694.25
288.50 891.87
289.00 716.37
289.50 702.39
290.00 760.29
290.50 773.85
291.00 820.13
291.50 856.45
292.00 847.13
292.50 760.78
293.00 789.60
293.50 735.18
294.00 724.27
294.50 750.90
295.00 811.61
295.50 696.36
296.00 736.62
296.50 709.19
297.00 693.87
297.50 829.00
298.00 729.45
298.50 686.63
299.00 703.76
299.50 771.82
