0.00 743.50
0.50 697.65
1.00 680.72
1.50 765.86
2.00 713.13
2.50 758.33
3.00 781.17
3.50 716.86
4.00 720.50
4.50 668.03
5.00 753.36
5.50 707.87
6.00 725.86
6.50 716.81
7.00 771.73
7.50 743.70
8.00 750.33
8.50 757.51
9.00 377.53
9.50 421.36
10.00 0.00
10.50 28.33
11.00 20.47
11.50 16.98
12.00 295.97
12.50 635.00
13.00 866.43
13.50 865.60
14.00 815.84
14.50 728.17
15.00 726.54
15.50 729.73
16.00 756.28
16.50 762.81
17.00 776.55
17.50 676.10
18.00 714.37
18.50 768.44
19.00 712.58
19.50 699.86
20.00 725.96
20.50 746.54
21.00 717.22
21.50 766.43
22.00 703.37
22.50 723.76
23.00 717.84
23.50 769.55
24.00 758.40
24.50 683.71
25.00 760.50
25.50 787.68
26.00 722.94
26.50 728.73
27.00 734.90
27.50 706.07
28.00 755.28
28.50 748.51
29.00 712.07
29.50 694.17
30.00 756.14
30.50 695.59
31.00 2.41
31.50 2.74
32.00 9.68
32.50 13.80
33.00 647.45
33.50 248.20
34.00 745.43
34.50 730.90
35.00 724.97
35.50 723.16
36.00 760.96
36.50 681.65
37.00 743.28
37.50 740.63
38.00 720.73
38.50 746.24
39.00 747.39
39.50 730.74
40.00 745.40
40.50 732.28
41.00 754.89
41.50 687.26
42.00 708.63
42.50 743.83
43.00 720.02
43.50 742.36
44.00 726.45
44.50 699.78
45.00 667.40
45.50 740.34
46.00 765.96
46.50 724.94
47.00 876.32
47.50 703.23
48.00 747.69
48.50 718.60
49.00 668.24
49.50 693.02
50.00 685.41
50.50 756.06
51.00 779.73
51.50 900.00
52.00 707.72
52.50 741.86
53.00 698.41
53.50 714.91
54.00 655.07
54.50 704.70
55.00 682.51
55.50 697.93
56.00 703.36
56.50 789.31
57.00 663.04
57.50 637.03
58.00 699.26
58.50 713.33
59.00 826.40
59.50 746.23
60.00 541.31
60.50 481.72
61.00 705.26
61.50 738.65
62.00 762.34
62.50 732.85
63.00 801.13
63.50 722.21
64.00 777.80
64.50 676.26
65.00 728.23
65.50 854.35
66.00 836.94
66.50 825.11
67.00 723.36
67.50 750.98
68.00 775.46
68.50 739.63
69.00 728.49
69.50 733.22
70.00 740.92
70.50 767.74
71.00 741.66
71.50 733.23
72.00 724.95
72.50 828.64
73.00 900.00
73.50 835.00
74.00 820.88
74.50 857.14
75.00 843.30
75.50 826.39
76.00 858.43
76.50 846.99
77.00 825.60
77.50 827.95
78.00 854.76
78.50 855.50
79.00 851.31
79.50 818.29
80.00 771.76
80.50 765.34
81.00 721.36
81.50 660.24
82.00 812.46
82.50 759.20
83.00 730.00
83.50 737.40
84.00 753.53
84.50 674.88
85.00 738.39
85.50 746.60
86.00 746.61
86.50 752.92
87.00 771.40
87.50 760.56
88.00 746.39
88.50 728.55
89.00 756.11
89.50 720.87
90.00 731.73
90.50 684.27
91.00 752.34
91.50 787.79
92.00 721.42
92.50 702.97
93.00 701.98
93.50 768.97
94.00 717.57
94.50 721.91
95.00 674.49
95.50 187.74
96.00 413.58
96.50 676.34
97.00 734.18
97.50 706.29
98.00 839.72
98.50 731.81
99.00 683.67
99.50 668.00
100.00 706.78
100.50 719.78
101.00 726.52
101.50 733.59
102.00 750.66
102.50 726.56
103.00 634.13
103.50 765.39
104.00 763.53
104.50 732.21
105.00 708.49
105.50 861.67
106.00 777.45
106.50 862.33
107.00 680.10
107.50 796.99
108.00 859.06
108.50 719.30
109.00 853.67
109.50 547.85
110.00 692.77
110.50 655.30
111.00 687.38
111.50 704.72
112.00 809.49
112.50 796.21
113.00 734.81
113.50 674.81
114.00 801.77
114.50 219.73
115.00 5.31
115.50 434.50
116.00 348.39
116.50 21.33
117.00 0.00
117.50 3.73
118.00 0.00
118.50 479.60
119.00 397.93
119.50 17.23
120.00 3.48
120.50 6.33
121.00 2.16
121.50 0.00
122.00 0.00
122.50 4.11
123.00 12.20
123.50 24.58
124.00 3.76
124.50 8.22
125.00 7.85
125.50 14.13
126.00 712.29
126.50 692.01
127.00 678.29
127.50 721.95
128.00 770.52
128.50 724.01
129.00 752.79
129.50 768.79
130.00 720.91
130.50 718.22
131.00 756.12
131.50 713.08
132.00 732.61
132.50 746.66
133.00 746.79
133.50 738.10
134.00 736.94
134.50 856.61
135.00 699.01
135.50 828.92
136.00 721.97
136.50 740.95
137.00 793.77
137.50 694.48
138.00 726.05
138.50 750.90
139.00 761.61
139.50 698.20
140.00 326.69
140.50 232.88
141.00 749.20
141.50 693.20
142.00 712.18
142.50 727.51
143.00 714.24
143.50 670.34
144.00 768.96
144.50 676.93
145.00 738.28
145.50 658.97
146.00 266.65
146.50 126.66
147.00 355.21
147.50 722.14
148.00 787.14
148.50 701.19
149.00 732.80
149.50 702.75
150.00 691.36
150.50 873.75
151.00 761.05
151.50 664.71
152.00 870.16
152.50 888.72
153.00 664.92
153.50 796.59
154.00 731.13
154.50 711.97
155.00 826.50
155.50 710.82
156.00 726.34
156.50 719.23
157.00 832.82
157.50 672.91
158.00 748.97
158.50 847.76
159.00 723.77
159.50 703.68
160.00 747.06
160.50 36.41
161.00 13.08
161.50 819.12
162.00 756.98
162.50 833.31
163.00 788.73
163.50 677.85
164.00 544.68
164.50 0.97
165.00 12.61
165.50 302.98
166.00 13.15
166.50 186.05
167.00 544.98
167.50 842.03
168.00 730.79
168.50 826.63
169.00 870.23
169.50 850.35
170.00 742.80
170.50 705.29
171.00 742.58
171.50 766.03
172.00 723.74
172.50 734.41
173.00 698.02
173.50 713.76
174.00 780.87
174.50 698.80
175.00 685.83
175.50 701.33
176.00 719.01
176.50 721.07
177.00 817.33
177.50 889.91
178.00 693.88
178.50 759.23
179.00 867.75
179.50 249.71
180.00 242.61
180.50 682.55
181.00 715.50
181.50 829.13
182.00 840.00
182.50 784.34
183.00 763.60
183.50 744.72
184.00 740.56
184.50 646.96
185.00 709.08
185.50 750.08
186.00 723.53
186.50 689.97
187.00 786.97
187.50 846.44
188.00 684.90
188.50 700.80
189.00 836.89
189.50 900.00
190.00 715.83
190.50 692.99
191.00 732.05
191.50 592.00
192.00 753.46
192.50 722.67
193.00 795.21
193.50 820.35
194.00 310.86
194.50 531.55
195.00 348.17
195.50 741.96
196.00 702.14
196.50 719.39
197.00 711.78
197.50 745.90
198.00 728.11
198.50 790.17
199.00 738.47
199.50 725.72
200.00 736.17
200.50 748.11
201.00 742.01
201.50 805.69
202.00 691.90
202.50 711.14
203.00 786.28
203.50 789.02
204.00 751.32
204.50 661.17
205.00 728.80
205.50 720.56
206.00 734.93
206.50 779.25
207.00 677.04
207.50 742.64
208.00 730.41
208.50 746.19
209.00 857.80
209.50 823.60
210.00 704.47
210.50 813.24
211.00 687.66
211.50 709.12
212.00 645.99
212.50 718.99
213.00 761.52
213.50 773.98
214.00 752.28
214.50 748.15
215.00 728.69
215.50 705.25
216.00 748.68
216.50 666.15
217.00 707.48
217.50 770.90
218.00 733.59
218.50 721.15
219.00 760.45
219.50 764.40
220.00 710.66
220.50 689.90
221.00 784.80
221.50 749.57
222.00 718.95
222.50 677.87
223.00 841.50
223.50 834.35
224.00 835.13
224.50 366.45
225.00 13.33
225.50 280.73
226.00 429.56
226.50 319.16
227.00 0.00
227.50 17.19
228.00 366.05
228.50 297.03
229.00 736.16
229.50 731.90
230.00 263.88
230.50 212.32
231.00 15.32
231.50 8.58
232.00 0.00
232.50 33.31
233.00 10.70
233.50 18.66
234.00 8.98
234.50 6.34
235.00 9.41
235.50 629.14
236.00 0.71
236.50 4.30
237.00 291.86
237.50 300.92
238.00 418.19
238.50 783.34
239.00 713.80
239.50 861.31
240.00 864.26
240.50 235.66
241.00 424.30
241.50 389.76
242.00 311.44
242.50 273.45
243.00 277.66
243.50 480.82
244.00 23.76
244.50 8.92
245.00 0.00
245.50 0.00
246.00 14.55
246.50 119.36
247.00 13.34
247.50 900.00
248.00 743.46
248.50 676.00
249.00 782.05
249.50 841.64
250.00 829.36
250.50 829.39
251.00 731.32
251.50 737.25
252.00 758.07
252.50 770.69
253.00 736.32
253.50 710.95
254.00 209.21
254.50 183.91
255.00 444.16
255.50 748.85
256.00 756.17
256.50 0.00
257.00 467.70
257.50 702.95
258.00 643.86
258.50 820.54
259.00 734.89
259.50 895.16
260.00 789.33
260.50 691.74
261.00 866.67
261.50 386.84
262.00 748.05
262.50 690.25
263.00 695.42
263.50 718.07
264.00 731.83
264.50 753.15
265.00 710.69
265.50 726.87
266.00 720.40
266.50 729.09
267.00 782.09
267.50 714.28
268.00 681.71
268.50 732.83
269.00 784.81
269.50 716.29
270.00 739.75
270.50 718.61
271.00 748.66
271.50 698.35
272.00 747.42
272.50 650.89
273.00 702.98
273.50 756.18
274.00 777.75
274.50 725.24
275.00 680.39
275.50 708.80
276.00 755.38
276.50 742.90
277.00 738.11
277.50 689.07
278.00 744.57
278.50 714.83
279.00 0.00
279.50 0.00
280.00 9.50
280.50 466.97
281.00 508.93
281.50 696.17
282.00 95.19
282.50 716.33
283.00 686.51
283.50 655.80
284.00 669.04
284.50 862.18
285.00 763.02
285.50 834.45
286.00 792.30
286.50 863.74
287.00 429.49
287.50 275.74
288.00 63.57
288.50 739.35
289.00 651.35
289.50 685.05
290.00 743.01
290.50 770.90
291.00 685.05
291.50 796.69
292.00 829.62
292.50 855.29
293.00 807.32
293.50 839.61
294.00 844.59
294.50 870.74
295.00 823.19
295.50 867.35
296.00 831.53
296.50 846.45
297.00 763.36
297.50 168.36
298.00 0.00
298.50 33.84
299.00 798.32
299.50 746.82
