0.00 723.38
0.50 737.46
1.00 719.18
1.50 696.60
2.00 783.09
2.50 743.32
3.00 747.72
3.50 714.50
4.00 705.78
4.50 847.01
5.00 802.40
5.50 790.00
6.00 733.85
6.50 506.26
7.00 2.71
7.50 367.98
8.00 732.81
8.50 713.72
9.00 736.02
9.50 781.21
10.00 730.94
10.50 713.87
11.00 722.53
11.50 731.75
12.00 750.01
12.50 690.14
13.00 786.80
13.50 767.79
14.00 781.72
14.50 750.84
15.00 728.58
15.50 740.89
16.00 785.08
16.50 747.97
17.00 731.00
17.50 697.60
18.00 797.51
18.50 693.44
19.00 732.98
19.50 711.96
20.00 722.77
20.50 686.72
21.00 745.93
21.50 757.73
22.00 718.42
22.50 771.48
23.00 759.31
23.50 716.00
24.00 722.28
24.50 709.61
25.00 756.51
25.50 744.82
26.00 763.12
26.50 697.94
27.00 748.93
27.50 705.20
28.00 749.77
28.50 268.32
29.00 0.00
29.50 12.77
30.00 98.46
30.50 0.00
31.00 1.97
31.50 271.81
32.00 842.12
32.50 850.76
33.00 842.41
33.50 718.50
34.00 689.19
34.50 785.32
35.00 723.06
35.50 685.44
36.00 785.10
36.50 463.50
37.00 843.04
37.50 831.24
38.00 804.33
38.50 827.52
39.00 849.02
39.50 858.62
40.00 855.74
40.50 717.64
41.00 730.99
41.50 769.75
42.00 841.96
42.50 197.44
43.00 733.31
43.50 340.05
44.00 227.97
44.50 470.18
45.00 16.05
45.50 379.04
46.00 399.64
46.50 775.18
47.00 835.00
47.50 793.21
48.00 684.55
48.50 377.21
49.00 675.25
49.50 730.26
50.00 876.63
50.50 815.95
51.00 833.69
51.50 726.04
52.00 748.16
52.50 840.96
53.00 873.44
53.50 836.90
54.00 872.46
54.50 829.35
55.00 782.30
55.50 452.76
56.00 750.61
56.50 768.43
57.00 837.47
57.50 856.95
58.00 241.15
58.50 488.64
59.00 518.87
59.50 728.00
60.00 874.16
60.50 850.33
61.00 843.82
61.50 776.03
62.00 740.98
62.50 733.28
63.00 690.41
63.50 695.75
64.00 731.26
64.50 760.00
65.00 836.62
65.50 841.19
66.00 831.80
66.50 844.21
67.00 732.13
67.50 748.95
68.00 772.58
68.50 742.12
69.00 719.75
69.50 724.68
70.00 741.87
70.50 749.20
71.00 742.52
71.50 737.85
72.00 856.15
72.50 527.05
73.00 176.66
73.50 793.13
74.00 728.91
74.50 659.72
75.00 709.38
75.50 708.88
76.00 802.52
76.50 462.45
77.00 743.59
77.50 716.74
78.00 739.14
78.50 769.80
79.00 742.25
79.50 673.28
80.00 693.32
80.50 750.60
81.00 645.32
81.50 751.48
82.00 765.95
82.50 878.35
83.00 831.19
83.50 713.49
84.00 787.39
84.50 707.85
85.00 735.04
85.50 822.99
86.00 777.05
86.50 808.06
87.00 852.36
87.50 743.96
88.00 728.13
88.50 714.84
89.00 504.23
89.50 755.52
90.00 881.40
90.50 684.96
91.00 792.82
91.50 806.06
92.00 719.19
92.50 720.08
93.00 683.15
93.50 805.32
94.00 726.18
94.50 664.54
95.00 730.25
95.50 700.92
96.00 681.58
96.50 736.67
97.00 752.01
97.50 694.10
98.00 632.83
98.50 16.80
99.00 145.06
99.50 16.93
100.00 900.00
100.50 734.81
101.00 676.97
101.50 724.98
102.00 508.75
102.50 688.37
103.00 688.09
103.50 820.38
104.00 828.78
104.50 670.02
105.00 708.06
105.50 840.69
106.00 743.46
106.50 697.79
107.00 751.28
107.50 736.65
108.00 701.11
108.50 748.95
109.00 683.78
109.50 709.79
110.00 310.87
110.50 117.74
111.00 12.18
111.50 389.63
112.00 682.42
112.50 697.02
113.00 773.77
113.50 769.86
114.00 731.10
114.50 785.06
115.00 779.60
115.50 769.35
116.00 736.69
116.50 671.20
117.00 750.82
117.50 840.92
118.00 675.07
118.50 748.53
119.00 674.79
119.50 702.59
120.00 683.92
120.50 748.89
121.00 232.84
121.50 16.21
122.00 0.00
122.50 0.00
123.00 0.00
123.50 0.00
124.00 727.19
124.50 782.88
125.00 767.71
125.50 731.38
126.00 685.21
126.50 769.58
127.00 753.52
127.50 791.61
128.00 690.72
128.50 748.37
129.00 687.36
129.50 861.61
130.00 715.68
130.50 642.15
131.00 749.55
131.50 750.94
132.00 750.25
132.50 489.78
133.00 178.57
133.50 0.00
134.00 746.37
134.50 727.68
135.00 732.26
135.50 720.34
136.00 753.99
136.50 703.07
137.00 725.56
137.50 743.25
138.00 737.04
138.50 766.92
139.00 738.08
139.50 738.60
140.00 765.88
140.50 720.35
141.00 698.31
141.50 698.09
142.00 713.17
142.50 744.77
143.00 841.83
143.50 864.89
144.00 832.00
144.50 883.63
145.00 724.88
145.50 693.46
146.00 722.19
146.50 811.12
147.00 800.15
147.50 812.85
148.00 715.76
148.50 728.52
149.00 702.12
149.50 746.47
150.00 778.13
150.50 703.13
151.00 743.02
151.50 734.31
152.00 711.67
152.50 780.49
153.00 750.03
153.50 716.58
154.00 770.90
154.50 755.89
155.00 748.72
155.50 861.59
156.00 817.11
156.50 842.83
157.00 850.29
157.50 851.93
158.00 856.26
158.50 833.83
159.00 834.65
159.50 835.62
160.00 845.18
160.50 59.30
161.00 177.81
161.50 759.94
162.00 761.72
162.50 718.74
163.00 742.34
163.50 744.61
164.00 791.11
164.50 748.38
165.00 504.30
165.50 527.84
166.00 327.17
166.50 0.00
167.00 0.00
167.50 8.04
168.00 13.38
168.50 443.96
169.00 724.86
169.50 746.94
170.00 717.23
170.50 736.50
171.00 198.61
171.50 18.22
172.00 2.52
172.50 742.99
173.00 734.81
173.50 867.70
174.00 805.30
174.50 748.56
175.00 741.27
175.50 699.47
176.00 298.87
176.50 864.15
177.00 718.67
177.50 655.83
178.00 690.96
178.50 805.44
179.00 731.01
179.50 753.54
180.00 714.88
180.50 718.46
181.00 772.31
181.50 716.90
182.00 708.98
182.50 735.23
183.00 722.65
183.50 733.05
184.00 703.79
184.50 735.41
185.00 739.61
185.50 705.25
186.00 536.00
186.50 706.02
187.00 720.33
187.50 808.02
188.00 830.36
188.50 674.67
189.00 715.83
189.50 692.43
190.00 842.26
190.50 486.89
191.00 818.78
191.50 783.15
192.00 701.89
192.50 709.55
193.00 712.25
193.50 688.25
194.00 681.87
194.50 468.14
195.00 552.92
195.50 701.97
196.00 725.28
196.50 703.79
197.00 701.21
197.50 718.17
198.00 793.84
198.50 779.77
199.00 690.09
199.50 683.53
200.00 832.78
200.50 703.47
201.00 712.14
201.50 769.43
202.00 672.43
202.50 684.69
203.00 760.16
203.50 693.31
204.00 721.36
204.50 663.35
205.00 695.17
205.50 396.06
206.00 70.56
206.50 812.28
207.00 824.29
207.50 527.82
208.00 299.19
208.50 699.53
209.00 721.18
209.50 847.90
210.00 705.36
210.50 145.61
211.00 617.98
211.50 694.43
212.00 732.78
212.50 672.99
213.00 712.28
213.50 693.74
214.00 722.11
214.50 722.28
215.00 740.82
215.50 760.70
216.00 680.63
216.50 673.59
217.00 746.86
217.50 695.16
218.00 729.53
218.50 771.40
219.00 760.41
219.50 733.86
220.00 773.14
220.50 738.66
221.00 761.15
221.50 689.92
222.00 626.76
222.50 792.24
223.00 828.36
223.50 871.66
224.00 727.25
224.50 691.24
225.00 780.56
225.50 705.06
226.00 704.90
226.50 767.53
227.00 734.54
227.50 748.28
228.00 697.31
228.50 675.43
229.00 722.19
229.50 728.77
230.00 706.40
230.50 784.13
231.00 714.73
231.50 794.67
232.00 715.24
232.50 776.89
233.00 810.24
233.50 831.96
234.00 816.80
234.50 804.87
235.00 817.74
235.50 839.56
236.00 836.20
236.50 851.94
237.00 873.59
237.50 747.23
238.00 785.84
238.50 690.43
239.00 685.75
239.50 685.75
240.00 723.49
240.50 673.82
241.00 718.39
241.50 825.15
242.00 705.29
242.50 699.20
243.00 686.78
243.50 766.42
244.00 866.64
244.50 749.12
245.00 722.19
245.50 679.36
246.00 707.63
246.50 637.14
247.00 715.69
247.50 711.40
248.00 800.78
248.50 709.38
249.00 686.39
249.50 857.82
250.00 690.96
250.50 709.50
251.00 749.66
251.50 442.21
252.00 467.41
252.50 709.07
253.00 709.23
253.50 722.98
254.00 729.58
254.50 749.71
255.00 729.78
255.50 742.68
256.00 711.90
256.50 762.96
257.00 713.73
257.50 782.56
258.00 672.73
258.50 711.53
259.00 789.23
259.50 740.48
260.00 725.14
260.50 745.52
261.00 716.88
261.50 707.31
262.00 750.65
262.50 720.60
263.00 758.71
263.50 754.47
264.00 778.07
264.50 743.99
265.00 732.97
265.50 752.10
266.00 711.62
266.50 729.24
267.00 719.15
267.50 710.07
268.00 728.14
268.50 696.31
269.00 743.81
269.50 758.38
270.00 716.25
270.50 791.00
271.00 798.15
271.50 733.20
272.00 717.57
272.50 707.23
273.00 754.76
273.50 758.75
274.00 731.12
274.50 797.83
275.00 833.23
275.50 822.40
276.00 742.44
276.50 756.41
277.00 776.67
277.50 682.90
278.00 764.11
278.50 746.46
279.00 672.58
279.50 753.96
280.00 776.16
280.50 731.14
281.00 775.85
281.50 713.46
282.00 704.85
282.50 704.72
283.00 728.26
283.50 687.72
284.00 746.59
284.50 730.94
285.00 786.36
285.50 717.90
286.00 758.28
286.50 731.45
287.00 718.61
287.50 2.38
288.00 376.67
288.50 460.31
289.00 0.00
289.50 659.43
290.00 687.96
290.50 707.81
291.00 716.44
291.50 282.30
292.00 357.80
292.50 814.11
293.00 831.53
293.50 424.32
294.00 689.64
294.50 742.81
295.00 221.16
295.50 705.25
296.00 804.48
296.50 697.87
297.00 757.09
297.50 738.39
298.00 723.77
298.50 688.00
299.00 687.09
299.50 701.13
