0.00 660.55
0.50 754.20
1.00 715.45
1.50 830.97
2.00 733.50
2.50 762.05
3.00 702.44
3.50 780.41
4.00 757.13
4.50 722.22
5.00 756.08
5.50 772.15
6.00 748.66
6.50 728.39
7.00 693.73
7.50 732.76
8.00 740.12
8.50 782.78
9.00 814.29
9.50 812.29
10.00 766.64
10.50 709.43
11.00 707.81
11.50 665.54
12.00 715.47
12.50 730.81
13.00 711.97
13.50 767.39
14.00 703.29
14.50 789.02
15.00 753.67
15.50 695.34
16.00 738.30
16.50 707.39
17.00 751.35
17.50 748.07
18.00 733.41
18.50 743.02
19.00 760.97
19.50 764.13
20.00 744.34
20.50 649.18
21.00 739.70
21.50 753.19
22.00 839.33
22.50 824.87
23.00 657.86
23.50 721.18
24.00 875.11
24.50 841.72
25.00 742.90
25.50 851.26
26.00 682.55
26.50 706.26
27.00 775.76
27.50 715.32
28.00 702.50
28.50 597.15
29.00 703.02
29.50 673.27
30.00 813.43
30.50 849.20
31.00 785.36
31.50 766.04
32.00 707.43
32.50 782.60
33.00 720.49
33.50 741.96
34.00 813.06
34.50 800.09
35.00 818.11
35.50 849.43
36.00 701.03
36.50 858.74
37.00 872.74
37.50 776.46
38.00 731.23
38.50 769.50
39.00 735.28
39.50 759.27
40.00 766.87
40.50 741.21
41.00 771.36
41.50 713.77
42.00 654.87
42.50 700.69
43.00 761.26
43.50 739.55
44.00 701.68
44.50 729.76
45.00 751.51
45.50 754.96
46.00 718.02
46.50 748.36
47.00 726.33
47.50 764.47
48.00 850.46
48.50 844.51
49.00 829.61
49.50 855.17
50.00 853.93
50.50 843.52
51.00 822.20
51.50 736.54
52.00 788.93
52.50 705.52
53.00 708.36
53.50 749.85
54.00 705.71
54.50 770.75
55.00 745.13
55.50 742.94
56.00 841.42
56.50 841.32
57.00 873.30
57.50 743.43
58.00 775.36
58.50 853.66
59.00 630.58
59.50 0.00
60.00 732.07
60.50 862.36
61.00 840.91
61.50 830.30
62.00 810.92
62.50 839.36
63.00 855.91
63.50 834.68
64.00 738.50
64.50 794.26
65.00 669.33
65.50 732.44
66.00 747.57
66.50 738.23
67.00 743.25
67.50 814.41
68.00 852.46
68.50 832.57
69.00 849.35
69.50 817.10
70.00 809.70
70.50 845.90
71.00 777.70
71.50 718.82
72.00 767.99
72.50 641.19
73.00 776.48
73.50 777.89
74.00 748.06
74.50 824.91
75.00 836.06
75.50 864.11
76.00 832.48
76.50 817.51
77.00 730.39
77.50 733.69
78.00 847.61
78.50 861.75
79.00 713.65
79.50 696.05
80.00 694.41
80.50 738.66
81.00 713.55
81.50 682.06
82.00 831.80
82.50 681.70
83.00 708.56
83.50 835.23
84.00 755.10
84.50 673.43
85.00 716.88
85.50 717.03
86.00 752.15
86.50 743.37
87.00 750.44
87.50 737.69
88.00 740.80
88.50 812.36
89.00 802.81
89.50 705.98
90.00 746.76
90.50 724.53
91.00 695.84
91.50 885.75
92.00 853.32
92.50 830.01
93.00 810.46
93.50 810.57
94.00 855.89
94.50 857.04
95.00 830.65
95.50 881.46
96.00 780.43
96.50 900.00
97.00 702.41
97.50 826.86
98.00 713.36
98.50 653.93
99.00 784.71
99.50 724.70
100.00 890.01
100.50 731.74
101.00 760.32
101.50 745.42
102.00 781.30
102.50 731.48
103.00 0.00
103.50 549.47
104.00 513.81
104.50 766.66
105.00 838.29
105.50 814.80
106.00 815.55
106.50 854.88
107.00 819.71
107.50 802.48
108.00 843.54
108.50 900.00
109.00 866.19
109.50 862.38
110.00 826.87
110.50 883.72
111.00 841.06
111.50 830.69
112.00 724.42
112.50 727.47
113.00 754.99
113.50 706.07
114.00 728.16
114.50 725.11
115.00 760.68
115.50 709.86
116.00 772.13
116.50 801.03
117.00 782.47
117.50 0.00
118.00 281.78
118.50 0.00
119.00 683.03
119.50 744.06
120.00 743.90
120.50 692.69
121.00 764.94
121.50 761.29
122.00 718.41
122.50 747.55
123.00 713.48
123.50 732.63
124.00 764.63
124.50 772.94
125.00 675.97
125.50 685.61
126.00 764.40
126.50 717.76
127.00 740.32
127.50 705.63
128.00 724.06
128.50 754.38
129.00 762.41
129.50 721.70
130.00 720.27
130.50 797.70
131.00 708.59
131.50 710.13
132.00 770.63
132.50 721.48
133.00 734.89
133.50 683.95
134.00 764.81
134.50 711.95
135.00 692.30
135.50 703.19
136.00 737.88
136.50 756.74
137.00 729.87
137.50 675.36
138.00 734.17
138.50 722.24
139.00 677.05
139.50 800.25
140.00 694.52
140.50 774.04
141.00 722.19
141.50 695.58
142.00 711.41
142.50 828.56
143.00 755.37
143.50 818.47
144.00 785.45
144.50 765.41
145.00 708.76
145.50 794.74
146.00 788.14
146.50 732.54
147.00 693.42
147.50 710.94
148.00 879.89
148.50 829.13
149.00 742.83
149.50 699.62
150.00 703.17
150.50 800.15
151.00 697.48
151.50 602.59
152.00 781.93
152.50 779.43
153.00 766.40
153.50 822.94
154.00 756.69
154.50 720.13
155.00 764.39
155.50 769.24
156.00 716.11
156.50 765.21
157.00 682.39
157.50 740.85
158.00 725.74
158.50 704.26
159.00 759.30
159.50 725.42
160.00 756.08
160.50 786.02
161.00 763.21
161.50 690.79
162.00 770.03
162.50 741.65
163.00 720.29
163.50 726.10
164.00 719.97
164.50 683.19
165.00 772.33
165.50 721.16
166.00 749.35
166.50 790.81
167.00 711.91
167.50 747.36
168.00 713.99
168.50 727.05
169.00 781.99
169.50 422.97
170.00 770.59
170.50 828.92
171.00 17.52
171.50 746.45
172.00 347.97
172.50 210.96
173.00 792.52
173.50 322.50
174.00 797.99
174.50 753.09
175.00 172.74
175.50 218.99
176.00 246.69
176.50 757.12
177.00 732.58
177.50 747.82
178.00 751.90
178.50 760.48
179.00 663.33
179.50 699.06
180.00 710.05
180.50 757.82
181.00 766.72
181.50 681.98
182.00 725.76
182.50 754.27
183.00 748.42
183.50 757.67
184.00 727.55
184.50 763.75
185.00 734.73
185.50 784.52
186.00 709.45
186.50 714.53
187.00 718.00
187.50 678.20
188.00 744.04
188.50 763.39
189.00 686.27
189.50 838.38
190.00 739.08
190.50 201.66
191.00 702.42
191.50 710.51
192.00 746.20
192.50 726.71
193.00 697.90
193.50 675.61
194.00 747.07
194.50 759.85
195.00 754.63
195.50 688.25
196.00 771.36
196.50 715.15
197.00 722.15
197.50 725.64
198.00 772.17
198.50 751.52
199.00 895.46
199.50 769.76
200.00 739.19
200.50 692.94
201.00 694.19
201.50 735.15
202.00 654.46
202.50 745.16
203.00 785.62
203.50 783.27
204.00 732.44
204.50 748.91
205.00 687.47
205.50 742.38
206.00 734.12
206.50 716.97
207.00 753.21
207.50 680.40
208.00 684.82
208.50 706.39
209.00 731.05
209.50 732.36
210.00 726.08
210.50 740.27
211.00 664.32
211.50 701.43
212.00 749.80
212.50 719.16
213.00 756.78
213.50 722.21
214.00 753.87
214.50 412.98
215.00 0.00
215.50 6.79
216.00 470.57
216.50 679.19
217.00 15.72
217.50 7.80
218.00 6.68
218.50 7.43
219.00 18.14
219.50 4.64
220.00 578.36
220.50 133.20
221.00 755.17
221.50 731.06
222.00 850.28
222.50 787.59
223.00 782.58
223.50 769.99
224.00 724.05
224.50 730.14
225.00 690.92
225.50 349.38
226.00 655.88
226.50 379.47
227.00 681.98
227.50 705.64
228.00 870.05
228.50 824.95
229.00 830.36
229.50 855.15
230.00 829.80
230.50 819.19
231.00 829.76
231.50 832.96
232.00 872.97
232.50 858.30
233.00 733.79
233.50 712.76
234.00 761.23
234.50 806.61
235.00 684.90
235.50 715.95
236.00 878.38
236.50 540.09
237.00 733.11
237.50 730.89
238.00 731.98
238.50 736.45
239.00 796.45
239.50 713.92
240.00 264.60
240.50 0.00
241.00 0.00
241.50 10.21
242.00 518.12
242.50 650.40
243.00 769.54
243.50 741.28
244.00 745.96
244.50 871.92
245.00 836.12
245.50 849.90
246.00 850.72
246.50 833.58
247.00 563.30
247.50 0.00
248.00 55.42
248.50 690.91
249.00 279.49
249.50 17.35
250.00 0.00
250.50 0.00
251.00 439.20
251.50 716.99
252.00 196.53
252.50 587.86
253.00 430.18
253.50 705.33
254.00 787.46
254.50 761.85
255.00 705.40
255.50 777.20
256.00 734.09
256.50 789.66
257.00 762.12
257.50 671.80
258.00 788.66
258.50 688.59
259.00 1.23
259.50 7.60
260.00 265.64
260.50 875.32
261.00 825.95
261.50 812.77
262.00 816.29
262.50 831.88
263.00 340.59
263.50 740.70
264.00 669.63
264.50 841.97
265.00 459.63
265.50 689.27
266.00 774.65
266.50 698.61
267.00 704.05
267.50 734.26
268.00 776.68
268.50 726.23
269.00 702.85
269.50 741.55
270.00 724.28
270.50 733.75
271.00 716.41
271.50 764.60
272.00 752.87
272.50 763.74
273.00 755.00
273.50 732.76
274.00 301.79
274.50 800.16
275.00 770.86
275.50 900.00
276.00 579.85
276.50 694.78
277.00 680.59
277.50 729.88
278.00 741.19
278.50 713.59
279.00 739.84
279.50 706.43
280.00 732.56
280.50 657.47
281.00 804.00
281.50 678.24
282.00 866.50
282.50 706.45
283.00 700.18
283.50 815.09
284.00 778.94
284.50 727.22
285.00 704.69
285.50 703.02
286.00 676.69
286.50 711.45
287.00 370.07
287.50 380.19
288.00 769.15
288.50 900.00
289.00 784.87
289.50 796.65
290.00 693.46
290.50 686.34
291.00 718.64
291.50 689.76
292.00 779.06
292.50 835.12
293.00 779.08
293.50 760.92
294.00 670.25
294.50 900.00
295.00 751.68
295.50 732.34
296.00 680.76
296.50 739.82
297.00 724.64
297.50 725.68
298.00 767.90
298.50 741.83
299.00 796.05
299.50 753.81
