0.00 769.72
0.50 706.87
1.00 740.34
1.50 720.70
2.00 756.74
2.50 702.55
3.00 369.90
3.50 728.08
4.00 862.17
4.50 706.12
5.00 427.19
5.50 569.65
6.00 751.58
6.50 729.97
7.00 713.39
7.50 710.38
8.00 757.25
8.50 714.17
9.00 681.93
9.50 753.42
10.00 731.20
10.50 724.48
11.00 755.80
11.50 784.44
12.00 713.82
12.50 789.75
13.00 703.17
13.50 759.89
14.00 777.13
14.50 790.32
15.00 646.91
15.50 740.57
16.00 719.13
16.50 715.44
17.00 576.51
17.50 25.04
18.00 18.14
18.50 770.85
19.00 503.31
19.50 764.22
20.00 762.19
20.50 725.53
21.00 693.38
21.50 776.20
22.00 724.51
22.50 683.58
23.00 675.52
23.50 711.64
24.00 749.91
24.50 715.33
25.00 767.40
25.50 756.11
26.00 692.87
26.50 326.33
27.00 698.22
27.50 735.85
28.00 725.88
28.50 786.31
29.00 756.31
29.50 842.93
30.00 815.01
30.50 792.04
31.00 850.71
31.50 864.30
32.00 835.24
32.50 728.21
33.00 713.01
33.50 711.34
34.00 900.00
34.50 723.85
35.00 816.86
35.50 855.61
36.00 808.43
36.50 689.95
37.00 699.37
37.50 746.09
38.00 766.74
38.50 782.46
39.00 803.71
39.50 711.22
40.00 793.75
40.50 771.35
41.00 747.33
41.50 703.15
42.00 709.75
42.50 710.93
43.00 759.25
43.50 702.92
44.00 762.13
44.50 740.56
45.00 728.62
45.50 773.47
46.00 795.21
46.50 759.03
47.00 758.30
47.50 793.67
48.00 732.20
48.50 806.90
49.00 748.10
49.50 720.93
50.00 704.96
50.50 645.43
51.00 731.70
51.50 689.16
52.00 705.29
52.50 748.64
53.00 796.67
53.50 744.92
54.00 700.79
54.50 744.82
55.00 782.95
55.50 723.80
56.00 673.46
56.50 730.83
57.00 704.79
57.50 710.40
58.00 714.69
58.50 713.21
59.00 782.11
59.50 668.47
60.00 770.61
60.50 716.81
61.00 759.16
61.50 765.09
62.00 771.74
62.50 665.80
63.00 729.04
63.50 771.37
64.00 746.40
64.50 721.33
65.00 761.34
65.50 748.98
66.00 728.80
66.50 697.27
67.00 746.96
67.50 654.34
68.00 739.89
68.50 726.07
69.00 734.42
69.50 710.55
70.00 749.79
70.50 735.35
71.00 700.50
71.50 751.61
72.00 692.73
72.50 769.71
73.00 797.07
73.50 756.36
74.00 764.52
74.50 726.76
75.00 711.72
75.50 731.44
76.00 754.45
76.50 719.67
77.00 813.49
77.50 721.65
78.00 755.09
78.50 708.28
79.00 770.93
79.50 765.45
80.00 707.90
80.50 779.64
81.00 745.27
81.50 716.96
82.00 766.37
82.50 760.99
83.00 695.51
83.50 717.28
84.00 771.49
84.50 757.80
85.00 781.92
85.50 742.74
86.00 736.90
86.50 717.99
87.00 791.30
87.50 745.28
88.00 676.84
88.50 695.35
89.00 651.90
89.50 731.91
90.00 707.74
90.50 762.28
91.00 683.69
91.50 734.44
92.00 677.38
92.50 737.78
93.00 742.95
93.50 844.25
94.00 685.48
94.50 465.00
95.00 595.42
95.50 761.40
96.00 734.51
96.50 633.51
97.00 690.44
97.50 668.18
98.00 708.67
98.50 671.36
99.00 737.95
99.50 719.39
100.00 873.80
100.50 701.81
101.00 678.24
101.50 690.69
102.00 742.57
102.50 763.17
103.00 750.22
103.50 681.71
104.00 737.19
104.50 767.62
105.00 716.84
105.50 732.31
106.00 793.43
106.50 746.98
107.00 744.77
107.50 680.02
108.00 572.28
108.50 713.34
109.00 852.64
109.50 753.91
110.00 671.80
110.50 707.05
111.00 736.49
111.50 712.88
112.00 676.12
112.50 697.68
113.00 682.64
113.50 734.64
114.00 811.99
114.50 641.96
115.00 742.71
115.50 699.81
116.00 731.16
116.50 726.06
117.00 709.26
117.50 688.12
118.00 750.66
118.50 741.31
119.00 736.03
119.50 790.31
120.00 726.67
120.50 716.24
121.00 682.45
121.50 708.72
122.00 759.67
122.50 684.79
123.00 732.90
123.50 729.75
124.00 730.63
124.50 782.88
125.00 775.99
125.50 714.15
126.00 735.73
126.50 743.94
127.00 723.32
127.50 720.75
128.00 782.71
128.50 734.44
129.00 769.43
129.50 776.43
130.00 714.81
130.50 718.70
131.00 735.84
131.50 748.81
132.00 747.40
132.50 775.36
133.00 690.96
133.50 829.56
134.00 864.17
134.50 828.62
135.00 818.20
135.50 808.84
136.00 852.76
136.50 869.44
137.00 755.49
137.50 853.13
138.00 854.37
138.50 838.00
139.00 860.18
139.50 787.39
140.00 199.11
140.50 449.20
141.00 788.00
141.50 747.59
142.00 711.04
142.50 750.94
143.00 619.85
143.50 39.71
144.00 229.78
144.50 319.61
145.00 1.82
145.50 470.57
146.00 11.44
146.50 264.47
147.00 699.76
147.50 779.03
148.00 830.32
148.50 717.88
149.00 856.89
149.50 666.94
150.00 663.26
150.50 795.29
151.00 743.82
151.50 756.39
152.00 738.35
152.50 724.50
153.00 732.26
153.50 722.16
154.00 748.25
154.50 727.24
155.00 756.77
155.50 693.82
156.00 702.30
156.50 764.08
157.00 779.96
157.50 696.59
158.00 819.95
158.50 798.81
159.00 845.25
159.50 878.73
160.00 858.16
160.50 855.32
161.00 766.81
161.50 685.38
162.00 711.28
162.50 778.56
163.00 817.58
163.50 757.69
164.00 2.68
164.50 0.00
165.00 24.04
165.50 0.00
166.00 309.93
166.50 15.41
167.00 303.89
167.50 621.84
168.00 773.39
168.50 744.44
169.00 678.82
169.50 783.97
170.00 751.15
170.50 717.76
171.00 833.93
171.50 717.39
172.00 732.71
172.50 770.19
173.00 779.07
173.50 788.16
174.00 719.60
174.50 726.54
175.00 253.21
175.50 41.34
176.00 141.29
176.50 738.13
177.00 691.23
177.50 867.42
178.00 822.28
178.50 852.53
179.00 809.00
179.50 858.60
180.00 749.52
180.50 693.69
181.00 774.62
181.50 717.12
182.00 697.83
182.50 746.97
183.00 804.12
183.50 701.39
184.00 747.24
184.50 694.29
185.00 566.09
185.50 759.96
186.00 721.63
186.50 702.64
187.00 867.20
187.50 848.31
188.00 872.74
188.50 842.06
189.00 703.68
189.50 707.00
190.00 738.19
190.50 93.49
191.00 162.42
191.50 750.66
192.00 773.18
192.50 848.13
193.00 745.49
193.50 869.09
194.00 862.89
194.50 699.47
195.00 700.92
195.50 730.77
196.00 756.12
196.50 752.96
197.00 727.11
197.50 680.56
198.00 776.02
198.50 723.83
199.00 766.90
199.50 712.90
200.00 745.75
200.50 753.11
201.00 686.21
201.50 748.53
202.00 705.09
202.50 733.36
203.00 752.81
203.50 687.52
204.00 844.73
204.50 695.10
205.00 766.78
205.50 785.93
206.00 726.41
206.50 663.84
207.00 786.16
207.50 712.64
208.00 858.80
208.50 820.80
209.00 799.17
209.50 760.18
210.00 642.30
210.50 738.07
211.00 731.17
211.50 728.46
212.00 759.36
212.50 741.78
213.00 708.77
213.50 810.81
214.00 686.42
214.50 854.05
215.00 669.70
215.50 289.20
216.00 736.24
216.50 271.18
217.00 431.08
217.50 747.04
218.00 846.76
218.50 862.39
219.00 704.15
219.50 675.09
220.00 823.38
220.50 746.52
221.00 682.93
221.50 752.56
222.00 729.76
222.50 773.49
223.00 711.15
223.50 718.11
224.00 758.42
224.50 788.38
225.00 738.66
225.50 763.31
226.00 778.96
226.50 810.50
227.00 862.26
227.50 766.85
228.00 812.78
228.50 722.57
229.00 679.36
229.50 723.38
230.00 60.66
230.50 361.08
231.00 318.98
231.50 4.94
232.00 384.96
232.50 717.00
233.00 764.73
233.50 828.12
234.00 722.06
234.50 825.73
235.00 766.39
235.50 706.75
236.00 681.32
236.50 800.30
237.00 760.85
237.50 759.52
238.00 703.93
238.50 753.96
239.00 733.59
239.50 704.19
240.00 728.92
240.50 795.42
241.00 695.85
241.50 732.59
242.00 698.15
242.50 669.77
243.00 815.83
243.50 819.75
244.00 727.79
244.50 188.29
245.00 525.92
245.50 900.00
246.00 692.81
246.50 769.22
247.00 708.02
247.50 815.81
248.00 790.59
248.50 841.57
249.00 846.51
249.50 731.38
250.00 697.69
250.50 698.54
251.00 812.23
251.50 671.17
252.00 746.36
252.50 703.27
253.00 709.38
253.50 896.06
254.00 685.53
254.50 680.54
255.00 752.08
255.50 746.51
256.00 677.77
256.50 702.75
257.00 746.14
257.50 706.92
258.00 690.61
258.50 692.21
259.00 752.28
259.50 723.27
260.00 684.00
260.50 860.88
261.00 862.65
261.50 873.14
262.00 860.29
262.50 819.09
263.00 88.28
263.50 548.05
264.00 747.97
264.50 696.05
265.00 686.99
265.50 765.11
266.00 734.14
266.50 746.07
267.00 722.50
267.50 625.90
268.00 698.73
268.50 768.16
269.00 715.16
269.50 766.33
270.00 739.59
270.50 772.35
271.00 730.18
271.50 715.58
272.00 769.02
272.50 756.71
273.00 732.60
273.50 750.13
274.00 730.95
274.50 741.22
275.00 710.11
275.50 687.71
276.00 739.80
276.50 727.93
277.00 864.94
277.50 854.13
278.00 821.52
278.50 848.34
279.00 828.31
279.50 863.20
280.00 696.89
280.50 756.53
281.00 742.06
281.50 840.79
282.00 822.71
282.50 848.73
283.00 852.11
283.50 853.83
284.00 855.95
284.50 879.08
285.00 871.38
285.50 863.19
286.00 846.84
286.50 825.17
287.00 730.14
287.50 729.10
288.00 851.80
288.50 814.71
289.00 834.07
289.50 822.75
290.00 859.11
290.50 853.04
291.00 865.71
291.50 870.60
292.00 862.55
292.50 846.14
293.00 843.70
293.50 848.19
294.00 794.06
294.50 859.25
295.00 854.69
295.50 845.13
296.00 853.24
296.50 715.29
297.00 738.13
297.50 812.01
298.00 811.31
298.50 858.40
299.00 826.43
299.50 827.29
