0.00 697.81
0.50 745.72
1.00 718.73
1.50 724.40
2.00 725.31
2.50 765.42
3.00 700.22
3.50 746.62
4.00 738.53
4.50 753.19
5.00 854.49
5.50 825.72
6.00 850.92
6.50 839.10
7.00 889.00
7.50 852.61
8.00 850.44
8.50 848.43
9.00 764.37
9.50 746.11
10.00 758.57
10.50 734.67
11.00 764.96
11.50 693.63
12.00 713.46
12.50 773.56
13.00 659.53
13.50 841.47
14.00 828.98
14.50 805.74
15.00 853.83
15.50 731.37
16.00 720.38
16.50 705.49
17.00 739.69
17.50 711.58
18.00 752.34
18.50 363.31
19.00 733.69
19.50 740.04
20.00 732.73
20.50 847.91
21.00 850.13
21.50 900.00
22.00 734.76
22.50 685.46
23.00 719.42
23.50 722.29
24.00 707.90
24.50 799.07
25.00 750.34
25.50 474.01
26.00 771.34
26.50 712.73
27.00 738.79
27.50 290.69
28.00 699.63
28.50 721.74
29.00 703.81
29.50 794.24
30.00 720.09
30.50 881.83
31.00 749.55
31.50 704.77
32.00 875.71
32.50 803.48
33.00 795.96
33.50 688.93
34.00 673.39
34.50 752.88
35.00 691.77
35.50 803.48
36.00 744.26
36.50 704.68
37.00 812.94
37.50 332.46
38.00 4.16
38.50 210.20
39.00 769.31
39.50 836.96
40.00 885.85
40.50 828.25
41.00 890.77
41.50 804.41
42.00 716.90
42.50 686.86
43.00 801.06
43.50 746.20
44.00 687.28
44.50 876.09
45.00 749.12
45.50 774.87
46.00 719.32
46.50 761.38
47.00 705.53
47.50 811.99
48.00 853.00
48.50 848.66
49.00 829.24
49.50 840.08
50.00 828.69
50.50 813.18
51.00 862.09
51.50 864.21
52.00 700.34
52.50 691.54
53.00 734.09
53.50 722.63
54.00 385.75
54.50 900.00
55.00 802.49
55.50 681.45
56.00 758.77
56.50 675.56
57.00 699.80
57.50 694.67
58.00 683.77
58.50 839.67
59.00 721.39
59.50 815.45
60.00 817.35
60.50 708.57
61.00 690.03
61.50 706.07
62.00 717.95
62.50 738.78
63.00 748.61
63.50 770.23
64.00 730.33
64.50 740.69
65.00 750.37
65.50 754.87
66.00 776.37
66.50 830.44
67.00 768.77
67.50 715.89
68.00 666.63
68.50 765.80
69.00 675.99
69.50 749.96
70.00 766.22
70.50 825.70
71.00 773.82
71.50 756.00
72.00 732.31
72.50 784.89
73.00 715.40
73.50 666.74
74.00 738.97
74.50 671.35
75.00 710.19
75.50 763.60
76.00 735.84
76.50 802.21
77.00 735.72
77.50 709.64
78.00 743.81
78.50 791.55
79.00 726.43
79.50 673.23
80.00 682.77
80.50 699.93
81.00 710.72
81.50 857.52
82.00 773.83
82.50 744.87
83.00 754.33
83.50 799.63
84.00 738.01
84.50 693.15
85.00 743.55
85.50 722.26
86.00 804.90
86.50 749.36
87.00 785.07
87.50 746.40
88.00 749.15
88.50 790.55
89.00 776.28
89.50 730.90
90.00 740.25
90.50 738.08
91.00 765.96
91.50 691.93
92.00 702.76
92.50 714.07
93.00 746.66
93.50 670.44
94.00 712.38
94.50 702.25
95.00 695.21
95.50 742.22
96.00 781.10
96.50 762.88
97.00 713.98
97.50 754.08
98.00 705.31
98.50 740.79
99.00 732.52
99.50 708.61
100.00 779.45
100.50 758.94
101.00 744.36
101.50 688.05
102.00 727.83
102.50 751.32
103.00 725.85
103.50 859.30
104.00 863.65
104.50 837.51
105.00 73.13
105.50 0.00
106.00 509.28
106.50 412.22
107.00 434.30
107.50 139.07
108.00 768.38
108.50 795.97
109.00 703.61
109.50 714.23
110.00 671.40
110.50 702.05
111.00 784.41
111.50 719.85
112.00 713.88
112.50 693.18
113.00 696.50
113.50 817.89
114.00 766.01
114.50 762.73
115.00 795.94
115.50 720.43
116.00 720.91
116.50 721.93
117.00 708.81
117.50 742.78
118.00 728.62
118.50 726.99
119.00 684.86
119.50 807.04
120.00 33.53
120.50 4.41
121.00 6.28
121.50 776.73
122.00 690.24
122.50 686.95
123.00 738.01
123.50 736.88
124.00 631.96
124.50 797.07
125.00 727.63
125.50 705.00
126.00 696.96
126.50 706.94
127.00 743.36
127.50 705.93
128.00 717.05
128.50 745.32
129.00 659.45
129.50 724.94
130.00 828.55
130.50 391.44
131.00 641.35
131.50 721.26
132.00 710.39
132.50 724.18
133.00 739.92
133.50 662.69
134.00 699.47
134.50 727.27
135.00 694.31
135.50 713.52
136.00 883.17
136.50 784.28
137.00 740.63
137.50 747.97
138.00 772.64
138.50 702.50
139.00 713.02
139.50 693.08
140.00 735.23
140.50 727.44
141.00 790.39
141.50 734.37
142.00 702.36
142.50 679.43
143.00 761.15
143.50 776.21
144.00 861.92
144.50 692.59
145.00 715.03
145.50 703.45
146.00 732.87
146.50 852.59
147.00 703.01
147.50 729.58
148.00 753.76
148.50 645.59
149.00 377.36
149.50 689.13
150.00 689.48
150.50 774.90
151.00 693.71
151.50 721.79
152.00 702.67
152.50 697.37
153.00 870.80
153.50 779.91
154.00 819.94
154.50 811.90
155.00 832.26
155.50 822.25
156.00 809.43
156.50 678.99
157.00 717.01
157.50 724.10
158.00 714.00
158.50 697.39
159.00 769.13
159.50 733.54
160.00 778.50
160.50 381.03
161.00 900.00
161.50 476.08
162.00 718.61
162.50 677.30
163.00 847.44
163.50 701.35
164.00 825.17
164.50 751.54
165.00 871.83
165.50 784.80
166.00 720.43
166.50 740.65
167.00 167.57
167.50 6.72
168.00 326.32
168.50 291.94
169.00 469.62
169.50 815.02
170.00 759.44
170.50 810.90
171.00 773.00
171.50 696.48
172.00 720.08
172.50 796.43
173.00 844.91
173.50 749.37
174.00 717.14
174.50 703.29
175.00 697.08
175.50 714.90
176.00 726.72
176.50 710.35
177.00 726.13
177.50 685.81
178.00 762.93
178.50 769.83
179.00 880.57
179.50 821.78
180.00 847.86
180.50 836.27
181.00 369.41
181.50 576.60
182.00 321.29
182.50 778.00
183.00 651.73
183.50 722.57
184.00 736.90
184.50 715.80
185.00 701.33
185.50 757.72
186.00 825.21
186.50 666.02
187.00 768.60
187.50 229.32
188.00 243.53
188.50 779.09
189.00 152.38
189.50 733.56
190.00 703.60
190.50 678.80
191.00 718.03
191.50 366.87
192.00 15.15
192.50 0.00
193.00 529.48
193.50 616.63
194.00 22.45
194.50 2.61
195.00 17.88
195.50 262.44
196.00 311.24
196.50 723.77
197.00 730.93
197.50 386.61
198.00 1.11
198.50 0.00
199.00 442.96
199.50 277.62
200.00 153.11
200.50 536.59
201.00 0.00
201.50 710.36
202.00 766.11
202.50 702.39
203.00 698.70
203.50 731.89
204.00 754.19
204.50 759.99
205.00 6.74
205.50 7.15
206.00 400.67
206.50 9.58
207.00 0.00
207.50 396.21
208.00 8.25
208.50 0.00
209.00 25.05
209.50 462.65
210.00 488.20
210.50 0.57
211.00 617.84
211.50 744.29
212.00 755.27
212.50 841.40
213.00 798.64
213.50 792.66
214.00 801.12
214.50 872.90
215.00 840.91
215.50 840.71
216.00 702.83
216.50 727.23
217.00 768.02
217.50 738.67
218.00 58.83
218.50 787.47
219.00 793.98
219.50 837.75
220.00 482.65
220.50 771.91
221.00 853.39
221.50 878.43
222.00 752.44
222.50 809.11
223.00 245.27
223.50 717.04
224.00 468.77
224.50 0.00
225.00 7.67
225.50 11.80
226.00 0.00
226.50 6.99
227.00 0.00
227.50 458.30
228.00 843.66
228.50 705.36
229.00 710.70
229.50 734.46
230.00 736.14
230.50 709.03
231.00 696.61
231.50 720.83
232.00 717.82
232.50 774.50
233.00 653.00
233.50 671.55
234.00 749.87
234.50 763.03
235.00 740.00
235.50 701.47
236.00 699.95
236.50 732.93
237.00 775.22
237.50 872.71
238.00 838.10
238.50 871.99
239.00 612.40
239.50 342.83
240.00 756.41
240.50 748.37
241.00 817.77
241.50 497.10
242.00 263.43
242.50 687.91
243.00 733.08
243.50 748.56
244.00 717.83
244.50 900.00
245.00 760.92
245.50 734.20
246.00 730.52
246.50 676.54
247.00 699.34
247.50 692.11
248.00 679.70
248.50 741.20
249.00 722.42
249.50 696.63
250.00 721.84
250.50 760.38
251.00 768.30
251.50 739.91
252.00 687.13
252.50 751.83
253.00 747.96
253.50 718.25
254.00 722.38
254.50 746.95
255.00 751.66
255.50 742.25
256.00 271.09
256.50 725.49
257.00 722.53
257.50 708.82
258.00 568.48
258.50 683.72
259.00 706.13
259.50 695.22
260.00 685.33
260.50 732.73
261.00 736.89
261.50 736.21
262.00 719.12
262.50 762.93
263.00 735.07
263.50 675.75
264.00 679.50
264.50 767.32
265.00 724.24
265.50 729.82
266.00 679.17
266.50 694.28
267.00 723.88
267.50 724.32
268.00 711.28
268.50 743.08
269.00 756.52
269.50 728.54
270.00 713.56
270.50 746.99
271.00 746.81
271.50 757.02
272.00 748.16
272.50 745.54
273.00 749.02
273.50 781.45
274.00 766.40
274.50 756.07
275.00 744.79
275.50 734.34
276.00 736.88
276.50 710.21
277.00 764.65
277.50 716.50
278.00 746.93
278.50 737.49
279.00 726.62
279.50 694.09
280.00 834.26
280.50 846.29
281.00 856.87
281.50 723.17
282.00 729.21
282.50 714.64
283.00 751.41
283.50 757.47
284.00 533.58
284.50 722.55
285.00 718.68
285.50 733.78
286.00 698.51
286.50 703.45
287.00 721.04
287.50 765.03
288.00 772.03
288.50 710.27
289.00 700.93
289.50 681.93
290.00 732.57
290.50 740.29
291.00 764.38
291.50 158.82
292.00 703.99
292.50 777.85
293.00 681.73
293.50 704.09
294.00 0.00
294.50 608.48
295.00 892.01
295.50 699.76
296.00 692.60
296.50 733.29
297.00 836.63
297.50 835.92
298.00 670.94
298.50 769.07
299.00 835.79
299.50 746.65
