0.00 758.14
0.50 824.37
1.00 803.65
1.50 760.68
2.00 753.65
2.50 717.54
3.00 713.85
3.50 723.77
4.00 843.57
4.50 687.85
5.00 900.00
5.50 778.13
6.00 742.46
6.50 677.54
7.00 705.20
7.50 766.06
8.00 790.75
8.50 774.90
9.00 727.26
9.50 694.67
10.00 733.21
10.50 682.24
11.00 768.59
11.50 735.43
12.00 737.88
12.50 728.70
13.00 733.55
13.50 759.55
14.00 765.29
14.50 690.99
15.00 692.36
15.50 776.61
16.00 725.40
16.50 802.77
17.00 776.15
17.50 769.42
18.00 702.70
18.50 222.93
19.00 791.11
19.50 683.85
20.00 679.48
20.50 712.37
21.00 666.96
21.50 751.18
22.00 0.00
22.50 11.06
23.00 641.15
23.50 475.72
24.00 777.57
24.50 710.57
25.00 717.16
25.50 627.65
26.00 788.35
26.50 719.83
27.00 722.39
27.50 806.12
28.00 689.10
28.50 771.71
29.00 793.62
29.50 733.04
30.00 685.71
30.50 728.46
31.00 707.88
31.50 511.75
32.00 604.72
32.50 15.43
33.00 711.05
33.50 0.00
34.00 747.21
34.50 704.23
35.00 736.68
35.50 874.66
36.00 822.67
36.50 850.85
37.00 0.00
37.50 467.32
38.00 798.82
38.50 745.00
39.00 756.52
39.50 759.11
40.00 841.68
40.50 853.38
41.00 751.15
41.50 722.71
42.00 717.80
42.50 738.79
43.00 694.61
43.50 778.18
44.00 647.81
44.50 725.36
45.00 691.29
45.50 687.82
46.00 761.01
46.50 781.90
47.00 379.02
47.50 790.17
48.00 115.62
48.50 272.57
49.00 723.23
49.50 735.35
50.00 712.42
50.50 750.23
51.00 824.41
51.50 832.19
52.00 848.24
52.50 798.19
53.00 821.37
53.50 831.83
54.00 218.17
54.50 327.09
55.00 399.57
55.50 479.19
56.00 8.67
56.50 496.72
57.00 461.82
57.50 95.35
58.00 739.69
58.50 733.68
59.00 836.39
59.50 419.72
60.00 543.02
60.50 735.30
61.00 787.26
61.50 765.51
62.00 712.27
62.50 808.91
63.00 900.00
63.50 404.33
64.00 261.39
64.50 705.67
65.00 716.58
65.50 697.04
66.00 712.08
66.50 706.29
67.00 734.47
67.50 715.98
68.00 876.75
68.50 797.47
69.00 772.95
69.50 867.76
70.00 703.91
70.50 853.57
71.00 835.47
71.50 861.51
72.00 834.30
72.50 853.44
73.00 686.56
73.50 550.04
74.00 785.66
74.50 740.81
75.00 749.42
75.50 851.30
76.00 670.83
76.50 781.51
77.00 815.77
77.50 728.90
78.00 757.18
78.50 866.37
79.00 704.78
79.50 825.58
80.00 895.59
80.50 564.36
81.00 879.47
81.50 842.68
82.00 810.97
82.50 807.70
83.00 862.50
83.50 855.55
84.00 847.33
84.50 848.13
85.00 860.47
85.50 827.02
86.00 817.64
86.50 708.52
87.00 706.22
87.50 691.72
88.00 745.93
88.50 671.32
89.00 718.50
89.50 864.98
90.00 706.60
90.50 696.09
91.00 741.05
91.50 649.60
92.00 373.61
92.50 794.36
93.00 705.08
93.50 712.93
94.00 669.84
94.50 736.20
95.00 722.29
95.50 822.25
96.00 822.40
96.50 676.40
97.00 704.60
97.50 702.12
98.00 879.74
98.50 701.02
99.00 703.42
99.50 713.97
100.00 746.74
100.50 730.26
101.00 757.41
101.50 752.38
102.00 717.67
102.50 727.11
103.00 730.17
103.50 740.56
104.00 787.21
104.50 752.08
105.00 722.48
105.50 756.22
106.00 733.15
106.50 690.51
107.00 705.23
107.50 701.45
108.00 721.07
108.50 751.28
109.00 721.73
109.50 718.76
110.00 725.75
110.50 753.74
111.00 689.10
111.50 748.15
112.00 700.69
112.50 707.87
113.00 20.86
113.50 0.00
114.00 12.78
114.50 9.31
115.00 12.08
115.50 8.68
116.00 597.62
116.50 302.48
117.00 790.61
117.50 15.53
118.00 458.63
118.50 799.52
119.00 647.41
119.50 772.59
120.00 685.23
120.50 817.97
121.00 838.95
121.50 871.91
122.00 730.09
122.50 750.35
123.00 808.86
123.50 749.50
124.00 753.75
124.50 719.25
125.00 717.77
125.50 768.92
126.00 764.48
126.50 757.37
127.00 752.66
127.50 713.12
128.00 784.04
128.50 755.20
129.00 766.65
129.50 769.37
130.00 761.02
130.50 715.52
131.00 747.66
131.50 731.93
132.00 787.02
132.50 485.38
133.00 899.99
133.50 494.74
134.00 742.14
134.50 645.01
135.00 0.00
135.50 496.09
136.00 13.04
136.50 432.44
137.00 616.38
137.50 779.70
138.00 404.20
138.50 0.00
139.00 0.00
139.50 418.18
140.00 841.35
140.50 789.48
141.00 746.57
141.50 692.83
142.00 710.33
142.50 717.20
143.00 0.00
143.50 308.02
144.00 736.71
144.50 711.85
145.00 708.43
145.50 688.81
146.00 471.84
146.50 302.18
147.00 686.96
147.50 686.45
148.00 737.88
148.50 802.54
149.00 774.46
149.50 724.98
150.00 760.56
150.50 773.05
151.00 747.30
151.50 766.02
152.00 712.08
152.50 700.25
153.00 709.04
153.50 107.91
154.00 107.28
154.50 300.05
155.00 584.48
155.50 728.60
156.00 739.08
156.50 701.67
157.00 711.73
157.50 746.47
158.00 754.97
158.50 788.89
159.00 717.00
159.50 744.20
160.00 685.71
160.50 768.03
161.00 729.87
161.50 815.05
162.00 684.44
162.50 711.07
163.00 725.83
163.50 797.44
164.00 712.22
164.50 794.33
165.00 773.92
165.50 727.03
166.00 702.04
166.50 275.24
167.00 711.89
167.50 705.05
168.00 819.73
168.50 715.80
169.00 700.84
169.50 745.87
170.00 760.22
170.50 673.90
171.00 681.58
171.50 696.86
172.00 740.53
172.50 710.98
173.00 675.91
173.50 745.37
174.00 679.09
174.50 753.75
175.00 720.01
175.50 732.09
176.00 775.49
176.50 736.41
177.00 783.20
177.50 702.66
178.00 883.91
178.50 822.13
179.00 821.53
179.50 833.11
180.00 667.52
180.50 734.11
181.00 734.31
181.50 582.51
182.00 705.50
182.50 817.84
183.00 698.00
183.50 659.31
184.00 713.38
184.50 743.97
185.00 659.22
185.50 754.86
186.00 751.22
186.50 679.25
187.00 732.27
187.50 721.85
188.00 707.61
188.50 698.54
189.00 746.90
189.50 726.58
190.00 716.06
190.50 749.27
191.00 748.96
191.50 709.70
192.00 747.24
192.50 840.22
193.00 688.21
193.50 717.92
194.00 777.54
194.50 760.22
195.00 857.29
195.50 747.56
196.00 722.38
196.50 766.95
197.00 702.71
197.50 704.83
198.00 709.45
198.50 693.82
199.00 723.82
199.50 679.21
200.00 716.46
200.50 837.36
201.00 766.37
201.50 763.18
202.00 286.72
202.50 679.06
203.00 726.38
203.50 717.95
204.00 696.84
204.50 883.44
205.00 828.51
205.50 728.88
206.00 900.00
206.50 760.23
207.00 875.14
207.50 725.06
208.00 849.66
208.50 682.30
209.00 774.24
209.50 664.49
210.00 702.07
210.50 844.31
211.00 833.50
211.50 808.53
212.00 706.49
212.50 699.28
213.00 692.27
213.50 770.45
214.00 772.88
214.50 693.12
215.00 750.42
215.50 794.80
216.00 757.88
216.50 675.61
217.00 703.01
217.50 713.64
218.00 770.87
218.50 816.56
219.00 835.13
219.50 714.45
220.00 701.45
220.50 706.99
221.00 820.91
221.50 890.97
222.00 726.41
222.50 899.75
223.00 680.44
223.50 740.81
224.00 795.29
224.50 686.70
225.00 666.98
225.50 710.27
226.00 838.95
226.50 669.75
227.00 693.83
227.50 690.56
228.00 832.86
228.50 750.25
229.00 731.54
229.50 720.09
230.00 669.15
230.50 759.08
231.00 779.19
231.50 724.43
232.00 774.78
232.50 737.16
233.00 695.04
233.50 758.86
234.00 789.46
234.50 747.49
235.00 713.87
235.50 677.29
236.00 720.25
236.50 718.62
237.00 745.56
237.50 726.05
238.00 721.33
238.50 708.11
239.00 709.01
239.50 771.25
240.00 753.56
240.50 729.34
241.00 707.95
241.50 719.57
242.00 754.83
242.50 748.44
243.00 681.77
243.50 730.88
244.00 763.60
244.50 730.28
245.00 753.27
245.50 778.21
246.00 743.27
246.50 691.76
247.00 687.36
247.50 765.08
248.00 726.27
248.50 693.33
249.00 751.14
249.50 777.86
250.00 756.26
250.50 746.25
251.00 707.16
251.50 682.42
252.00 744.87
252.50 756.43
253.00 695.22
253.50 740.26
254.00 705.12
254.50 658.90
255.00 379.54
255.50 688.66
256.00 794.79
256.50 711.07
257.00 701.24
257.50 814.08
258.00 702.55
258.50 676.66
259.00 900.00
259.50 737.30
260.00 725.21
260.50 683.74
261.00 776.17
261.50 693.26
262.00 875.09
262.50 804.09
263.00 670.29
263.50 683.77
264.00 761.33
264.50 701.55
265.00 777.81
265.50 700.04
266.00 782.93
266.50 720.89
267.00 704.16
267.50 663.05
268.00 705.02
268.50 848.34
269.00 757.34
269.50 767.44
270.00 735.76
270.50 703.63
271.00 787.14
271.50 689.70
272.00 725.55
272.50 755.28
273.00 720.36
273.50 745.56
274.00 702.19
274.50 716.44
275.00 729.64
275.50 739.54
276.00 691.29
276.50 726.62
277.00 756.14
277.50 761.17
278.00 764.17
278.50 761.34
279.00 808.63
279.50 686.97
280.00 776.42
280.50 699.40
281.00 731.01
281.50 696.84
282.00 721.82
282.50 745.53
283.00 736.60
283.50 693.36
284.00 792.15
284.50 777.96
285.00 775.36
285.50 679.69
286.00 691.71
286.50 730.56
287.00 735.05
287.50 726.71
288.00 749.32
288.50 733.53
289.00 760.73
289.50 728.64
290.00 718.66
290.50 764.70
291.00 745.05
291.50 739.83
292.00 738.42
292.50 774.66
293.00 715.65
293.50 743.51
294.00 822.12
294.50 748.55
295.00 712.89
295.50 728.60
296.00 733.19
296.50 846.76
297.00 834.37
297.50 840.41
298.00 789.36
298.50 785.58
299.00 700.57
299.50 771.42
