0.00 720.59
0.50 757.60
1.00 760.37
1.50 715.66
2.00 823.91
2.50 765.13
3.00 711.14
3.50 735.98
4.00 792.94
4.50 847.83
5.00 820.72
5.50 820.56
6.00 842.47
6.50 864.02
7.00 807.00
7.50 871.05
8.00 834.61
8.50 864.21
9.00 833.63
9.50 845.01
10.00 815.02
10.50 842.29
11.00 401.14
11.50 900.00
12.00 849.10
12.50 546.16
13.00 675.92
13.50 683.39
14.00 729.38
14.50 715.33
15.00 762.45
15.50 741.39
16.00 715.32
16.50 667.71
17.00 830.66
17.50 655.88
18.00 816.29
18.50 701.72
19.00 738.49
19.50 848.37
20.00 821.54
20.50 821.17
21.00 712.06
21.50 668.43
22.00 712.99
22.50 656.04
23.00 751.05
23.50 772.48
24.00 672.00
24.50 737.42
25.00 674.66
25.50 719.99
26.00 722.39
26.50 713.66
27.00 757.42
27.50 706.78
28.00 805.52
28.50 711.18
29.00 699.84
29.50 739.21
30.00 702.34
30.50 688.42
31.00 769.50
31.50 746.96
32.00 752.24
32.50 769.96
33.00 729.98
33.50 742.49
34.00 721.82
34.50 826.73
35.00 758.33
35.50 750.50
36.00 694.10
36.50 758.32
37.00 713.64
37.50 745.35
38.00 723.04
38.50 716.74
39.00 741.42
39.50 736.50
40.00 727.35
40.50 733.81
41.00 767.06
41.50 745.86
42.00 661.94
42.50 721.08
43.00 738.94
43.50 726.38
44.00 798.09
44.50 743.45
45.00 764.13
45.50 693.11
46.00 822.25
46.50 732.39
47.00 715.77
47.50 749.35
48.00 730.23
48.50 734.69
49.00 766.28
49.50 744.71
50.00 771.88
50.50 708.10
51.00 690.90
51.50 348.95
52.00 735.35
52.50 746.56
53.00 687.89
53.50 706.42
54.00 781.30
54.50 667.35
55.00 250.32
55.50 27.20
56.00 7.21
56.50 6.24
57.00 22.76
57.50 0.00
58.00 0.00
58.50 22.48
59.00 16.21
59.50 0.00
60.00 12.01
60.50 900.00
61.00 1.43
61.50 0.00
62.00 13.15
62.50 0.00
63.00 12.08
63.50 0.00
64.00 14.17
64.50 6.03
65.00 186.19
65.50 396.35
66.00 528.06
66.50 699.90
67.00 684.84
67.50 680.56
68.00 683.16
68.50 726.78
69.00 883.62
69.50 719.90
70.00 793.97
70.50 790.56
71.00 707.14
71.50 707.63
72.00 694.65
72.50 788.24
73.00 719.98
73.50 721.21
74.00 683.73
74.50 699.60
75.00 800.77
75.50 900.00
76.00 430.55
76.50 325.52
77.00 328.91
77.50 1.70
78.00 649.58
78.50 730.25
79.00 747.56
79.50 690.92
80.00 703.42
80.50 687.87
81.00 886.29
81.50 27.87
82.00 673.67
82.50 727.48
83.00 519.46
83.50 660.58
84.00 717.80
84.50 478.04
85.00 0.00
85.50 374.55
86.00 764.37
86.50 710.04
87.00 841.14
87.50 793.07
88.00 854.76
88.50 879.20
89.00 861.25
89.50 734.97
90.00 713.82
90.50 849.29
91.00 840.51
91.50 818.97
92.00 849.22
92.50 838.53
93.00 882.32
93.50 772.36
94.00 278.92
94.50 769.25
95.00 716.79
95.50 752.73
96.00 796.38
96.50 774.45
97.00 840.58
97.50 833.60
98.00 844.94
98.50 835.58
99.00 822.56
99.50 621.49
100.00 814.76
100.50 859.28
101.00 746.08
101.50 836.02
102.00 654.42
102.50 400.39
103.00 698.20
103.50 725.55
104.00 782.53
104.50 726.19
105.00 792.00
105.50 284.67
106.00 698.52
106.50 891.68
107.00 674.88
107.50 853.64
108.00 846.54
108.50 851.01
109.00 866.98
109.50 708.06
110.00 722.57
110.50 634.78
111.00 680.33
111.50 718.04
112.00 758.43
112.50 804.68
113.00 712.16
113.50 644.54
114.00 823.27
114.50 731.49
115.00 718.10
115.50 691.33
116.00 707.03
116.50 679.98
117.00 738.87
117.50 705.02
118.00 780.84
118.50 811.05
119.00 815.58
119.50 845.04
120.00 809.39
120.50 851.68
121.00 846.84
121.50 887.07
122.00 859.57
122.50 844.46
123.00 0.00
123.50 621.58
124.00 223.54
124.50 17.69
125.00 695.73
125.50 730.13
126.00 757.36
126.50 776.79
127.00 720.59
127.50 729.62
128.00 791.25
128.50 770.56
129.00 699.81
129.50 781.68
130.00 710.59
130.50 826.03
131.00 821.13
131.50 883.70
132.00 806.06
132.50 733.32
133.00 704.10
133.50 704.39
134.00 726.01
134.50 689.54
135.00 750.53
135.50 732.55
136.00 743.53
136.50 832.73
137.00 795.15
137.50 720.42
138.00 741.25
138.50 543.61
139.00 796.81
139.50 732.34
140.00 682.64
140.50 683.17
141.00 750.21
141.50 731.31
142.00 629.06
142.50 837.93
143.00 739.59
143.50 706.38
144.00 739.46
144.50 599.83
145.00 690.01
145.50 721.92
146.00 706.41
146.50 684.47
147.00 664.67
147.50 689.25
148.00 805.91
148.50 843.11
149.00 857.81
149.50 688.94
150.00 703.72
150.50 673.99
151.00 739.23
151.50 692.01
152.00 725.90
152.50 842.75
153.00 767.80
153.50 836.07
154.00 838.81
154.50 710.92
155.00 760.28
155.50 742.61
156.00 762.21
156.50 717.78
157.00 406.92
157.50 826.34
158.00 688.05
158.50 798.26
159.00 703.96
159.50 735.37
160.00 722.13
160.50 714.17
161.00 847.27
161.50 722.12
162.00 786.77
162.50 769.82
163.00 692.52
163.50 705.20
164.00 692.94
164.50 703.63
165.00 711.92
165.50 207.00
166.00 203.44
166.50 760.89
167.00 739.93
167.50 690.37
168.00 713.23
168.50 772.51
169.00 812.62
169.50 744.94
170.00 753.18
170.50 743.92
171.00 821.78
171.50 783.39
172.00 763.05
172.50 686.89
173.00 669.60
173.50 725.06
174.00 701.42
174.50 724.40
175.00 800.02
175.50 800.20
176.00 732.56
176.50 721.51
177.00 754.99
177.50 807.01
178.00 733.44
178.50 716.63
179.00 714.58
179.50 763.11
180.00 673.05
180.50 732.04
181.00 721.79
181.50 672.45
182.00 408.38
182.50 791.19
183.00 755.65
183.50 845.47
184.00 809.74
184.50 458.10
185.00 487.65
185.50 849.57
186.00 853.01
186.50 390.45
187.00 739.32
187.50 770.17
188.00 676.37
188.50 871.95
189.00 832.00
189.50 669.29
190.00 714.39
190.50 688.26
191.00 666.45
191.50 721.92
192.00 658.68
192.50 842.26
193.00 708.05
193.50 813.00
194.00 691.46
194.50 804.47
195.00 709.94
195.50 820.71
196.00 730.47
196.50 716.79
197.00 709.50
197.50 702.77
198.00 696.53
198.50 749.85
199.00 830.19
199.50 698.15
200.00 749.43
200.50 756.61
201.00 17.00
201.50 750.79
202.00 732.43
202.50 704.71
203.00 772.10
203.50 771.28
204.00 684.57
204.50 718.46
205.00 722.86
205.50 732.82
206.00 688.71
206.50 762.08
207.00 801.55
207.50 697.93
208.00 747.95
208.50 707.54
209.00 728.08
209.50 764.26
210.00 688.48
210.50 771.84
211.00 734.97
211.50 740.19
212.00 300.64
212.50 705.72
213.00 767.43
213.50 774.29
214.00 762.44
214.50 780.13
215.00 805.55
215.50 846.83
216.00 845.60
216.50 868.85
217.00 759.61
217.50 873.38
218.00 775.43
218.50 7.78
219.00 612.76
219.50 115.85
220.00 665.01
220.50 703.89
221.00 541.49
221.50 241.47
222.00 10.65
222.50 11.36
223.00 8.34
223.50 297.75
224.00 534.19
224.50 706.33
225.00 890.19
225.50 787.92
226.00 707.08
226.50 717.64
227.00 676.89
227.50 678.19
228.00 716.14
228.50 849.80
229.00 542.60
229.50 558.26
230.00 748.36
230.50 680.99
231.00 694.05
231.50 781.88
232.00 747.59
232.50 816.47
233.00 814.85
233.50 736.92
234.00 734.40
234.50 708.68
235.00 720.81
235.50 767.06
236.00 790.10
236.50 818.22
237.00 688.26
237.50 713.16
238.00 712.85
238.50 834.43
239.00 844.41
239.50 827.08
240.00 840.36
240.50 860.54
241.00 843.39
241.50 841.44
242.00 863.86
242.50 612.40
243.00 745.27
243.50 720.13
244.00 695.04
244.50 666.05
245.00 758.43
245.50 769.80
246.00 658.02
246.50 684.43
247.00 741.67
247.50 731.86
248.00 772.48
248.50 677.93
249.00 690.97
249.50 755.42
250.00 695.55
250.50 744.24
251.00 774.93
251.50 753.50
252.00 831.31
252.50 821.06
253.00 857.88
253.50 753.60
254.00 739.62
254.50 718.74
255.00 743.82
255.50 719.00
256.00 620.89
256.50 757.52
257.00 751.65
257.50 754.68
258.00 694.50
258.50 727.76
259.00 687.93
259.50 891.84
260.00 711.16
260.50 731.19
261.00 690.55
261.50 735.53
262.00 736.06
262.50 362.04
263.00 710.13
263.50 728.47
264.00 840.99
264.50 860.90
265.00 664.36
265.50 713.07
266.00 778.17
266.50 716.54
267.00 708.65
267.50 683.40
268.00 730.57
268.50 674.88
269.00 707.12
269.50 821.45
270.00 725.89
270.50 717.35
271.00 662.49
271.50 724.44
272.00 745.37
272.50 688.96
273.00 727.10
273.50 743.16
274.00 760.17
274.50 694.10
275.00 782.94
275.50 749.82
276.00 748.39
276.50 778.01
277.00 762.10
277.50 739.02
278.00 713.63
278.50 750.05
279.00 766.51
279.50 746.11
280.00 717.51
280.50 685.37
281.00 765.58
281.50 720.61
282.00 0.55
282.50 26.05
283.00 14.03
283.50 738.27
284.00 861.51
284.50 807.52
285.00 797.35
285.50 712.88
286.00 719.54
286.50 702.40
287.00 810.41
287.50 698.86
288.00 723.17
288.50 720.72
289.00 764.16
289.50 736.11
290.00 725.39
290.50 722.29
291.00 721.86
291.50 796.86
292.00 327.32
292.50 832.08
293.00 737.80
293.50 797.91
294.00 713.10
294.50 870.86
295.00 752.39
295.50 806.17
296.00 805.88
296.50 490.42
297.00 713.90
297.50 698.43
298.00 726.94
298.50 673.24
299.00 674.86
299.50 735.96
