0.00 727.22
0.50 695.09
1.00 739.29
1.50 752.47
2.00 717.93
2.50 727.43
3.00 758.14
3.50 730.02
4.00 712.69
4.50 711.72
5.00 832.11
5.50 859.97
6.00 831.20
6.50 771.96
7.00 848.12
7.50 836.38
8.00 849.24
8.50 684.22
9.00 743.63
9.50 763.15
10.00 667.09
10.50 716.02
11.00 739.09
11.50 706.22
12.00 723.59
12.50 676.21
13.00 790.89
13.50 707.15
14.00 724.96
14.50 732.06
15.00 788.06
15.50 721.41
16.00 741.10
16.50 705.03
17.00 726.53
17.50 677.23
18.00 749.20
18.50 742.42
19.00 715.58
19.50 757.96
20.00 702.66
20.50 718.23
21.00 767.93
21.50 713.49
22.00 778.78
22.50 761.37
23.00 738.38
23.50 733.57
24.00 711.06
24.50 686.27
25.00 739.51
25.50 735.83
26.00 666.35
26.50 742.54
27.00 732.00
27.50 745.30
28.00 708.08
28.50 755.86
29.00 689.81
29.50 764.13
30.00 736.39
30.50 770.13
31.00 706.35
31.50 730.03
32.00 694.86
32.50 787.91
33.00 730.20
33.50 781.58
34.00 775.41
34.50 741.33
35.00 681.26
35.50 760.90
36.00 181.68
36.50 703.71
37.00 877.26
37.50 795.15
38.00 692.37
38.50 703.28
39.00 733.26
39.50 694.59
40.00 779.45
40.50 721.83
41.00 723.19
41.50 731.39
42.00 745.64
42.50 776.75
43.00 778.29
43.50 756.66
44.00 796.72
44.50 732.10
45.00 717.59
45.50 715.67
46.00 808.22
46.50 690.14
47.00 796.69
47.50 862.49
48.00 784.65
48.50 617.16
49.00 687.37
49.50 731.69
50.00 651.03
50.50 739.77
51.00 710.85
51.50 768.71
52.00 808.76
52.50 678.70
53.00 796.11
53.50 719.00
54.00 760.18
54.50 736.40
55.00 740.64
55.50 718.57
56.00 801.20
56.50 802.58
57.00 750.71
57.50 756.88
58.00 745.03
58.50 675.32
59.00 741.84
59.50 699.67
60.00 900.00
60.50 702.87
61.00 838.10
61.50 710.48
62.00 692.43
62.50 711.18
63.00 712.18
63.50 711.56
64.00 720.57
64.50 734.96
65.00 736.44
65.50 694.86
66.00 341.27
66.50 710.91
67.00 711.06
67.50 704.80
68.00 676.58
68.50 773.31
69.00 900.00
69.50 681.96
70.00 832.80
70.50 844.56
71.00 760.34
71.50 742.31
72.00 296.71
72.50 210.75
73.00 299.70
73.50 0.00
74.00 750.70
74.50 760.77
75.00 289.36
75.50 719.51
76.00 735.36
76.50 706.62
77.00 738.54
77.50 723.91
78.00 0.00
78.50 284.00
79.00 323.60
79.50 797.56
80.00 742.05
80.50 705.17
81.00 768.38
81.50 730.24
82.00 790.14
82.50 707.50
83.00 794.36
83.50 647.72
84.00 853.37
84.50 652.67
85.00 799.94
85.50 740.70
86.00 736.05
86.50 695.11
87.00 7.05
87.50 734.21
88.00 773.36
88.50 729.22
89.00 841.08
89.50 797.34
90.00 831.78
90.50 766.21
91.00 834.60
91.50 806.65
92.00 657.88
92.50 712.93
93.00 769.72
93.50 740.86
94.00 733.76
94.50 791.70
95.00 833.74
95.50 874.69
96.00 832.27
96.50 830.58
97.00 837.47
97.50 821.46
98.00 850.64
98.50 749.49
99.00 468.94
99.50 719.85
100.00 661.70
100.50 711.29
101.00 737.98
101.50 722.96
102.00 750.88
102.50 756.18
103.00 636.56
103.50 777.17
104.00 792.77
104.50 758.16
105.00 745.67
105.50 778.31
106.00 703.15
106.50 797.97
107.00 751.67
107.50 753.39
108.00 744.56
108.50 731.48
109.00 740.15
109.50 747.90
110.00 733.64
110.50 686.95
111.00 729.84
111.50 762.63
112.00 726.04
112.50 724.17
113.00 720.55
113.50 747.32
114.00 741.22
114.50 724.61
115.00 761.83
115.50 733.73
116.00 764.15
116.50 782.36
117.00 708.35
117.50 746.71
118.00 742.05
118.50 734.23
119.00 705.37
119.50 735.00
120.00 697.08
120.50 826.12
121.00 717.45
121.50 732.74
122.00 737.55
122.50 718.43
123.00 718.17
123.50 819.31
124.00 848.07
124.50 719.78
125.00 741.53
125.50 850.04
126.00 859.52
126.50 840.37
127.00 818.65
127.50 822.24
128.00 837.33
128.50 850.20
129.00 858.91
129.50 843.25
130.00 856.56
130.50 706.80
131.00 105.49
131.50 561.05
132.00 761.95
132.50 721.30
133.00 723.08
133.50 764.75
134.00 714.01
134.50 696.51
135.00 839.16
135.50 833.02
136.00 812.18
136.50 854.38
137.00 855.48
137.50 832.08
138.00 759.41
138.50 751.60
139.00 695.10
139.50 757.15
140.00 721.29
140.50 672.54
141.00 702.66
141.50 196.00
142.00 752.94
142.50 697.57
143.00 737.20
143.50 731.13
144.00 359.40
144.50 706.24
145.00 857.91
145.50 198.44
146.00 14.17
146.50 0.00
147.00 474.53
147.50 3.12
148.00 1.98
148.50 168.38
149.00 320.93
149.50 351.67
150.00 681.16
150.50 785.21
151.00 735.28
151.50 651.69
152.00 703.65
152.50 798.44
153.00 733.54
153.50 828.36
154.00 845.07
154.50 862.03
155.00 887.64
155.50 843.84
156.00 854.26
156.50 808.19
157.00 846.39
157.50 804.86
158.00 848.72
158.50 816.99
159.00 796.11
159.50 827.54
160.00 827.79
160.50 823.91
161.00 203.78
161.50 835.13
162.00 685.22
162.50 718.95
163.00 684.48
163.50 721.14
164.00 831.75
164.50 831.58
165.00 738.66
165.50 806.73
166.00 675.00
166.50 777.86
167.00 731.30
167.50 746.80
168.00 672.46
168.50 857.95
169.00 724.44
169.50 846.09
170.00 836.95
170.50 827.22
171.00 861.76
171.50 824.19
172.00 852.74
172.50 849.67
173.00 742.79
173.50 643.95
174.00 743.90
174.50 832.04
175.00 861.13
175.50 842.55
176.00 833.11
176.50 840.65
177.00 855.98
177.50 713.31
178.00 793.41
178.50 273.31
179.00 739.75
179.50 714.81
180.00 726.59
180.50 691.89
181.00 687.32
181.50 742.51
182.00 770.74
182.50 719.86
183.00 758.06
183.50 738.45
184.00 751.94
184.50 739.81
185.00 686.95
185.50 797.28
186.00 725.70
186.50 763.35
187.00 711.72
187.50 729.49
188.00 728.65
188.50 698.64
189.00 789.33
189.50 738.96
190.00 722.80
190.50 857.10
191.00 710.71
191.50 714.93
192.00 858.72
192.50 851.24
193.00 676.21
193.50 742.36
194.00 854.01
194.50 812.87
195.00 723.47
195.50 136.96
196.00 270.33
196.50 433.74
197.00 791.81
197.50 788.52
198.00 864.51
198.50 827.37
199.00 668.73
199.50 724.82
200.00 780.41
200.50 677.29
201.00 859.01
201.50 833.90
202.00 843.10
202.50 859.40
203.00 846.65
203.50 826.73
204.00 875.04
204.50 842.63
205.00 855.50
205.50 837.15
206.00 839.64
206.50 820.20
207.00 737.92
207.50 673.03
208.00 766.27
208.50 826.45
209.00 822.30
209.50 846.85
210.00 827.82
210.50 851.54
211.00 812.77
211.50 811.94
212.00 813.91
212.50 820.92
213.00 619.88
213.50 732.93
214.00 680.42
214.50 706.67
215.00 729.01
215.50 751.33
216.00 747.60
216.50 696.93
217.00 745.94
217.50 702.83
218.00 746.46
218.50 720.68
219.00 727.62
219.50 685.77
220.00 737.85
220.50 675.81
221.00 750.82
221.50 763.62
222.00 725.59
222.50 767.15
223.00 746.04
223.50 732.77
224.00 762.26
224.50 701.48
225.00 711.11
225.50 693.21
226.00 751.57
226.50 710.17
227.00 719.28
227.50 719.38
228.00 746.57
228.50 687.41
229.00 780.27
229.50 703.62
230.00 784.18
230.50 703.33
231.00 709.82
231.50 701.57
232.00 684.28
232.50 716.47
233.00 732.06
233.50 858.53
234.00 813.01
234.50 849.06
235.00 856.80
235.50 801.64
236.00 764.19
236.50 705.13
237.00 776.01
237.50 744.73
238.00 762.08
238.50 697.04
239.00 707.66
239.50 706.65
240.00 730.82
240.50 714.05
241.00 845.45
241.50 839.96
242.00 824.30
242.50 848.15
243.00 727.91
243.50 695.91
244.00 708.10
244.50 832.96
245.00 824.84
245.50 799.56
246.00 840.68
246.50 849.46
247.00 831.77
247.50 862.73
248.00 840.51
248.50 825.87
249.00 850.54
249.50 818.58
250.00 867.42
250.50 846.89
251.00 823.04
251.50 810.62
252.00 849.96
252.50 859.80
253.00 844.51
253.50 856.19
254.00 885.66
254.50 660.08
255.00 694.73
255.50 767.60
256.00 688.31
256.50 345.25
257.00 1.90
257.50 0.00
258.00 604.15
258.50 749.52
259.00 819.60
259.50 869.49
260.00 878.49
260.50 857.03
261.00 626.41
261.50 406.38
262.00 735.22
262.50 828.16
263.00 371.68
263.50 748.49
264.00 825.12
264.50 863.47
265.00 843.72
265.50 827.04
266.00 831.92
266.50 459.37
267.00 700.79
267.50 735.55
268.00 743.27
268.50 829.03
269.00 679.27
269.50 627.12
270.00 870.94
270.50 729.96
271.00 753.04
271.50 701.35
272.00 674.15
272.50 725.75
273.00 704.43
273.50 755.36
274.00 781.83
274.50 814.54
275.00 710.78
275.50 742.73
276.00 710.10
276.50 700.05
277.00 725.11
277.50 743.98
278.00 706.41
278.50 764.64
279.00 729.61
279.50 757.40
280.00 707.13
280.50 669.96
281.00 126.08
281.50 585.56
282.00 713.04
282.50 740.83
283.00 688.74
283.50 696.01
284.00 699.86
284.50 725.29
285.00 712.16
285.50 741.19
286.00 733.34
286.50 726.86
287.00 707.07
287.50 781.66
288.00 723.41
288.50 771.29
289.00 762.63
289.50 763.62
290.00 801.68
290.50 740.83
291.00 746.66
291.50 746.81
292.00 732.26
292.50 728.64
293.00 737.64
293.50 714.12
294.00 601.73
294.50 400.40
295.00 693.07
295.50 697.23
296.00 746.95
296.50 715.50
297.00 666.69
297.50 800.29
298.00 733.96
298.50 695.99
299.00 797.99
299.50 847.44
