0.00 752.22
0.50 741.08
1.00 737.96
1.50 733.03
2.00 839.18
2.50 858.38
3.00 856.81
3.50 726.97
4.00 831.56
4.50 844.41
5.00 317.47
5.50 156.50
6.00 10.72
6.50 775.59
7.00 352.91
7.50 602.04
8.00 681.17
8.50 750.83
9.00 696.28
9.50 814.38
10.00 725.03
10.50 777.00
11.00 500.24
11.50 540.11
12.00 684.98
12.50 655.12
13.00 3.10
13.50 3.26
14.00 0.00
14.50 5.63
15.00 3.29
15.50 530.88
16.00 233.02
16.50 763.37
17.00 690.86
17.50 719.03
18.00 736.39
18.50 828.87
19.00 749.83
19.50 779.14
20.00 750.63
20.50 700.58
21.00 801.79
21.50 756.59
22.00 722.98
22.50 720.03
23.00 746.26
23.50 687.71
24.00 757.85
24.50 732.33
25.00 730.56
25.50 699.13
26.00 668.54
26.50 738.87
27.00 747.99
27.50 767.38
28.00 787.99
28.50 710.06
29.00 715.39
29.50 723.89
30.00 736.61
30.50 740.40
31.00 733.90
31.50 749.67
32.00 733.11
32.50 714.34
33.00 711.18
33.50 711.15
34.00 708.91
34.50 805.85
35.00 738.61
35.50 731.81
36.00 775.70
36.50 740.27
37.00 710.77
37.50 712.70
38.00 805.43
38.50 815.89
39.00 852.25
39.50 728.43
40.00 827.72
40.50 710.75
41.00 822.12
41.50 711.63
42.00 703.40
42.50 682.69
43.00 797.62
43.50 798.92
44.00 781.72
44.50 750.77
45.00 778.43
45.50 721.18
46.00 728.65
46.50 762.19
47.00 771.01
47.50 733.30
48.00 758.08
48.50 781.14
49.00 724.24
49.50 0.00
50.00 363.54
50.50 29.15
51.00 435.90
51.50 2.83
52.00 0.00
52.50 420.89
53.00 0.00
53.50 6.29
54.00 0.00
54.50 857.10
55.00 409.31
55.50 572.77
56.00 494.57
56.50 410.64
57.00 722.87
57.50 685.34
58.00 837.70
58.50 829.53
59.00 558.74
59.50 0.00
60.00 715.20
60.50 853.54
61.00 813.11
61.50 743.84
62.00 104.16
62.50 422.95
63.00 748.66
63.50 758.72
64.00 704.54
64.50 765.72
65.00 732.27
65.50 725.23
66.00 653.19
66.50 784.95
67.00 834.37
67.50 846.36
68.00 800.97
68.50 240.96
69.00 603.48
69.50 394.97
70.00 369.33
70.50 281.48
71.00 577.74
71.50 811.09
72.00 718.93
72.50 727.16
73.00 685.21
73.50 778.81
74.00 784.28
74.50 857.83
75.00 808.95
75.50 770.77
76.00 719.38
76.50 812.48
77.00 735.95
77.50 694.24
78.00 745.90
78.50 693.09
79.00 773.09
79.50 693.45
80.00 779.73
80.50 808.74
81.00 900.00
81.50 700.70
82.00 507.52
82.50 386.16
83.00 522.47
83.50 608.28
84.00 725.93
84.50 737.76
85.00 678.17
85.50 872.70
86.00 754.77
86.50 798.12
87.00 740.31
87.50 764.46
88.00 820.38
88.50 865.80
89.00 487.95
89.50 13.28
90.00 249.73
90.50 345.02
91.00 336.21
91.50 9.72
92.00 16.69
92.50 0.00
93.00 15.15
93.50 11.83
94.00 0.00
94.50 4.00
95.00 0.00
95.50 426.78
96.00 845.86
96.50 412.18
97.00 339.06
97.50 654.95
98.00 763.07
98.50 690.02
99.00 701.68
99.50 575.30
100.00 70.52
100.50 752.29
101.00 714.79
101.50 793.70
102.00 752.07
102.50 808.75
103.00 730.05
103.50 743.63
104.00 440.89
104.50 714.65
105.00 737.49
105.50 701.21
106.00 716.35
106.50 734.88
107.00 765.46
107.50 745.62
108.00 697.97
108.50 758.75
109.00 745.68
109.50 776.60
110.00 157.67
110.50 702.67
111.00 683.88
111.50 726.17
112.00 779.16
112.50 739.88
113.00 751.51
113.50 762.87
114.00 765.68
114.50 727.84
115.00 736.39
115.50 753.04
116.00 789.29
116.50 733.01
117.00 768.59
117.50 833.14
118.00 825.83
118.50 727.35
119.00 355.08
119.50 235.24
120.00 689.29
120.50 799.98
121.00 746.10
121.50 742.19
122.00 659.35
122.50 617.92
123.00 261.08
123.50 757.59
124.00 837.02
124.50 791.05
125.00 851.25
125.50 822.36
126.00 698.58
126.50 766.37
127.00 745.39
127.50 736.23
128.00 734.83
128.50 698.04
129.00 743.33
129.50 705.69
130.00 778.06
130.50 851.39
131.00 728.29
131.50 703.44
132.00 757.51
132.50 730.91
133.00 715.20
133.50 690.69
134.00 722.38
134.50 730.63
135.00 741.48
135.50 726.98
136.00 766.45
136.50 763.73
137.00 702.20
137.50 704.41
138.00 762.36
138.50 718.61
139.00 775.75
139.50 728.09
140.00 730.76
140.50 748.35
141.00 743.54
141.50 706.83
142.00 692.86
142.50 725.50
143.00 719.94
143.50 758.46
144.00 740.30
144.50 783.76
145.00 792.28
145.50 703.77
146.00 738.82
146.50 752.94
147.00 711.58
147.50 721.45
148.00 764.97
148.50 729.11
149.00 755.21
149.50 721.96
150.00 767.73
150.50 725.33
151.00 749.75
151.50 719.15
152.00 758.66
152.50 763.29
153.00 736.65
153.50 798.69
154.00 669.89
154.50 709.04
155.00 668.31
155.50 712.41
156.00 692.69
156.50 812.09
157.00 678.68
157.50 827.48
158.00 785.52
158.50 857.20
159.00 692.51
159.50 719.28
160.00 723.90
160.50 724.40
161.00 709.42
161.50 376.26
162.00 823.65
162.50 708.20
163.00 688.17
163.50 704.26
164.00 760.36
164.50 717.97
165.00 713.29
165.50 729.51
166.00 800.83
166.50 754.76
167.00 6.23
167.50 697.65
168.00 696.96
168.50 771.76
169.00 695.92
169.50 732.35
170.00 719.71
170.50 693.62
171.00 769.28
171.50 718.58
172.00 714.70
172.50 697.39
173.00 701.53
173.50 642.58
174.00 714.83
174.50 698.92
175.00 713.77
175.50 745.81
176.00 900.00
176.50 691.62
177.00 743.97
177.50 762.32
178.00 756.41
178.50 759.33
179.00 713.83
179.50 727.21
180.00 706.31
180.50 739.18
181.00 797.34
181.50 798.71
182.00 829.67
182.50 813.38
183.00 807.86
183.50 725.53
184.00 151.19
184.50 706.23
185.00 728.80
185.50 725.49
186.00 720.94
186.50 708.51
187.00 742.84
187.50 763.96
188.00 836.94
188.50 820.74
189.00 811.78
189.50 816.42
190.00 528.75
190.50 682.05
191.00 738.15
191.50 188.82
192.00 329.84
192.50 683.63
193.00 718.79
193.50 696.83
194.00 708.83
194.50 733.49
195.00 703.79
195.50 746.70
196.00 343.97
196.50 509.90
197.00 166.68
197.50 264.48
198.00 2.62
198.50 0.00
199.00 192.98
199.50 778.26
200.00 686.15
200.50 718.66
201.00 714.22
201.50 742.65
202.00 791.07
202.50 795.06
203.00 717.93
203.50 726.82
204.00 697.19
204.50 728.64
205.00 708.85
205.50 809.03
206.00 795.94
206.50 800.27
207.00 777.64
207.50 731.88
208.00 718.40
208.50 816.34
209.00 697.05
209.50 757.01
210.00 728.15
210.50 699.16
211.00 663.95
211.50 730.63
212.00 819.75
212.50 0.00
213.00 220.78
213.50 3.80
214.00 575.92
214.50 747.85
215.00 801.21
215.50 742.95
216.00 712.53
216.50 792.83
217.00 754.40
217.50 678.13
218.00 670.67
218.50 670.56
219.00 741.23
219.50 727.33
220.00 760.67
220.50 722.61
221.00 806.33
221.50 727.32
222.00 681.96
222.50 724.75
223.00 713.26
223.50 710.71
224.00 719.81
224.50 713.54
225.00 685.19
225.50 705.68
226.00 723.29
226.50 763.51
227.00 747.97
227.50 730.16
228.00 693.82
228.50 713.18
229.00 730.87
229.50 731.39
230.00 759.35
230.50 720.86
231.00 728.13
231.50 709.48
232.00 724.99
232.50 765.23
233.00 719.62
233.50 768.13
234.00 745.61
234.50 739.44
235.00 719.19
235.50 711.45
236.00 753.03
236.50 746.07
237.00 785.28
237.50 708.12
238.00 706.66
238.50 710.49
239.00 748.28
239.50 769.79
240.00 773.62
240.50 758.26
241.00 747.37
241.50 760.12
242.00 792.52
242.50 761.82
243.00 751.88
243.50 54.61
244.00 69.98
244.50 165.09
245.00 354.08
245.50 170.08
246.00 13.17
246.50 0.00
247.00 2.96
247.50 10.52
248.00 374.26
248.50 497.53
249.00 608.51
249.50 689.44
250.00 809.84
250.50 852.44
251.00 738.38
251.50 704.43
252.00 728.36
252.50 743.04
253.00 862.90
253.50 725.53
254.00 711.83
254.50 586.00
255.00 724.79
255.50 699.52
256.00 900.00
256.50 680.60
257.00 607.63
257.50 716.50
258.00 771.42
258.50 795.57
259.00 727.66
259.50 825.85
260.00 692.60
260.50 713.48
261.00 684.17
261.50 684.21
262.00 248.07
262.50 322.98
263.00 702.59
263.50 763.16
264.00 851.48
264.50 731.01
265.00 793.20
265.50 741.33
266.00 786.50
266.50 808.92
267.00 778.47
267.50 705.37
268.00 736.95
268.50 773.35
269.00 833.41
269.50 784.78
270.00 694.97
270.50 821.22
271.00 700.10
271.50 750.93
272.00 757.57
272.50 704.22
273.00 697.52
273.50 716.84
274.00 741.70
274.50 741.33
275.00 98.17
275.50 234.46
276.00 765.29
276.50 745.72
277.00 709.26
277.50 673.36
278.00 756.51
278.50 741.31
279.00 668.54
279.50 722.88
280.00 763.25
280.50 847.92
281.00 725.53
281.50 708.51
282.00 715.58
282.50 703.51
283.00 845.30
283.50 819.23
284.00 840.24
284.50 844.23
285.00 837.60
285.50 767.74
286.00 721.65
286.50 751.22
287.00 466.25
287.50 50.48
288.00 706.63
288.50 749.82
289.00 770.16
289.50 745.33
290.00 724.95
290.50 699.94
291.00 786.28
291.50 755.21
292.00 659.93
292.50 753.22
293.00 750.58
293.50 740.47
294.00 711.87
294.50 750.70
295.00 779.98
295.50 722.31
296.00 795.19
296.50 758.88
297.00 752.72
297.50 793.37
298.00 795.63
298.50 752.46
299.00 700.37
299.50 696.27
