0.00 715.53
0.50 739.02
1.00 742.51
1.50 759.13
2.00 762.90
2.50 666.75
3.00 707.59
3.50 660.18
4.00 762.54
4.50 814.62
5.00 722.57
5.50 831.61
6.00 844.70
6.50 684.08
7.00 718.65
7.50 735.36
8.00 704.27
8.50 691.24
9.00 747.79
9.50 711.95
10.00 725.28
10.50 728.84
11.00 687.80
11.50 740.13
12.00 721.24
12.50 736.05
13.00 687.11
13.50 749.61
14.00 730.37
14.50 0.00
15.00 6.76
15.50 30.81
16.00 0.00
16.50 482.94
17.00 424.45
17.50 264.14
18.00 681.01
18.50 123.31
19.00 713.56
19.50 748.65
20.00 754.29
20.50 725.49
21.00 754.77
21.50 746.35
22.00 784.17
22.50 737.20
23.00 759.89
23.50 754.48
24.00 710.26
24.50 742.94
25.00 725.83
25.50 699.92
26.00 712.75
26.50 722.88
27.00 742.13
27.50 773.30
28.00 755.07
28.50 708.77
29.00 671.10
29.50 694.36
30.00 705.77
30.50 692.29
31.00 712.66
31.50 811.29
32.00 727.39
32.50 752.95
33.00 709.21
33.50 777.88
34.00 742.19
34.50 700.66
35.00 745.15
35.50 731.93
36.00 724.75
36.50 689.81
37.00 810.76
37.50 834.75
38.00 776.09
38.50 696.96
39.00 728.84
39.50 763.66
40.00 716.10
40.50 717.42
41.00 736.95
41.50 748.10
42.00 755.78
42.50 747.02
43.00 687.43
43.50 743.78
44.00 755.90
44.50 727.04
45.00 728.03
45.50 759.37
46.00 755.14
46.50 782.05
47.00 673.02
47.50 762.16
48.00 696.95
48.50 747.49
49.00 810.24
49.50 723.64
50.00 771.27
50.50 694.60
51.00 701.75
51.50 720.40
52.00 738.73
52.50 757.22
53.00 777.02
53.50 709.90
54.00 708.22
54.50 742.05
55.00 741.04
55.50 697.86
56.00 745.77
56.50 720.24
57.00 742.75
57.50 681.29
58.00 725.15
58.50 737.16
59.00 744.38
59.50 689.28
60.00 694.86
60.50 689.91
61.00 785.79
61.50 757.97
62.00 762.53
62.50 686.13
63.00 792.08
63.50 775.23
64.00 728.72
64.50 659.16
65.00 814.64
65.50 704.91
66.00 803.42
66.50 761.79
67.00 720.83
67.50 714.97
68.00 718.51
68.50 719.57
69.00 664.42
69.50 719.40
70.00 817.79
70.50 796.60
71.00 694.73
71.50 705.07
72.00 712.55
72.50 659.49
73.00 730.50
73.50 683.32
74.00 689.88
74.50 732.62
75.00 822.80
75.50 837.23
76.00 769.95
76.50 707.17
77.00 734.54
77.50 786.45
78.00 676.43
78.50 743.48
79.00 762.31
79.50 741.93
80.00 496.52
80.50 104.82
81.00 731.95
81.50 751.14
82.00 724.65
82.50 744.76
83.00 724.18
83.50 712.49
84.00 867.65
84.50 850.53
85.00 871.83
85.50 776.27
86.00 732.75
86.50 720.42
87.00 782.14
87.50 844.80
88.00 851.38
88.50 843.33
89.00 838.50
89.50 803.68
90.00 830.87
90.50 819.17
91.00 837.73
91.50 883.40
92.00 727.99
92.50 706.53
93.00 793.21
93.50 0.00
94.00 4.96
94.50 5.12
95.00 1.41
95.50 12.19
96.00 3.63
96.50 2.03
97.00 611.50
97.50 751.50
98.00 656.45
98.50 728.39
99.00 798.82
99.50 878.33
100.00 877.88
100.50 726.20
101.00 719.70
101.50 709.18
102.00 751.22
102.50 717.78
103.00 719.97
103.50 695.32
104.00 687.48
104.50 726.76
105.00 729.95
105.50 743.93
106.00 741.26
106.50 692.55
107.00 715.31
107.50 749.18
108.00 650.74
108.50 733.56
109.00 770.80
109.50 698.68
110.00 846.70
110.50 661.86
111.00 701.77
111.50 730.32
112.00 757.31
112.50 696.95
113.00 761.94
113.50 699.90
114.00 694.04
114.50 706.66
115.00 742.03
115.50 756.24
116.00 778.80
116.50 728.75
117.00 693.04
117.50 744.44
118.00 786.55
118.50 760.09
119.00 774.39
119.50 760.44
120.00 763.67
120.50 799.94
121.00 762.29
121.50 739.50
122.00 840.04
122.50 804.03
123.00 773.71
123.50 721.56
124.00 218.71
124.50 180.28
125.00 61.82
125.50 538.17
126.00 775.15
126.50 713.51
127.00 723.92
127.50 695.85
128.00 764.82
128.50 706.70
129.00 758.31
129.50 678.43
130.00 777.03
130.50 797.62
131.00 749.99
131.50 769.28
132.00 710.75
132.50 774.68
133.00 671.24
133.50 741.74
134.00 703.51
134.50 723.68
135.00 754.03
135.50 762.17
136.00 720.41
136.50 772.70
137.00 743.05
137.50 711.84
138.00 726.49
138.50 651.21
139.00 745.14
139.50 744.15
140.00 692.10
140.50 747.17
141.00 756.18
141.50 737.23
142.00 734.34
142.50 747.43
143.00 774.09
143.50 712.16
144.00 775.07
144.50 720.49
145.00 722.80
145.50 711.37
146.00 817.70
146.50 822.86
147.00 728.84
147.50 688.98
148.00 752.03
148.50 15.06
149.00 6.18
149.50 684.72
150.00 727.07
150.50 694.83
151.00 719.27
151.50 731.40
152.00 736.78
152.50 787.27
153.00 684.43
153.50 726.63
154.00 712.83
154.50 775.88
155.00 723.04
155.50 755.39
156.00 744.04
156.50 766.62
157.00 749.56
157.50 737.59
158.00 775.70
158.50 863.84
159.00 670.44
159.50 853.86
160.00 730.82
160.50 747.92
161.00 878.58
161.50 699.82
162.00 736.94
162.50 714.71
163.00 763.64
163.50 704.81
164.00 770.42
164.50 832.57
165.00 736.41
165.50 712.75
166.00 818.35
166.50 834.52
167.00 835.82
167.50 885.88
168.00 695.27
168.50 389.15
169.00 768.90
169.50 683.75
170.00 761.68
170.50 770.54
171.00 753.59
171.50 762.39
172.00 691.31
172.50 714.98
173.00 763.47
173.50 786.83
174.00 699.34
174.50 717.80
175.00 678.00
175.50 754.08
176.00 817.96
176.50 900.00
177.00 592.16
177.50 775.59
178.00 730.13
178.50 684.75
179.00 744.87
179.50 726.76
180.00 6.45
180.50 480.10
181.00 748.53
181.50 742.32
182.00 416.80
182.50 466.18
183.00 19.19
183.50 183.74
184.00 0.00
184.50 5.50
185.00 4.57
185.50 767.64
186.00 793.78
186.50 767.50
187.00 686.28
187.50 703.65
188.00 734.34
188.50 1.33
189.00 0.00
189.50 108.03
190.00 745.11
190.50 756.63
191.00 747.26
191.50 880.03
192.00 826.33
192.50 869.38
193.00 874.96
193.50 729.52
194.00 665.56
194.50 117.35
195.00 900.00
195.50 462.04
196.00 150.74
196.50 304.28
197.00 407.93
197.50 644.53
198.00 231.65
198.50 755.36
199.00 378.13
199.50 707.68
200.00 716.13
200.50 601.21
201.00 402.70
201.50 762.74
202.00 803.10
202.50 1.38
203.00 0.00
203.50 14.33
204.00 0.00
204.50 761.22
205.00 775.07
205.50 735.69
206.00 684.54
206.50 706.38
207.00 687.32
207.50 819.47
208.00 726.05
208.50 764.82
209.00 727.04
209.50 659.18
210.00 685.85
210.50 685.27
211.00 754.12
211.50 797.32
212.00 734.48
212.50 736.78
213.00 773.02
213.50 788.48
214.00 756.85
214.50 754.29
215.00 700.29
215.50 773.65
216.00 761.55
216.50 737.29
217.00 728.43
217.50 733.61
218.00 780.47
218.50 721.70
219.00 734.43
219.50 803.91
220.00 842.29
220.50 774.37
221.00 414.44
221.50 458.68
222.00 566.41
222.50 786.85
223.00 701.69
223.50 703.21
224.00 834.57
224.50 746.02
225.00 759.96
225.50 715.94
226.00 761.59
226.50 704.38
227.00 682.55
227.50 704.08
228.00 702.50
228.50 782.90
229.00 793.07
229.50 716.07
230.00 695.30
230.50 765.19
231.00 764.38
231.50 696.73
232.00 692.58
232.50 740.29
233.00 730.53
233.50 796.26
234.00 797.60
234.50 731.32
235.00 694.98
235.50 790.38
236.00 844.54
236.50 863.45
237.00 900.00
237.50 755.35
238.00 692.09
238.50 735.00
239.00 752.27
239.50 783.75
240.00 770.76
240.50 716.84
241.00 752.26
241.50 748.78
242.00 776.40
242.50 706.34
243.00 756.54
243.50 723.61
244.00 762.21
244.50 729.97
245.00 707.15
245.50 701.96
246.00 722.46
246.50 686.03
247.00 750.66
247.50 717.12
248.00 687.42
248.50 758.54
249.00 746.16
249.50 767.78
250.00 717.51
250.50 631.39
251.00 704.56
251.50 680.18
252.00 408.85
252.50 713.53
253.00 572.79
253.50 696.88
254.00 694.91
254.50 697.34
255.00 719.33
255.50 720.51
256.00 707.97
256.50 542.93
257.00 694.98
257.50 814.22
258.00 800.18
258.50 732.43
259.00 692.54
259.50 715.85
260.00 718.13
260.50 720.20
261.00 726.74
261.50 680.89
262.00 686.66
262.50 712.88
263.00 752.24
263.50 768.82
264.00 721.60
264.50 816.25
265.00 846.80
265.50 834.47
266.00 849.49
266.50 854.75
267.00 826.68
267.50 851.15
268.00 681.41
268.50 612.83
269.00 171.63
269.50 389.64
270.00 408.34
270.50 583.71
271.00 664.42
271.50 724.83
272.00 759.78
272.50 771.21
273.00 767.97
273.50 775.76
274.00 819.53
274.50 798.04
275.00 856.10
275.50 748.58
276.00 714.87
276.50 716.89
277.00 716.18
277.50 800.58
278.00 694.92
278.50 690.12
279.00 697.13
279.50 737.99
280.00 780.48
280.50 739.17
281.00 897.56
281.50 769.38
282.00 705.17
282.50 716.60
283.00 695.07
283.50 739.63
284.00 693.05
284.50 759.20
285.00 712.31
285.50 736.38
286.00 742.92
286.50 707.92
287.00 660.77
287.50 772.89
288.00 703.97
288.50 732.74
289.00 794.18
289.50 691.69
290.00 676.63
290.50 770.98
291.00 721.70
291.50 753.26
292.00 715.68
292.50 750.74
293.00 727.56
293.50 804.38
294.00 694.48
294.50 750.72
295.00 785.00
295.50 718.98
296.00 712.49
296.50 769.61
297.00 743.30
297.50 656.82
298.00 731.63
298.50 736.98
299.00 757.77
299.50 758.45
