0.00 790.24
0.50 714.26
1.00 731.49
1.50 388.53
2.00 238.00
2.50 683.00
3.00 733.06
3.50 752.80
4.00 861.91
4.50 720.51
5.00 665.34
5.50 687.70
6.00 514.95
6.50 666.70
7.00 742.92
7.50 849.91
8.00 833.61
8.50 831.59
9.00 827.80
9.50 844.24
10.00 838.21
10.50 791.68
11.00 781.62
11.50 757.36
12.00 703.06
12.50 791.30
13.00 720.48
13.50 731.01
14.00 701.06
14.50 705.74
15.00 713.84
15.50 803.82
16.00 715.73
16.50 716.25
17.00 736.81
17.50 735.77
18.00 692.72
18.50 724.56
19.00 773.89
19.50 712.59
20.00 708.97
20.50 670.70
21.00 734.28
21.50 733.01
22.00 775.81
22.50 736.36
23.00 739.53
23.50 680.67
24.00 723.92
24.50 676.40
25.00 725.99
25.50 768.27
26.00 807.78
26.50 766.00
27.00 832.37
27.50 719.85
28.00 701.63
28.50 761.55
29.00 756.23
29.50 781.00
30.00 750.60
30.50 705.85
31.00 741.15
31.50 729.23
32.00 761.34
32.50 769.36
33.00 715.29
33.50 728.83
34.00 773.01
34.50 741.97
35.00 738.67
35.50 669.42
36.00 712.50
36.50 751.39
37.00 743.04
37.50 705.40
38.00 797.38
38.50 759.78
39.00 751.05
39.50 687.09
40.00 780.68
40.50 731.09
41.00 836.96
41.50 717.66
42.00 699.94
42.50 900.00
43.00 790.99
43.50 727.92
44.00 735.12
44.50 714.53
45.00 649.99
45.50 414.53
46.00 520.09
46.50 716.90
47.00 687.30
47.50 708.58
48.00 699.80
48.50 677.67
49.00 696.67
49.50 704.60
50.00 754.51
50.50 703.12
51.00 722.22
51.50 739.51
52.00 729.31
52.50 663.66
53.00 695.37
53.50 681.61
54.00 717.05
54.50 701.79
55.00 740.80
55.50 745.07
56.00 736.26
56.50 749.97
57.00 745.64
57.50 801.15
58.00 744.06
58.50 693.14
59.00 735.77
59.50 756.11
60.00 797.26
60.50 725.13
61.00 707.36
61.50 734.48
62.00 2.15
62.50 270.68
63.00 351.62
63.50 711.55
64.00 741.48
64.50 723.93
65.00 713.28
65.50 776.07
66.00 794.77
66.50 689.80
67.00 722.07
67.50 695.75
68.00 740.14
68.50 761.09
69.00 680.03
69.50 778.51
70.00 725.96
70.50 734.66
71.00 726.63
71.50 783.19
72.00 707.15
72.50 720.56
73.00 749.14
73.50 740.26
74.00 674.08
74.50 681.82
75.00 703.57
75.50 749.64
76.00 782.17
76.50 705.76
77.00 721.54
77.50 808.35
78.00 747.52
78.50 717.53
79.00 800.22
79.50 741.67
80.00 724.73
80.50 710.36
81.00 738.37
81.50 761.87
82.00 750.35
82.50 713.41
83.00 709.34
83.50 803.88
84.00 758.69
84.50 788.74
85.00 710.45
85.50 743.28
86.00 683.50
86.50 780.92
87.00 733.03
87.50 724.56
88.00 730.88
88.50 728.72
89.00 737.40
89.50 758.01
90.00 740.33
90.50 725.51
91.00 708.48
91.50 705.35
92.00 706.41
92.50 754.83
93.00 683.70
93.50 717.33
94.00 729.49
94.50 749.97
95.00 710.55
95.50 737.97
96.00 692.44
96.50 685.04
97.00 726.34
97.50 721.23
98.00 758.43
98.50 758.93
99.00 683.64
99.50 723.67
100.00 696.58
100.50 784.39
101.00 742.65
101.50 769.01
102.00 713.19
102.50 724.44
103.00 763.51
103.50 738.41
104.00 822.29
104.50 757.86
105.00 720.85
105.50 707.23
106.00 780.07
106.50 724.74
107.00 724.13
107.50 740.52
108.00 697.51
108.50 695.01
109.00 754.85
109.50 735.71
110.00 736.90
110.50 732.86
111.00 737.81
111.50 706.61
112.00 742.45
112.50 782.97
113.00 703.99
113.50 710.52
114.00 714.63
114.50 739.50
115.00 695.19
115.50 713.46
116.00 866.69
116.50 804.76
117.00 701.89
117.50 690.94
118.00 686.63
118.50 693.35
119.00 724.61
119.50 699.39
120.00 704.86
120.50 685.55
121.00 863.68
121.50 845.40
122.00 703.57
122.50 733.46
123.00 745.74
123.50 640.74
124.00 761.64
124.50 0.00
125.00 12.62
125.50 181.56
126.00 194.74
126.50 158.86
127.00 711.98
127.50 765.20
128.00 752.22
128.50 731.09
129.00 711.51
129.50 759.88
130.00 669.72
130.50 713.98
131.00 743.61
131.50 731.44
132.00 720.96
132.50 724.11
133.00 714.46
133.50 777.03
134.00 726.01
134.50 788.80
135.00 710.66
135.50 843.89
136.00 455.73
136.50 707.34
137.00 787.65
137.50 822.41
138.00 703.24
138.50 369.19
139.00 656.70
139.50 826.40
140.00 724.57
140.50 686.47
141.00 792.32
141.50 715.30
142.00 758.13
142.50 739.59
143.00 724.22
143.50 714.53
144.00 745.83
144.50 677.73
145.00 709.86
145.50 813.94
146.00 664.78
146.50 697.03
147.00 711.20
147.50 704.70
148.00 735.36
148.50 700.74
149.00 735.61
149.50 852.19
150.00 787.11
150.50 728.28
151.00 685.12
151.50 885.64
152.00 868.82
152.50 761.37
153.00 854.87
153.50 849.81
154.00 831.57
154.50 737.79
155.00 688.83
155.50 697.93
156.00 897.92
156.50 703.11
157.00 707.23
157.50 694.73
158.00 706.54
158.50 900.00
159.00 687.03
159.50 717.09
160.00 730.50
160.50 712.47
161.00 764.79
161.50 766.91
162.00 844.47
162.50 854.65
163.00 839.99
163.50 869.28
164.00 851.38
164.50 853.15
165.00 843.46
165.50 820.22
166.00 850.53
166.50 840.46
167.00 894.58
167.50 753.84
168.00 668.95
168.50 810.49
169.00 755.60
169.50 738.91
170.00 380.17
170.50 788.92
171.00 751.90
171.50 706.24
172.00 763.02
172.50 846.19
173.00 877.50
173.50 839.85
174.00 827.09
174.50 821.82
175.00 851.35
175.50 795.93
176.00 823.06
176.50 874.78
177.00 797.33
177.50 857.29
178.00 0.00
178.50 713.08
179.00 688.30
179.50 571.24
180.00 512.32
180.50 377.71
181.00 728.71
181.50 725.59
182.00 701.03
182.50 732.54
183.00 759.68
183.50 784.99
184.00 715.39
184.50 696.56
185.00 845.03
185.50 751.21
186.00 757.53
186.50 776.70
187.00 660.49
187.50 712.67
188.00 716.09
188.50 760.09
189.00 807.93
189.50 792.79
190.00 700.33
190.50 702.91
191.00 747.60
191.50 726.45
192.00 758.50
192.50 692.62
193.00 747.98
193.50 782.33
194.00 761.89
194.50 678.90
195.00 736.95
195.50 692.64
196.00 751.16
196.50 623.97
197.00 794.07
197.50 770.15
198.00 733.98
198.50 729.71
199.00 764.94
199.50 811.22
200.00 813.38
200.50 850.33
201.00 807.61
201.50 680.09
202.00 728.84
202.50 723.27
203.00 720.95
203.50 732.86
204.00 744.10
204.50 709.33
205.00 643.64
205.50 520.28
206.00 796.69
206.50 744.06
207.00 793.46
207.50 734.34
208.00 771.99
208.50 788.52
209.00 782.87
209.50 690.60
210.00 788.08
210.50 881.74
211.00 832.94
211.50 861.04
212.00 752.83
212.50 773.18
213.00 810.31
213.50 707.41
214.00 791.06
214.50 718.58
215.00 716.62
215.50 685.91
216.00 737.43
216.50 711.47
217.00 846.23
217.50 721.25
218.00 720.06
218.50 767.98
219.00 789.66
219.50 672.93
220.00 9.04
220.50 2.00
221.00 16.56
221.50 15.24
222.00 0.00
222.50 6.44
223.00 8.82
223.50 7.52
224.00 426.71
224.50 539.46
225.00 212.75
225.50 158.28
226.00 7.59
226.50 727.36
227.00 706.41
227.50 750.68
228.00 735.25
228.50 716.66
229.00 704.58
229.50 744.91
230.00 779.22
230.50 731.30
231.00 696.86
231.50 720.59
232.00 751.02
232.50 772.87
233.00 727.05
233.50 725.73
234.00 727.70
234.50 687.03
235.00 14.15
235.50 1.17
236.00 26.99
236.50 12.90
237.00 15.98
237.50 301.37
238.00 755.88
238.50 746.19
239.00 766.35
239.50 722.26
240.00 818.77
240.50 737.91
241.00 770.58
241.50 715.83
242.00 752.67
242.50 751.16
243.00 737.24
243.50 697.98
244.00 683.92
244.50 783.52
245.00 730.58
245.50 722.89
246.00 682.47
246.50 635.61
247.00 703.18
247.50 679.03
248.00 715.18
248.50 721.05
249.00 688.54
249.50 682.83
250.00 698.05
250.50 416.50
251.00 683.02
251.50 339.83
252.00 722.69
252.50 765.02
253.00 699.29
253.50 724.28
254.00 811.27
254.50 720.61
255.00 725.22
255.50 786.31
256.00 677.44
256.50 752.22
257.00 771.74
257.50 735.79
258.00 716.89
258.50 752.02
259.00 761.66
259.50 706.53
260.00 733.48
260.50 807.19
261.00 681.63
261.50 699.98
262.00 683.25
262.50 721.14
263.00 686.05
263.50 678.82
264.00 695.76
264.50 708.57
265.00 718.01
265.50 741.54
266.00 672.60
266.50 787.93
267.00 686.49
267.50 887.87
268.00 265.45
268.50 900.00
269.00 215.68
269.50 0.00
270.00 726.47
270.50 718.73
271.00 713.98
271.50 731.41
272.00 828.09
272.50 809.68
273.00 580.38
273.50 708.85
274.00 765.34
274.50 686.68
275.00 750.98
275.50 830.79
276.00 669.52
276.50 707.15
277.00 398.38
277.50 421.19
278.00 607.35
278.50 304.18
279.00 413.71
279.50 342.19
280.00 0.00
280.50 785.07
281.00 843.02
281.50 877.40
282.00 729.02
282.50 667.81
283.00 708.62
283.50 788.11
284.00 483.64
284.50 676.53
285.00 833.76
285.50 851.79
286.00 827.81
286.50 831.13
287.00 851.50
287.50 859.34
288.00 822.60
288.50 845.98
289.00 729.33
289.50 742.80
290.00 684.79
290.50 705.34
291.00 776.29
291.50 857.65
292.00 400.31
292.50 843.27
293.00 739.54
293.50 185.56
294.00 694.21
294.50 833.98
295.00 727.54
295.50 737.87
296.00 708.80
296.50 740.72
297.00 661.23
297.50 759.46
298.00 732.85
298.50 755.64
299.00 733.67
299.50 722.70
