0.00 721.86
0.50 732.31
1.00 707.60
1.50 706.10
2.00 761.95
2.50 688.43
3.00 784.94
3.50 751.48
4.00 715.62
4.50 748.68
5.00 705.67
5.50 721.22
6.00 684.63
6.50 696.00
7.00 688.14
7.50 722.82
8.00 742.22
8.50 728.66
9.00 795.77
9.50 694.14
10.00 703.42
10.50 666.13
11.00 713.25
11.50 717.74
12.00 867.38
12.50 370.55
13.00 307.49
13.50 691.41
14.00 711.86
14.50 745.47
15.00 753.57
15.50 676.33
16.00 746.99
16.50 448.50
17.00 144.52
17.50 689.47
18.00 853.03
18.50 863.17
19.00 841.19
19.50 830.80
20.00 768.94
20.50 713.42
21.00 884.90
21.50 776.93
22.00 691.30
22.50 715.32
23.00 717.24
23.50 691.12
24.00 702.29
24.50 727.51
25.00 434.42
25.50 716.77
26.00 718.86
26.50 9.05
27.00 19.25
27.50 4.53
28.00 803.23
28.50 629.38
29.00 595.59
29.50 701.30
30.00 701.96
30.50 709.06
31.00 742.02
31.50 772.34
32.00 803.96
32.50 812.07
33.00 740.85
33.50 731.50
34.00 733.66
34.50 732.44
35.00 702.56
35.50 756.75
36.00 841.99
36.50 847.57
37.00 827.53
37.50 813.59
38.00 824.62
38.50 859.01
39.00 870.83
39.50 803.80
40.00 870.98
40.50 886.81
41.00 840.94
41.50 815.09
42.00 805.70
42.50 853.52
43.00 849.25
43.50 763.41
44.00 781.38
44.50 737.81
45.00 653.17
45.50 734.90
46.00 824.56
46.50 844.86
47.00 736.70
47.50 831.27
48.00 852.59
48.50 823.29
49.00 874.30
49.50 848.50
50.00 847.19
50.50 835.56
51.00 812.38
51.50 737.03
52.00 674.32
52.50 757.51
53.00 752.94
53.50 764.25
54.00 707.40
54.50 707.66
55.00 760.81
55.50 745.24
56.00 697.28
56.50 701.62
57.00 760.37
57.50 672.51
58.00 709.89
58.50 768.70
59.00 667.65
59.50 722.73
60.00 727.36
60.50 729.05
61.00 695.95
61.50 740.58
62.00 695.78
62.50 687.09
63.00 670.56
63.50 752.09
64.00 771.77
64.50 767.20
65.00 695.67
65.50 711.65
66.00 709.92
66.50 761.68
67.00 721.46
67.50 733.51
68.00 709.14
68.50 728.37
69.00 706.29
69.50 726.14
70.00 791.65
70.50 691.83
71.00 720.09
71.50 685.45
72.00 742.21
72.50 714.51
73.00 685.82
73.50 771.63
74.00 824.29
74.50 857.94
75.00 842.54
75.50 854.10
76.00 833.55
76.50 868.61
77.00 317.07
77.50 770.09
78.00 746.57
78.50 689.29
79.00 702.55
79.50 729.29
80.00 0.00
80.50 3.72
81.00 171.68
81.50 443.39
82.00 871.53
82.50 890.84
83.00 846.33
83.50 714.37
84.00 714.32
84.50 751.52
85.00 776.89
85.50 739.77
86.00 765.98
86.50 746.60
87.00 721.14
87.50 719.76
88.00 710.31
88.50 352.25
89.00 742.52
89.50 811.72
90.00 758.14
90.50 726.11
91.00 721.19
91.50 689.29
92.00 799.93
92.50 755.60
93.00 743.48
93.50 692.30
94.00 789.95
94.50 695.00
95.00 798.91
95.50 707.54
96.00 705.06
96.50 833.08
97.00 704.54
97.50 799.26
98.00 836.72
98.50 842.52
99.00 441.35
99.50 683.84
100.00 500.09
100.50 785.45
101.00 720.44
101.50 697.85
102.00 833.04
102.50 884.10
103.00 815.34
103.50 874.28
104.00 749.50
104.50 352.25
105.00 726.24
105.50 739.40
106.00 239.07
106.50 706.21
107.00 702.36
107.50 706.11
108.00 705.85
108.50 694.59
109.00 747.70
109.50 662.11
110.00 739.61
110.50 724.13
111.00 735.78
111.50 728.34
112.00 690.60
112.50 718.17
113.00 731.27
113.50 678.95
114.00 698.94
114.50 726.18
115.00 721.19
115.50 778.31
116.00 723.02
116.50 722.82
117.00 773.19
117.50 758.50
118.00 709.95
118.50 687.24
119.00 745.28
119.50 900.00
120.00 698.53
120.50 250.96
121.00 720.80
121.50 689.45
122.00 689.46
122.50 722.19
123.00 712.59
123.50 805.49
124.00 756.53
124.50 771.43
125.00 694.46
125.50 746.01
126.00 299.48
126.50 773.42
127.00 682.62
127.50 739.04
128.00 247.05
128.50 779.71
129.00 671.86
129.50 844.49
130.00 824.15
130.50 874.83
131.00 707.85
131.50 682.60
132.00 736.24
132.50 710.94
133.00 758.89
133.50 787.46
134.00 687.07
134.50 665.09
135.00 818.15
135.50 694.97
136.00 702.95
136.50 706.56
137.00 742.09
137.50 806.38
138.00 739.04
138.50 772.58
139.00 692.30
139.50 675.85
140.00 711.52
140.50 693.92
141.00 726.14
141.50 724.65
142.00 715.95
142.50 745.05
143.00 721.71
143.50 741.37
144.00 702.62
144.50 696.81
145.00 679.91
145.50 778.13
146.00 896.49
146.50 742.78
147.00 741.61
147.50 706.60
148.00 641.71
148.50 811.57
149.00 707.87
149.50 707.26
150.00 714.28
150.50 745.02
151.00 749.94
151.50 774.56
152.00 701.35
152.50 729.50
153.00 705.20
153.50 754.44
154.00 730.93
154.50 384.03
155.00 669.84
155.50 544.08
156.00 289.23
156.50 632.44
157.00 177.66
157.50 375.41
158.00 802.64
158.50 682.03
159.00 719.33
159.50 840.21
160.00 740.39
160.50 755.44
161.00 728.63
161.50 855.41
162.00 699.76
162.50 717.58
163.00 854.01
163.50 721.63
164.00 841.00
164.50 704.50
165.00 717.98
165.50 900.00
166.00 499.95
166.50 685.77
167.00 703.28
167.50 667.46
168.00 425.72
168.50 684.12
169.00 733.39
169.50 695.72
170.00 690.77
170.50 739.32
171.00 727.86
171.50 724.01
172.00 761.11
172.50 803.19
173.00 776.83
173.50 669.49
174.00 841.62
174.50 832.49
175.00 850.53
175.50 849.62
176.00 834.49
176.50 658.85
177.00 756.65
177.50 746.34
178.00 694.26
178.50 726.44
179.00 725.17
179.50 808.30
180.00 760.09
180.50 748.57
181.00 693.47
181.50 756.49
182.00 746.30
182.50 319.80
183.00 767.88
183.50 871.85
184.00 268.17
184.50 695.17
185.00 683.02
185.50 865.31
186.00 841.83
186.50 852.25
187.00 880.35
187.50 730.67
188.00 827.87
188.50 836.42
189.00 834.00
189.50 862.80
190.00 724.18
190.50 761.57
191.00 645.89
191.50 728.77
192.00 856.79
192.50 863.53
193.00 840.89
193.50 121.10
194.00 780.57
194.50 665.94
195.00 710.34
195.50 657.36
196.00 857.97
196.50 843.96
197.00 856.01
197.50 860.22
198.00 832.03
198.50 857.19
199.00 858.00
199.50 804.40
200.00 712.00
200.50 9.11
201.00 0.00
201.50 622.95
202.00 12.41
202.50 70.95
203.00 590.31
203.50 210.15
204.00 357.30
204.50 734.90
205.00 855.58
205.50 805.74
206.00 846.15
206.50 830.20
207.00 717.66
207.50 701.10
208.00 688.31
208.50 731.44
209.00 760.56
209.50 677.91
210.00 726.59
210.50 699.56
211.00 680.88
211.50 751.57
212.00 704.63
212.50 764.28
213.00 789.16
213.50 742.01
214.00 703.02
214.50 723.91
215.00 735.94
215.50 714.32
216.00 755.43
216.50 708.02
217.00 721.40
217.50 675.77
218.00 713.61
218.50 441.06
219.00 724.11
219.50 788.17
220.00 729.38
220.50 723.05
221.00 681.18
221.50 847.54
222.00 795.35
222.50 813.93
223.00 698.14
223.50 679.88
224.00 718.44
224.50 764.13
225.00 730.51
225.50 771.46
226.00 781.16
226.50 715.09
227.00 677.94
227.50 737.10
228.00 696.36
228.50 728.37
229.00 702.81
229.50 744.52
230.00 770.21
230.50 734.50
231.00 752.91
231.50 758.82
232.00 715.09
232.50 758.79
233.00 720.42
233.50 720.01
234.00 750.84
234.50 765.32
235.00 877.60
235.50 743.54
236.00 733.18
236.50 753.64
237.00 745.07
237.50 782.17
238.00 757.05
238.50 824.66
239.00 703.20
239.50 507.61
240.00 237.40
240.50 229.59
241.00 698.49
241.50 716.80
242.00 688.08
242.50 694.80
243.00 848.36
243.50 674.09
244.00 812.16
244.50 846.28
245.00 730.95
245.50 767.44
246.00 732.40
246.50 730.02
247.00 784.83
247.50 708.28
248.00 729.64
248.50 716.99
249.00 750.70
249.50 751.36
250.00 711.64
250.50 740.62
251.00 733.15
251.50 724.08
252.00 805.26
252.50 536.25
253.00 695.36
253.50 744.78
254.00 821.98
254.50 860.91
255.00 847.27
255.50 836.13
256.00 849.44
256.50 864.00
257.00 771.30
257.50 689.84
258.00 736.48
258.50 729.40
259.00 704.22
259.50 843.21
260.00 695.69
260.50 696.24
261.00 896.26
261.50 900.00
262.00 721.24
262.50 706.74
263.00 857.71
263.50 680.78
264.00 713.49
264.50 697.50
265.00 708.08
265.50 19.71
266.00 336.85
266.50 752.82
267.00 32.20
267.50 15.10
268.00 264.79
268.50 8.08
269.00 8.11
269.50 282.35
270.00 75.10
270.50 733.65
271.00 756.98
271.50 754.76
272.00 747.24
272.50 303.32
273.00 225.18
273.50 408.19
274.00 351.30
274.50 384.49
275.00 672.92
275.50 713.30
276.00 775.89
276.50 741.94
277.00 795.81
277.50 698.67
278.00 734.64
278.50 719.02
279.00 704.49
279.50 723.67
280.00 664.95
280.50 713.92
281.00 753.31
281.50 738.19
282.00 733.56
282.50 703.89
283.00 657.31
283.50 802.91
284.00 703.64
284.50 712.30
285.00 756.35
285.50 751.83
286.00 706.58
286.50 705.31
287.00 752.20
287.50 746.63
288.00 701.03
288.50 738.48
289.00 726.87
289.50 738.78
290.00 721.16
290.50 773.74
291.00 691.87
291.50 721.80
292.00 19.76
292.50 0.00
293.00 1.03
293.50 13.47
294.00 230.73
294.50 77.64
295.00 740.90
295.50 662.74
296.00 721.12
296.50 820.14
297.00 874.30
297.50 739.49
298.00 718.69
298.50 723.71
299.00 737.08
299.50 759.97
