0.00 729.83
0.50 744.25
1.00 752.70
1.50 727.32
2.00 685.95
2.50 757.67
3.00 780.53
3.50 768.91
4.00 761.35
4.50 694.61
5.00 731.42
5.50 730.67
6.00 678.66
6.50 706.62
7.00 744.55
7.50 712.68
8.00 761.21
8.50 766.43
9.00 786.41
9.50 713.64
10.00 786.06
10.50 760.44
11.00 775.32
11.50 781.83
12.00 714.46
12.50 854.40
13.00 829.71
13.50 833.77
14.00 865.10
14.50 751.50
15.00 740.34
15.50 734.27
16.00 702.24
16.50 720.25
17.00 720.80
17.50 737.49
18.00 666.90
18.50 733.88
19.00 705.82
19.50 714.54
20.00 700.43
20.50 728.58
21.00 388.72
21.50 735.49
22.00 670.30
22.50 786.31
23.00 824.58
23.50 721.44
24.00 769.16
24.50 779.97
25.00 771.29
25.50 798.53
26.00 714.23
26.50 815.80
27.00 794.99
27.50 639.22
28.00 741.76
28.50 822.77
29.00 860.89
29.50 689.66
30.00 729.67
30.50 706.02
31.00 719.19
31.50 120.51
32.00 778.08
32.50 692.89
33.00 4.53
33.50 7.29
34.00 396.72
34.50 674.88
35.00 846.67
35.50 591.84
36.00 572.18
36.50 382.40
37.00 745.24
37.50 463.11
38.00 769.98
38.50 738.39
39.00 762.18
39.50 669.80
40.00 748.14
40.50 772.79
41.00 778.30
41.50 663.09
42.00 624.13
42.50 833.49
43.00 707.47
43.50 778.90
44.00 803.88
44.50 677.77
45.00 674.41
45.50 669.32
46.00 556.19
46.50 0.00
47.00 367.96
47.50 809.19
48.00 755.28
48.50 791.87
49.00 735.83
49.50 788.03
50.00 719.28
50.50 784.20
51.00 712.66
51.50 758.16
52.00 687.58
52.50 858.19
53.00 814.00
53.50 827.95
54.00 847.83
54.50 825.96
55.00 882.10
55.50 841.18
56.00 858.30
56.50 838.73
57.00 833.19
57.50 399.81
58.00 324.15
58.50 12.69
59.00 616.95
59.50 740.38
60.00 777.47
60.50 735.02
61.00 668.72
61.50 803.92
62.00 830.26
62.50 715.20
63.00 182.42
63.50 30.31
64.00 723.42
64.50 699.13
65.00 709.95
65.50 691.72
66.00 735.47
66.50 704.66
67.00 758.11
67.50 770.69
68.00 786.90
68.50 761.55
69.00 716.46
69.50 773.44
70.00 751.63
70.50 813.95
71.00 670.45
71.50 664.78
72.00 726.80
72.50 900.00
73.00 743.04
73.50 792.56
74.00 839.97
74.50 716.52
75.00 709.48
75.50 843.26
76.00 16.32
76.50 5.27
77.00 19.18
77.50 436.51
78.00 774.21
78.50 428.65
79.00 0.00
79.50 695.49
80.00 706.07
80.50 702.76
81.00 698.25
81.50 886.91
82.00 722.64
82.50 769.69
83.00 700.97
83.50 707.20
84.00 689.14
84.50 777.67
85.00 767.60
85.50 708.38
86.00 683.58
86.50 826.54
87.00 860.29
87.50 701.30
88.00 722.27
88.50 714.67
89.00 769.24
89.50 750.47
90.00 709.64
90.50 734.98
91.00 823.03
91.50 881.06
92.00 858.78
92.50 781.95
93.00 774.47
93.50 709.74
94.00 700.99
94.50 725.09
95.00 413.52
95.50 559.94
96.00 490.50
96.50 401.61
97.00 773.89
97.50 768.87
98.00 833.97
98.50 834.86
99.00 835.89
99.50 804.77
100.00 829.52
100.50 841.13
101.00 832.98
101.50 848.52
102.00 859.61
102.50 874.65
103.00 862.90
103.50 802.83
104.00 876.33
104.50 864.22
105.00 859.17
105.50 795.68
106.00 762.77
106.50 787.88
107.00 850.42
107.50 879.28
108.00 875.05
108.50 834.72
109.00 827.62
109.50 417.76
110.00 0.00
110.50 836.56
111.00 790.28
111.50 572.29
112.00 657.64
112.50 468.38
113.00 0.00
113.50 23.09
114.00 209.63
114.50 840.48
115.00 777.54
115.50 784.46
116.00 748.28
116.50 740.97
117.00 763.28
117.50 824.23
118.00 768.24
118.50 798.58
119.00 751.19
119.50 725.46
120.00 750.76
120.50 787.75
121.00 696.75
121.50 761.00
122.00 282.54
122.50 377.44
123.00 4.88
123.50 0.00
124.00 409.57
124.50 743.89
125.00 750.95
125.50 701.71
126.00 770.94
126.50 756.26
127.00 788.53
127.50 750.12
128.00 753.71
128.50 743.87
129.00 748.49
129.50 706.52
130.00 718.67
130.50 694.31
131.00 706.41
131.50 746.65
132.00 766.89
132.50 709.09
133.00 730.22
133.50 89.55
134.00 721.88
134.50 810.59
135.00 798.55
135.50 847.41
136.00 825.01
136.50 128.33
137.00 831.68
137.50 824.71
138.00 854.24
138.50 691.34
139.00 707.02
139.50 727.36
140.00 702.97
140.50 757.58
141.00 690.57
141.50 704.55
142.00 706.76
142.50 717.71
143.00 832.77
143.50 649.15
144.00 708.39
144.50 749.88
145.00 714.77
145.50 723.30
146.00 735.12
146.50 742.36
147.00 701.46
147.50 716.34
148.00 705.06
148.50 698.21
149.00 738.47
149.50 737.57
150.00 715.22
150.50 715.17
151.00 741.91
151.50 693.55
152.00 716.84
152.50 709.68
153.00 731.79
153.50 740.21
154.00 749.08
154.50 657.68
155.00 745.81
155.50 745.15
156.00 788.88
156.50 840.62
157.00 766.89
157.50 718.39
158.00 599.29
158.50 590.55
159.00 697.74
159.50 773.72
160.00 868.63
160.50 821.61
161.00 815.84
161.50 775.85
162.00 718.17
162.50 667.20
163.00 703.82
163.50 744.59
164.00 685.01
164.50 695.81
165.00 215.19
165.50 712.21
166.00 670.41
166.50 690.47
167.00 733.03
167.50 733.91
168.00 706.92
168.50 698.56
169.00 767.60
169.50 895.06
170.00 770.07
170.50 785.67
171.00 734.94
171.50 672.80
172.00 808.18
172.50 811.76
173.00 736.65
173.50 722.56
174.00 725.28
174.50 761.81
175.00 417.31
175.50 271.79
176.00 205.70
176.50 389.87
177.00 11.13
177.50 36.76
178.00 302.32
178.50 722.66
179.00 766.03
179.50 749.52
180.00 771.09
180.50 701.33
181.00 711.91
181.50 577.81
182.00 260.27
182.50 472.60
183.00 543.18
183.50 894.81
184.00 759.18
184.50 747.94
185.00 717.35
185.50 742.03
186.00 705.07
186.50 666.22
187.00 692.05
187.50 785.44
188.00 804.73
188.50 705.99
189.00 718.41
189.50 658.31
190.00 795.15
190.50 844.65
191.00 779.09
191.50 740.18
192.00 753.23
192.50 757.76
193.00 679.29
193.50 691.61
194.00 795.36
194.50 704.49
195.00 787.76
195.50 697.78
196.00 694.06
196.50 742.55
197.00 683.75
197.50 712.01
198.00 710.00
198.50 682.36
199.00 717.60
199.50 698.78
200.00 735.66
200.50 681.41
201.00 700.22
201.50 725.29
202.00 728.92
202.50 727.07
203.00 729.71
203.50 737.36
204.00 727.99
204.50 738.67
205.00 723.16
205.50 764.74
206.00 777.51
206.50 661.64
207.00 765.26
207.50 744.34
208.00 789.70
208.50 813.11
209.00 384.43
209.50 365.74
210.00 264.84
210.50 788.16
211.00 686.22
211.50 0.00
212.00 716.13
212.50 762.57
213.00 755.67
213.50 711.54
214.00 779.75
214.50 694.20
215.00 863.40
215.50 883.51
216.00 879.39
216.50 837.27
217.00 868.55
217.50 854.72
218.00 862.18
218.50 776.16
219.00 734.38
219.50 226.09
220.00 494.50
220.50 11.58
221.00 14.55
221.50 0.00
222.00 25.47
222.50 702.37
223.00 769.82
223.50 850.71
224.00 729.71
224.50 697.62
225.00 749.40
225.50 744.17
226.00 597.99
226.50 711.96
227.00 841.09
227.50 841.45
228.00 135.85
228.50 202.10
229.00 392.73
229.50 509.78
230.00 386.16
230.50 173.07
231.00 630.98
231.50 709.43
232.00 733.01
232.50 744.00
233.00 795.84
233.50 693.77
234.00 764.20
234.50 864.99
235.00 579.74
235.50 172.97
236.00 18.90
236.50 0.00
237.00 0.00
237.50 17.95
238.00 0.00
238.50 14.47
239.00 186.84
239.50 1.81
240.00 306.51
240.50 184.33
241.00 13.84
241.50 409.94
242.00 0.00
242.50 14.83
243.00 691.13
243.50 698.32
244.00 720.37
244.50 702.22
245.00 706.85
245.50 672.49
246.00 746.03
246.50 827.62
247.00 759.28
247.50 724.13
248.00 756.19
248.50 716.56
249.00 736.05
249.50 812.02
250.00 854.64
250.50 642.84
251.00 841.51
251.50 828.88
252.00 839.63
252.50 872.73
253.00 846.12
253.50 862.72
254.00 821.05
254.50 810.45
255.00 835.49
255.50 840.91
256.00 854.66
256.50 842.65
257.00 851.36
257.50 846.40
258.00 853.17
258.50 818.65
259.00 811.59
259.50 848.36
260.00 835.22
260.50 745.26
261.00 702.10
261.50 824.15
262.00 686.66
262.50 676.21
263.00 751.13
263.50 769.82
264.00 748.72
264.50 709.13
265.00 704.90
265.50 775.19
266.00 788.76
266.50 732.34
267.00 709.74
267.50 723.75
268.00 712.93
268.50 714.82
269.00 701.60
269.50 747.19
270.00 680.01
270.50 696.09
271.00 877.13
271.50 737.55
272.00 697.42
272.50 475.85
273.00 720.97
273.50 702.05
274.00 706.64
274.50 714.15
275.00 728.72
275.50 727.54
276.00 739.31
276.50 18.90
277.00 0.00
277.50 0.00
278.00 364.94
278.50 177.82
279.00 560.09
279.50 410.91
280.00 708.99
280.50 670.90
281.00 900.00
281.50 703.08
282.00 692.20
282.50 693.60
283.00 725.22
283.50 691.04
284.00 327.25
284.50 191.99
285.00 731.51
285.50 811.37
286.00 774.69
286.50 746.62
287.00 721.41
287.50 750.92
288.00 660.50
288.50 673.68
289.00 675.18
289.50 690.10
290.00 719.85
290.50 687.08
291.00 697.81
291.50 765.22
292.00 745.74
292.50 733.47
293.00 757.51
293.50 790.16
294.00 855.60
294.50 863.62
295.00 846.60
295.50 850.71
296.00 20.54
296.50 480.97
297.00 560.91
297.50 735.32
298.00 752.89
298.50 100.39
299.00 671.91
299.50 741.46
