0.00 676.43
0.50 759.04
1.00 759.07
1.50 700.27
2.00 874.95
2.50 819.51
3.00 744.41
3.50 786.16
4.00 740.38
4.50 832.09
5.00 828.52
5.50 711.54
6.00 858.06
6.50 828.79
7.00 847.17
7.50 763.33
8.00 834.13
8.50 663.14
9.00 748.87
9.50 735.71
10.00 847.47
10.50 785.79
11.00 696.27
11.50 687.25
12.00 699.93
12.50 743.01
13.00 761.94
13.50 744.07
14.00 766.12
14.50 739.09
15.00 768.25
15.50 766.32
16.00 770.79
16.50 796.50
17.00 795.58
17.50 713.53
18.00 737.76
18.50 712.65
19.00 705.97
19.50 704.35
20.00 695.75
20.50 702.79
21.00 788.67
21.50 780.38
22.00 807.96
22.50 737.78
23.00 728.25
23.50 840.26
24.00 828.48
24.50 702.90
25.00 797.42
25.50 698.07
26.00 702.41
26.50 0.00
27.00 725.53
27.50 712.92
28.00 697.33
28.50 687.42
29.00 587.09
29.50 666.50
30.00 700.31
30.50 743.02
31.00 133.43
31.50 700.25
32.00 834.79
32.50 683.48
33.00 743.29
33.50 861.47
34.00 757.66
34.50 850.22
35.00 722.21
35.50 739.38
36.00 729.39
36.50 828.04
37.00 700.89
37.50 720.95
38.00 698.63
38.50 802.29
39.00 838.64
39.50 717.01
40.00 832.96
40.50 877.31
41.00 789.70
41.50 766.94
42.00 779.15
42.50 835.54
43.00 774.47
43.50 739.48
44.00 639.70
44.50 722.34
45.00 683.18
45.50 465.96
46.00 772.15
46.50 757.74
47.00 720.75
47.50 890.05
48.00 707.29
48.50 714.10
49.00 734.04
49.50 710.81
50.00 719.31
50.50 694.34
51.00 750.93
51.50 715.05
52.00 745.54
52.50 704.48
53.00 776.10
53.50 731.14
54.00 849.95
54.50 745.49
55.00 821.06
55.50 851.58
56.00 710.55
56.50 675.35
57.00 681.43
57.50 666.05
58.00 693.39
58.50 679.24
59.00 806.67
59.50 817.52
60.00 665.42
60.50 678.72
61.00 733.13
61.50 753.18
62.00 696.70
62.50 778.70
63.00 774.60
63.50 660.14
64.00 533.45
64.50 700.98
65.00 852.53
65.50 713.02
66.00 680.03
66.50 708.05
67.00 900.00
67.50 268.75
68.00 344.96
68.50 833.24
69.00 745.71
69.50 726.05
70.00 733.62
70.50 754.47
71.00 792.90
71.50 730.96
72.00 758.38
72.50 720.52
73.00 735.72
73.50 759.42
74.00 763.69
74.50 771.57
75.00 734.54
75.50 763.83
76.00 737.80
76.50 759.69
77.00 715.32
77.50 720.90
78.00 666.68
78.50 737.74
79.00 826.53
79.50 716.77
80.00 762.82
80.50 696.49
81.00 708.74
81.50 585.04
82.00 500.48
82.50 295.46
83.00 719.17
83.50 710.50
84.00 771.37
84.50 795.48
85.00 744.75
85.50 691.89
86.00 833.16
86.50 826.38
87.00 832.12
87.50 482.71
88.00 0.00
88.50 302.78
89.00 448.39
89.50 729.15
90.00 785.18
90.50 781.65
91.00 721.07
91.50 676.60
92.00 720.30
92.50 390.78
93.00 136.56
93.50 31.89
94.00 718.29
94.50 471.40
95.00 721.10
95.50 544.42
96.00 744.36
96.50 750.98
97.00 755.97
97.50 842.34
98.00 838.51
98.50 845.15
99.00 661.92
99.50 476.05
100.00 4.11
100.50 23.63
101.00 7.53
101.50 11.84
102.00 412.47
102.50 641.41
103.00 267.05
103.50 567.36
104.00 736.63
104.50 728.98
105.00 207.64
105.50 596.79
106.00 721.13
106.50 762.21
107.00 773.34
107.50 752.44
108.00 743.39
108.50 782.88
109.00 707.89
109.50 716.28
110.00 0.00
110.50 0.00
111.00 15.99
111.50 812.45
112.00 773.32
112.50 686.26
113.00 832.60
113.50 768.10
114.00 735.11
114.50 735.37
115.00 700.17
115.50 752.93
116.00 863.06
116.50 836.45
117.00 779.55
117.50 735.08
118.00 758.85
118.50 198.49
119.00 0.00
119.50 0.00
120.00 438.85
120.50 287.92
121.00 434.77
121.50 723.72
122.00 763.10
122.50 742.84
123.00 712.20
123.50 714.69
124.00 750.15
124.50 733.41
125.00 751.29
125.50 797.40
126.00 689.22
126.50 727.50
127.00 692.28
127.50 593.64
128.00 711.93
128.50 727.38
129.00 762.79
129.50 709.25
130.00 701.02
130.50 730.42
131.00 771.23
131.50 721.47
132.00 717.34
132.50 767.56
133.00 718.16
133.50 782.32
134.00 758.35
134.50 739.02
135.00 784.86
135.50 688.83
136.00 753.38
136.50 705.92
137.00 722.63
137.50 697.98
138.00 733.54
138.50 752.57
139.00 709.19
139.50 744.81
140.00 713.30
140.50 781.00
141.00 745.21
141.50 741.73
142.00 694.22
142.50 706.27
143.00 706.79
143.50 773.41
144.00 774.44
144.50 746.14
145.00 765.60
145.50 777.08
146.00 721.67
146.50 741.61
147.00 705.01
147.50 756.00
148.00 747.56
148.50 735.35
149.00 720.95
149.50 719.91
150.00 751.93
150.50 678.33
151.00 736.19
151.50 708.72
152.00 696.72
152.50 702.20
153.00 697.23
153.50 780.42
154.00 736.13
154.50 741.64
155.00 756.67
155.50 787.14
156.00 775.81
156.50 725.12
157.00 694.32
157.50 767.65
158.00 851.45
158.50 705.41
159.00 459.61
159.50 567.40
160.00 600.57
160.50 762.87
161.00 696.66
161.50 694.42
162.00 655.59
162.50 775.66
163.00 861.55
163.50 872.63
164.00 751.33
164.50 837.18
165.00 313.18
165.50 791.29
166.00 829.73
166.50 764.09
167.00 752.29
167.50 693.41
168.00 677.47
168.50 803.83
169.00 754.71
169.50 709.61
170.00 697.11
170.50 752.64
171.00 720.76
171.50 733.13
172.00 703.59
172.50 692.33
173.00 756.07
173.50 778.02
174.00 755.31
174.50 640.95
175.00 457.56
175.50 561.40
176.00 702.81
176.50 870.75
177.00 690.59
177.50 751.78
178.00 717.17
178.50 265.87
179.00 719.66
179.50 712.40
180.00 715.22
180.50 507.39
181.00 692.15
181.50 720.86
182.00 2.00
182.50 370.02
183.00 187.56
183.50 689.75
184.00 900.00
184.50 706.34
185.00 270.17
185.50 488.14
186.00 3.97
186.50 528.93
187.00 487.92
187.50 776.78
188.00 737.71
188.50 860.87
189.00 828.81
189.50 825.80
190.00 837.34
190.50 851.24
191.00 826.74
191.50 823.13
192.00 854.62
192.50 697.63
193.00 684.44
193.50 731.15
194.00 748.12
194.50 745.73
195.00 664.65
195.50 710.86
196.00 758.36
196.50 762.47
197.00 720.01
197.50 756.73
198.00 755.89
198.50 676.11
199.00 657.67
199.50 744.67
200.00 710.86
200.50 760.88
201.00 777.57
201.50 714.78
202.00 752.39
202.50 748.55
203.00 767.58
203.50 760.61
204.00 696.32
204.50 745.19
205.00 771.20
205.50 737.83
206.00 682.01
206.50 762.22
207.00 688.86
207.50 752.18
208.00 729.25
208.50 727.23
209.00 768.16
209.50 735.75
210.00 716.99
210.50 693.75
211.00 763.90
211.50 747.06
212.00 729.23
212.50 712.94
213.00 704.48
213.50 734.65
214.00 746.10
214.50 730.52
215.00 740.60
215.50 487.44
216.00 531.96
216.50 766.18
217.00 807.42
217.50 634.53
218.00 324.38
218.50 734.02
219.00 764.52
219.50 141.08
220.00 761.91
220.50 844.84
221.00 720.87
221.50 726.50
222.00 689.62
222.50 738.70
223.00 676.26
223.50 713.16
224.00 748.12
224.50 721.35
225.00 723.14
225.50 692.35
226.00 748.46
226.50 701.91
227.00 688.15
227.50 808.16
228.00 771.63
228.50 722.09
229.00 885.26
229.50 741.90
230.00 709.90
230.50 719.21
231.00 94.68
231.50 733.93
232.00 791.32
232.50 834.05
233.00 694.17
233.50 720.30
234.00 842.54
234.50 724.12
235.00 680.12
235.50 700.99
236.00 732.73
236.50 701.37
237.00 757.12
237.50 732.26
238.00 687.50
238.50 724.76
239.00 687.88
239.50 786.36
240.00 736.00
240.50 701.43
241.00 496.85
241.50 709.92
242.00 726.64
242.50 684.74
243.00 727.94
243.50 701.14
244.00 699.74
244.50 687.25
245.00 610.51
245.50 727.27
246.00 717.31
246.50 703.39
247.00 781.14
247.50 672.63
248.00 773.16
248.50 734.64
249.00 788.54
249.50 692.01
250.00 288.26
250.50 713.27
251.00 454.25
251.50 746.45
252.00 739.02
252.50 824.87
253.00 786.68
253.50 728.36
254.00 715.02
254.50 865.48
255.00 786.87
255.50 716.08
256.00 579.32
256.50 695.83
257.00 685.21
257.50 715.30
258.00 699.22
258.50 849.56
259.00 829.07
259.50 800.66
260.00 742.15
260.50 705.44
261.00 740.25
261.50 599.81
262.00 106.92
262.50 449.00
263.00 736.41
263.50 718.51
264.00 757.86
264.50 720.77
265.00 747.65
265.50 730.85
266.00 725.10
266.50 715.06
267.00 716.23
267.50 762.94
268.00 709.11
268.50 727.14
269.00 724.38
269.50 701.94
270.00 711.07
270.50 765.77
271.00 675.77
271.50 720.36
272.00 736.73
272.50 693.61
273.00 775.12
273.50 788.29
274.00 765.46
274.50 751.11
275.00 720.50
275.50 664.70
276.00 727.38
276.50 696.47
277.00 736.95
277.50 718.43
278.00 746.88
278.50 732.66
279.00 755.50
279.50 732.25
280.00 710.63
280.50 703.85
281.00 852.25
281.50 834.41
282.00 814.12
282.50 766.96
283.00 900.00
283.50 760.61
284.00 698.75
284.50 714.10
285.00 705.12
285.50 873.30
286.00 730.05
286.50 754.39
287.00 702.43
287.50 715.87
288.00 720.84
288.50 681.52
289.00 20.94
289.50 7.88
290.00 18.82
290.50 717.99
291.00 712.25
291.50 747.28
292.00 730.65
292.50 797.99
293.00 851.90
293.50 812.89
294.00 856.77
294.50 865.92
295.00 844.00
295.50 848.37
296.00 853.55
296.50 825.41
297.00 677.72
297.50 720.80
298.00 696.43
298.50 817.66
299.00 798.43
299.50 768.53
