0.00 673.85
0.50 738.09
1.00 755.66
1.50 810.79
2.00 685.73
2.50 742.41
3.00 770.45
3.50 740.24
4.00 757.90
4.50 751.23
5.00 781.71
5.50 705.25
6.00 439.79
6.50 304.89
7.00 748.26
7.50 737.34
8.00 852.34
8.50 822.08
9.00 732.77
9.50 816.52
10.00 863.91
10.50 845.17
11.00 850.75
11.50 834.28
12.00 818.16
12.50 854.89
13.00 833.96
13.50 815.74
14.00 833.95
14.50 650.28
15.00 727.42
15.50 663.13
16.00 700.50
16.50 673.52
17.00 813.82
17.50 692.77
18.00 756.31
18.50 900.00
19.00 842.79
19.50 823.66
20.00 488.42
20.50 18.62
21.00 710.69
21.50 758.56
22.00 798.34
22.50 696.06
23.00 758.73
23.50 722.87
24.00 666.10
24.50 295.07
25.00 677.67
25.50 847.73
26.00 796.68
26.50 728.60
27.00 861.73
27.50 862.94
28.00 732.59
28.50 723.44
29.00 872.78
29.50 746.04
30.00 718.27
30.50 664.63
31.00 752.51
31.50 805.16
32.00 852.60
32.50 752.23
33.00 765.25
33.50 735.16
34.00 787.65
34.50 764.85
35.00 761.95
35.50 739.19
36.00 686.65
36.50 800.35
37.00 806.97
37.50 721.02
38.00 756.31
38.50 787.26
39.00 714.42
39.50 716.61
40.00 684.42
40.50 678.12
41.00 754.31
41.50 804.56
42.00 691.67
42.50 739.69
43.00 685.75
43.50 755.26
44.00 736.09
44.50 709.70
45.00 705.65
45.50 681.16
46.00 833.25
46.50 850.60
47.00 740.80
47.50 704.67
48.00 699.76
48.50 842.23
49.00 764.38
49.50 718.26
50.00 693.07
50.50 219.95
51.00 489.95
51.50 796.45
52.00 752.35
52.50 754.87
53.00 750.72
53.50 785.38
54.00 730.80
54.50 781.31
55.00 713.18
55.50 775.14
56.00 704.06
56.50 735.08
57.00 714.04
57.50 787.42
58.00 743.80
58.50 787.53
59.00 700.92
59.50 775.37
60.00 747.45
60.50 821.74
61.00 858.09
61.50 757.70
62.00 693.39
62.50 789.54
63.00 716.65
63.50 689.37
64.00 861.99
64.50 870.66
65.00 733.64
65.50 707.94
66.00 639.51
66.50 776.44
67.00 719.13
67.50 732.39
68.00 743.66
68.50 719.68
69.00 756.22
69.50 734.55
70.00 702.31
70.50 718.30
71.00 726.06
71.50 761.04
72.00 727.86
72.50 709.99
73.00 712.01
73.50 752.03
74.00 688.22
74.50 781.17
75.00 703.70
75.50 701.69
76.00 683.66
76.50 715.36
77.00 708.64
77.50 831.41
78.00 774.84
78.50 698.59
79.00 721.17
79.50 740.52
80.00 688.49
80.50 842.59
81.00 830.77
81.50 731.17
82.00 711.57
82.50 573.62
83.00 734.53
83.50 691.86
84.00 783.11
84.50 757.47
85.00 722.20
85.50 702.57
86.00 730.09
86.50 824.08
87.00 776.97
87.50 730.10
88.00 684.67
88.50 711.72
89.00 690.97
89.50 741.84
90.00 708.21
90.50 696.71
91.00 667.59
91.50 699.01
92.00 819.25
92.50 733.82
93.00 726.08
93.50 733.46
94.00 728.20
94.50 734.41
95.00 815.21
95.50 845.54
96.00 737.74
96.50 809.65
97.00 788.74
97.50 756.04
98.00 676.03
98.50 806.15
99.00 799.66
99.50 815.47
100.00 833.22
100.50 725.10
101.00 733.05
101.50 762.91
102.00 883.05
102.50 452.71
103.00 315.04
103.50 445.42
104.00 10.92
104.50 514.29
105.00 490.38
105.50 6.64
106.00 15.23
106.50 384.64
107.00 151.60
107.50 408.76
108.00 699.88
108.50 294.30
109.00 559.10
109.50 519.91
110.00 7.44
110.50 179.11
111.00 761.62
111.50 749.79
112.00 725.74
112.50 661.89
113.00 669.27
113.50 747.63
114.00 734.77
114.50 777.75
115.00 698.99
115.50 730.33
116.00 749.96
116.50 698.63
117.00 740.38
117.50 767.04
118.00 734.75
118.50 765.44
119.00 763.59
119.50 739.52
120.00 725.20
120.50 776.44
121.00 731.43
121.50 738.27
122.00 773.51
122.50 763.38
123.00 730.30
123.50 759.30
124.00 740.33
124.50 764.12
125.00 527.52
125.50 760.72
126.00 341.99
126.50 720.67
127.00 465.73
127.50 680.23
128.00 659.98
128.50 733.30
129.00 655.15
129.50 718.41
130.00 698.67
130.50 681.63
131.00 694.65
131.50 725.12
132.00 705.59
132.50 807.20
133.00 745.07
133.50 391.93
134.00 562.00
134.50 558.78
135.00 807.86
135.50 706.00
136.00 854.96
136.50 788.95
137.00 853.14
137.50 841.33
138.00 733.33
138.50 688.78
139.00 700.36
139.50 791.35
140.00 721.98
140.50 769.76
141.00 717.22
141.50 738.56
142.00 785.36
142.50 741.63
143.00 674.66
143.50 744.12
144.00 719.54
144.50 753.25
145.00 679.96
145.50 715.17
146.00 769.43
146.50 759.24
147.00 794.00
147.50 707.32
148.00 749.11
148.50 752.49
149.00 733.15
149.50 745.50
150.00 718.04
150.50 680.05
151.00 703.21
151.50 756.15
152.00 761.25
152.50 741.12
153.00 653.89
153.50 741.96
154.00 751.50
154.50 734.88
155.00 679.19
155.50 741.12
156.00 734.91
156.50 745.46
157.00 764.01
157.50 748.16
158.00 727.87
158.50 731.79
159.00 744.10
159.50 716.04
160.00 678.74
160.50 764.54
161.00 713.13
161.50 676.86
162.00 734.93
162.50 704.05
163.00 760.75
163.50 728.79
164.00 731.69
164.50 742.51
165.00 687.86
165.50 710.34
166.00 718.15
166.50 719.89
167.00 792.08
167.50 749.32
168.00 735.51
168.50 736.58
169.00 684.40
169.50 653.78
170.00 723.33
170.50 692.28
171.00 742.37
171.50 788.90
172.00 719.70
172.50 716.38
173.00 770.17
173.50 711.15
174.00 741.55
174.50 701.04
175.00 728.14
175.50 723.88
176.00 726.13
176.50 767.68
177.00 692.14
177.50 811.02
178.00 850.71
178.50 670.00
179.00 740.21
179.50 827.44
180.00 805.74
180.50 684.75
181.00 718.39
181.50 764.92
182.00 704.00
182.50 743.98
183.00 760.99
183.50 767.15
184.00 673.45
184.50 724.43
185.00 743.55
185.50 753.98
186.00 743.48
186.50 697.82
187.00 691.51
187.50 749.90
188.00 694.53
188.50 680.48
189.00 737.17
189.50 388.19
190.00 541.70
190.50 721.63
191.00 785.15
191.50 699.33
192.00 480.32
192.50 512.65
193.00 737.51
193.50 828.94
194.00 816.99
194.50 814.42
195.00 828.47
195.50 705.87
196.00 706.92
196.50 700.05
197.00 704.01
197.50 739.82
198.00 742.48
198.50 684.57
199.00 707.24
199.50 135.30
200.00 459.60
200.50 213.82
201.00 568.13
201.50 656.54
202.00 728.95
202.50 748.20
203.00 589.19
203.50 695.09
204.00 424.35
204.50 12.90
205.00 711.69
205.50 700.29
206.00 708.68
206.50 763.76
207.00 707.53
207.50 878.68
208.00 703.35
208.50 831.56
209.00 771.19
209.50 672.29
210.00 757.10
210.50 705.50
211.00 865.15
211.50 868.33
212.00 559.83
212.50 713.46
213.00 678.59
213.50 702.80
214.00 692.01
214.50 703.62
215.00 714.44
215.50 792.60
216.00 838.33
216.50 900.00
217.00 778.65
217.50 685.33
218.00 660.73
218.50 698.88
219.00 723.75
219.50 719.01
220.00 709.46
220.50 815.19
221.00 812.32
221.50 852.57
222.00 756.84
222.50 762.64
223.00 732.33
223.50 821.08
224.00 859.80
224.50 723.63
225.00 767.36
225.50 759.78
226.00 736.01
226.50 728.37
227.00 747.71
227.50 697.62
228.00 724.08
228.50 691.91
229.00 734.14
229.50 704.03
230.00 785.22
230.50 748.61
231.00 744.38
231.50 720.54
232.00 710.82
232.50 395.23
233.00 336.54
233.50 259.42
234.00 708.87
234.50 845.60
235.00 854.10
235.50 834.30
236.00 732.21
236.50 785.28
237.00 717.68
237.50 461.29
238.00 754.29
238.50 740.36
239.00 694.29
239.50 700.79
240.00 800.23
240.50 663.24
241.00 466.62
241.50 679.25
242.00 715.12
242.50 780.96
243.00 745.85
243.50 768.06
244.00 718.04
244.50 708.93
245.00 730.90
245.50 753.64
246.00 699.89
246.50 842.40
247.00 749.29
247.50 896.32
248.00 747.70
248.50 767.31
249.00 769.35
249.50 719.92
250.00 747.20
250.50 746.91
251.00 699.46
251.50 722.98
252.00 721.18
252.50 729.64
253.00 743.94
253.50 694.45
254.00 731.84
254.50 724.65
255.00 900.00
255.50 679.47
256.00 757.50
256.50 864.15
257.00 706.93
257.50 744.99
258.00 770.15
258.50 784.01
259.00 707.56
259.50 681.54
260.00 629.40
260.50 101.44
261.00 466.28
261.50 334.51
262.00 1.29
262.50 0.80
263.00 478.27
263.50 721.85
264.00 229.38
264.50 718.26
265.00 707.33
265.50 852.99
266.00 852.19
266.50 807.44
267.00 0.00
267.50 762.92
268.00 749.14
268.50 704.66
269.00 680.20
269.50 788.90
270.00 718.29
270.50 721.72
271.00 748.63
271.50 692.06
272.00 694.09
272.50 765.24
273.00 780.44
273.50 724.57
274.00 748.46
274.50 737.26
275.00 680.75
275.50 815.39
276.00 841.08
276.50 691.08
277.00 706.88
277.50 831.88
278.00 777.29
278.50 864.57
279.00 779.44
279.50 746.42
280.00 735.34
280.50 607.55
281.00 696.78
281.50 818.10
282.00 717.03
282.50 720.00
283.00 708.89
283.50 709.49
284.00 774.15
284.50 862.95
285.00 682.25
285.50 686.88
286.00 733.89
286.50 693.82
287.00 597.34
287.50 703.84
288.00 708.06
288.50 846.66
289.00 900.00
289.50 552.08
290.00 694.81
290.50 780.19
291.00 689.50
291.50 754.91
292.00 373.78
292.50 410.95
293.00 1.21
293.50 17.38
294.00 571.63
294.50 808.78
295.00 692.10
295.50 722.29
296.00 753.20
296.50 425.39
297.00 199.65
297.50 741.00
298.00 805.23
298.50 793.74
299.00 362.60
299.50 799.07
