0.00 692.84
0.50 770.52
1.00 751.42
1.50 704.65
2.00 748.29
2.50 714.95
3.00 700.55
3.50 712.79
4.00 728.19
4.50 752.55
5.00 681.05
5.50 752.21
6.00 747.35
6.50 286.11
7.00 666.29
7.50 709.30
8.00 233.84
8.50 251.67
9.00 733.49
9.50 694.19
10.00 742.93
10.50 763.31
11.00 347.52
11.50 683.65
12.00 11.93
12.50 280.24
13.00 275.92
13.50 0.00
14.00 0.00
14.50 112.04
15.00 801.51
15.50 432.82
16.00 743.93
16.50 735.65
17.00 826.39
17.50 744.58
18.00 794.46
18.50 747.18
19.00 701.95
19.50 682.88
20.00 749.37
20.50 761.92
21.00 679.16
21.50 837.08
22.00 671.72
22.50 713.70
23.00 765.80
23.50 690.15
24.00 684.14
24.50 697.40
25.00 701.11
25.50 685.15
26.00 369.74
26.50 734.51
27.00 819.65
27.50 408.80
28.00 344.38
28.50 417.04
29.00 730.43
29.50 697.63
30.00 668.46
30.50 285.94
31.00 682.86
31.50 712.99
32.00 863.80
32.50 697.39
33.00 853.34
33.50 772.68
34.00 722.73
34.50 828.08
35.00 712.79
35.50 720.98
36.00 723.48
36.50 747.07
37.00 707.44
37.50 866.11
38.00 840.95
38.50 849.89
39.00 893.61
39.50 288.20
40.00 1.05
40.50 541.65
41.00 0.00
41.50 545.35
42.00 741.81
42.50 763.84
43.00 714.65
43.50 750.86
44.00 723.21
44.50 708.02
45.00 721.93
45.50 727.02
46.00 721.08
46.50 696.76
47.00 717.88
47.50 775.39
48.00 733.98
48.50 787.71
49.00 708.81
49.50 697.68
50.00 853.03
50.50 713.00
51.00 745.75
51.50 704.51
52.00 709.41
52.50 484.48
53.00 758.25
53.50 834.00
54.00 851.05
54.50 726.68
55.00 714.57
55.50 704.94
56.00 699.38
56.50 824.70
57.00 770.40
57.50 765.63
58.00 722.77
58.50 758.95
59.00 730.96
59.50 713.16
60.00 741.19
60.50 733.57
61.00 777.67
61.50 801.51
62.00 753.32
62.50 692.85
63.00 726.89
63.50 750.41
64.00 687.75
64.50 738.28
65.00 706.66
65.50 740.35
66.00 728.00
66.50 646.93
67.00 690.45
67.50 834.96
68.00 795.47
68.50 259.51
69.00 291.11
69.50 326.83
70.00 34.84
70.50 708.75
71.00 738.78
71.50 825.29
72.00 705.00
72.50 688.30
73.00 700.54
73.50 683.97
74.00 720.71
74.50 717.92
75.00 762.63
75.50 723.92
76.00 738.26
76.50 742.74
77.00 714.34
77.50 775.50
78.00 720.79
78.50 720.18
79.00 755.03
79.50 869.22
80.00 717.80
80.50 777.88
81.00 808.33
81.50 754.87
82.00 710.14
82.50 663.33
83.00 703.79
83.50 867.32
84.00 229.99
84.50 585.70
85.00 463.06
85.50 21.70
86.00 26.77
86.50 0.37
87.00 444.39
87.50 415.42
88.00 253.66
88.50 0.00
89.00 10.79
89.50 0.00
90.00 317.75
90.50 0.00
91.00 9.72
91.50 741.81
92.00 719.19
92.50 698.63
93.00 720.64
93.50 841.11
94.00 900.00
94.50 783.83
95.00 887.95
95.50 740.58
96.00 807.84
96.50 826.58
97.00 847.16
97.50 829.37
98.00 782.83
98.50 718.93
99.00 740.45
99.50 700.42
100.00 711.01
100.50 690.66
101.00 805.93
101.50 707.64
102.00 703.57
102.50 829.35
103.00 668.55
103.50 859.82
104.00 117.85
104.50 697.63
105.00 705.95
105.50 707.63
106.00 734.24
106.50 460.51
107.00 780.16
107.50 730.41
108.00 746.49
108.50 805.82
109.00 745.47
109.50 800.90
110.00 683.46
110.50 684.37
111.00 757.90
111.50 713.56
112.00 751.04
112.50 824.20
113.00 781.67
113.50 863.63
114.00 811.97
114.50 810.76
115.00 384.49
115.50 849.42
116.00 317.15
116.50 711.57
117.00 744.01
117.50 726.85
118.00 822.30
118.50 837.22
119.00 829.69
119.50 241.76
120.00 800.69
120.50 757.97
121.00 732.09
121.50 768.89
122.00 713.43
122.50 705.34
123.00 730.56
123.50 702.72
124.00 681.71
124.50 718.52
125.00 741.78
125.50 775.36
126.00 782.75
126.50 716.19
127.00 761.99
127.50 709.06
128.00 772.16
128.50 709.24
129.00 845.12
129.50 832.05
130.00 848.19
130.50 834.24
131.00 851.14
131.50 856.78
132.00 815.81
132.50 854.71
133.00 821.77
133.50 872.14
134.00 818.42
134.50 701.46
135.00 158.57
135.50 340.82
136.00 401.05
136.50 804.61
137.00 696.84
137.50 673.84
138.00 702.70
138.50 878.29
139.00 699.92
139.50 710.65
140.00 704.22
140.50 706.30
141.00 729.57
141.50 743.55
142.00 716.45
142.50 861.43
143.00 847.96
143.50 833.96
144.00 779.26
144.50 752.99
145.00 701.48
145.50 699.61
146.00 739.09
146.50 783.88
147.00 290.87
147.50 722.12
148.00 845.11
148.50 850.58
149.00 824.70
149.50 695.12
150.00 753.48
150.50 698.62
151.00 669.50
151.50 740.15
152.00 746.63
152.50 734.60
153.00 763.17
153.50 698.27
154.00 832.86
154.50 711.23
155.00 696.86
155.50 726.57
156.00 723.32
156.50 727.03
157.00 864.81
157.50 231.08
158.00 0.00
158.50 835.64
159.00 862.73
159.50 832.10
160.00 711.79
160.50 680.16
161.00 777.48
161.50 703.83
162.00 720.58
162.50 722.25
163.00 800.62
163.50 822.42
164.00 862.42
164.50 830.13
165.00 816.41
165.50 675.22
166.00 674.06
166.50 817.85
167.00 787.96
167.50 710.26
168.00 809.02
168.50 257.43
169.00 427.39
169.50 323.43
170.00 317.21
170.50 4.53
171.00 464.97
171.50 851.09
172.00 859.74
172.50 745.24
173.00 711.62
173.50 238.51
174.00 422.61
174.50 467.45
175.00 0.00
175.50 177.70
176.00 14.97
176.50 191.75
177.00 772.79
177.50 833.93
178.00 765.81
178.50 826.02
179.00 883.68
179.50 811.98
180.00 747.34
180.50 737.99
181.00 732.57
181.50 741.74
182.00 900.00
182.50 758.75
183.00 794.74
183.50 683.27
184.00 761.00
184.50 691.60
185.00 673.16
185.50 730.80
186.00 691.45
186.50 788.04
187.00 694.35
187.50 873.85
188.00 786.12
188.50 861.77
189.00 716.54
189.50 811.98
190.00 703.98
190.50 755.86
191.00 774.22
191.50 756.16
192.00 855.51
192.50 258.84
193.00 694.64
193.50 716.91
194.00 709.65
194.50 794.41
195.00 767.21
195.50 696.47
196.00 740.30
196.50 791.48
197.00 644.10
197.50 721.16
198.00 724.54
198.50 728.54
199.00 704.63
199.50 671.23
200.00 728.70
200.50 754.56
201.00 691.63
201.50 730.67
202.00 718.22
202.50 741.15
203.00 676.05
203.50 727.93
204.00 690.69
204.50 741.28
205.00 716.50
205.50 702.09
206.00 791.36
206.50 757.08
207.00 733.19
207.50 792.42
208.00 755.35
208.50 702.43
209.00 745.34
209.50 723.41
210.00 714.99
210.50 748.03
211.00 755.70
211.50 724.13
212.00 712.02
212.50 482.89
213.00 702.71
213.50 724.89
214.00 736.64
214.50 514.52
215.00 98.83
215.50 413.46
216.00 0.00
216.50 734.14
217.00 748.94
217.50 759.02
218.00 708.67
218.50 673.99
219.00 762.94
219.50 707.07
220.00 743.05
220.50 724.23
221.00 718.59
221.50 753.36
222.00 739.76
222.50 670.64
223.00 720.02
223.50 719.58
224.00 666.58
224.50 697.51
225.00 691.26
225.50 737.98
226.00 718.27
226.50 757.86
227.00 810.24
227.50 839.96
228.00 832.18
228.50 862.76
229.00 838.81
229.50 722.17
230.00 706.45
230.50 808.62
231.00 821.23
231.50 811.31
232.00 836.07
232.50 693.48
233.00 713.26
233.50 745.81
234.00 720.09
234.50 703.74
235.00 835.47
235.50 729.88
236.00 792.63
236.50 900.00
237.00 714.41
237.50 627.92
238.00 757.41
238.50 759.83
239.00 688.98
239.50 757.33
240.00 653.90
240.50 723.25
241.00 733.83
241.50 755.42
242.00 722.99
242.50 726.61
243.00 768.66
243.50 776.79
244.00 775.28
244.50 672.51
245.00 794.08
245.50 712.52
246.00 744.72
246.50 785.75
247.00 716.93
247.50 711.52
248.00 431.06
248.50 720.56
249.00 721.35
249.50 657.24
250.00 734.76
250.50 769.34
251.00 687.56
251.50 735.12
252.00 717.01
252.50 659.29
253.00 717.94
253.50 759.57
254.00 888.48
254.50 744.30
255.00 477.09
255.50 717.11
256.00 825.38
256.50 655.55
257.00 710.44
257.50 837.01
258.00 893.92
258.50 792.96
259.00 705.44
259.50 709.64
260.00 726.48
260.50 804.74
261.00 825.20
261.50 815.58
262.00 792.06
262.50 730.87
263.00 900.00
263.50 753.57
264.00 703.67
264.50 476.53
265.00 418.55
265.50 763.23
266.00 710.96
266.50 784.30
267.00 652.34
267.50 735.77
268.00 727.20
268.50 715.71
269.00 738.99
269.50 813.97
270.00 742.66
270.50 861.20
271.00 722.37
271.50 829.23
272.00 691.68
272.50 677.69
273.00 749.52
273.50 742.25
274.00 772.57
274.50 782.03
275.00 706.03
275.50 779.62
276.00 725.37
276.50 744.48
277.00 763.06
277.50 723.86
278.00 726.46
278.50 778.74
279.00 752.69
279.50 748.61
280.00 733.66
280.50 712.76
281.00 740.59
281.50 722.95
282.00 765.09
282.50 700.52
283.00 751.65
283.50 727.45
284.00 713.83
284.50 746.01
285.00 745.60
285.50 718.41
286.00 721.57
286.50 731.72
287.00 723.26
287.50 734.69
288.00 701.59
288.50 694.78
289.00 643.18
289.50 746.55
290.00 781.10
290.50 703.05
291.00 674.72
291.50 748.06
292.00 714.45
292.50 694.95
293.00 783.82
293.50 749.93
294.00 762.51
294.50 737.19
295.00 659.55
295.50 669.68
296.00 707.08
296.50 864.31
297.00 833.68
297.50 768.19
298.00 749.02
298.50 866.08
299.00 725.06
299.50 581.63
