0.00 683.88
0.50 807.40
1.00 719.14
1.50 761.03
2.00 743.92
2.50 304.38
3.00 700.84
3.50 784.20
4.00 807.77
4.50 900.00
5.00 710.23
5.50 228.18
6.00 510.18
6.50 692.18
7.00 732.97
7.50 717.34
8.00 683.11
8.50 763.31
9.00 663.02
9.50 725.53
10.00 831.18
10.50 672.62
11.00 850.74
11.50 721.92
12.00 423.18
12.50 820.15
13.00 716.93
13.50 693.46
14.00 340.57
14.50 776.62
15.00 798.36
15.50 749.68
16.00 710.97
16.50 715.30
17.00 763.06
17.50 740.40
18.00 782.39
18.50 720.28
19.00 786.71
19.50 743.29
20.00 680.73
20.50 717.70
21.00 750.09
21.50 854.94
22.00 900.00
22.50 699.64
23.00 699.86
23.50 731.03
24.00 800.92
24.50 757.06
25.00 779.21
25.50 787.05
26.00 709.11
26.50 691.82
27.00 730.23
27.50 687.81
28.00 733.73
28.50 710.40
29.00 738.29
29.50 717.46
30.00 753.24
30.50 759.19
31.00 757.08
31.50 758.62
32.00 755.55
32.50 748.70
33.00 730.81
33.50 694.22
34.00 715.57
34.50 824.24
35.00 685.63
35.50 694.04
36.00 684.34
36.50 735.61
37.00 818.77
37.50 836.66
38.00 819.54
38.50 795.49
39.00 756.81
39.50 659.77
40.00 694.70
40.50 696.56
41.00 684.11
41.50 714.07
42.00 731.47
42.50 757.40
43.00 739.30
43.50 691.93
44.00 729.06
44.50 756.32
45.00 827.40
45.50 900.00
46.00 697.17
46.50 795.99
47.00 660.19
47.50 847.47
48.00 756.44
48.50 691.74
49.00 830.28
49.50 729.10
50.00 709.00
50.50 814.09
51.00 802.41
51.50 702.36
52.00 694.69
52.50 71.11
53.00 558.57
53.50 813.64
54.00 618.75
54.50 573.64
55.00 815.64
55.50 785.75
56.00 748.45
56.50 730.75
57.00 755.23
57.50 716.43
58.00 705.67
58.50 750.02
59.00 744.18
59.50 741.66
60.00 728.15
60.50 709.38
61.00 716.00
61.50 717.48
62.00 757.00
62.50 768.13
63.00 752.81
63.50 752.14
64.00 702.01
64.50 764.98
65.00 742.07
65.50 688.06
66.00 685.89
66.50 723.09
67.00 792.91
67.50 753.84
68.00 716.65
68.50 698.04
69.00 854.95
69.50 323.14
70.00 380.54
70.50 688.63
71.00 714.18
71.50 783.89
72.00 768.19
72.50 775.87
73.00 740.87
73.50 833.12
74.00 779.24
74.50 726.80
75.00 776.54
75.50 743.89
76.00 675.04
76.50 716.80
77.00 283.76
77.50 710.09
78.00 269.95
78.50 707.45
79.00 0.00
79.50 13.24
80.00 73.21
80.50 712.89
81.00 723.44
81.50 863.27
82.00 669.60
82.50 773.19
83.00 766.97
83.50 710.73
84.00 359.93
84.50 22.12
85.00 447.85
85.50 367.67
86.00 734.84
86.50 655.88
87.00 754.77
87.50 762.87
88.00 768.84
88.50 679.68
89.00 237.65
89.50 712.11
90.00 732.51
90.50 748.57
91.00 710.04
91.50 849.57
92.00 868.06
92.50 829.28
93.00 9.84
93.50 5.69
94.00 0.95
94.50 0.00
95.00 372.23
95.50 10.54
96.00 97.06
96.50 0.00
97.00 1.17
97.50 6.50
98.00 780.22
98.50 762.22
99.00 722.69
99.50 775.51
100.00 741.42
100.50 766.26
101.00 779.01
101.50 700.27
102.00 718.13
102.50 701.78
103.00 719.23
103.50 337.89
104.00 722.84
104.50 0.00
105.00 223.97
105.50 767.26
106.00 709.81
106.50 747.58
107.00 741.09
107.50 765.85
108.00 733.78
108.50 730.52
109.00 740.39
109.50 718.97
110.00 778.22
110.50 747.26
111.00 718.42
111.50 751.56
112.00 757.75
112.50 702.60
113.00 716.87
113.50 778.35
114.00 761.42
114.50 682.48
115.00 732.57
115.50 665.22
116.00 748.46
116.50 737.61
117.00 764.31
117.50 749.92
118.00 739.63
118.50 751.40
119.00 744.28
119.50 705.73
120.00 811.38
120.50 712.39
121.00 680.43
121.50 720.92
122.00 662.49
122.50 760.20
123.00 703.75
123.50 781.48
124.00 828.64
124.50 697.59
125.00 746.81
125.50 857.99
126.00 818.35
126.50 723.14
127.00 784.48
127.50 749.40
128.00 732.08
128.50 739.68
129.00 724.17
129.50 751.49
130.00 726.62
130.50 741.27
131.00 733.90
131.50 767.01
132.00 656.44
132.50 720.53
133.00 736.11
133.50 730.64
134.00 704.82
134.50 768.54
135.00 707.11
135.50 728.91
136.00 685.11
136.50 750.50
137.00 736.90
137.50 643.13
138.00 740.31
138.50 722.05
139.00 766.78
139.50 829.95
140.00 761.41
140.50 730.44
141.00 710.55
141.50 742.10
142.00 724.00
142.50 697.83
143.00 704.98
143.50 684.77
144.00 822.98
144.50 808.78
145.00 745.70
145.50 720.18
146.00 789.30
146.50 822.56
147.00 729.97
147.50 702.13
148.00 794.84
148.50 711.37
149.00 752.05
149.50 675.43
150.00 819.65
150.50 765.08
151.00 754.79
151.50 816.49
152.00 900.00
152.50 900.00
153.00 736.53
153.50 749.51
154.00 731.60
154.50 551.88
155.00 720.52
155.50 780.55
156.00 715.97
156.50 703.03
157.00 695.83
157.50 799.69
158.00 686.38
158.50 696.48
159.00 720.60
159.50 579.25
160.00 460.84
160.50 696.85
161.00 819.23
161.50 728.44
162.00 754.82
162.50 782.17
163.00 730.39
163.50 754.47
164.00 751.86
164.50 716.39
165.00 708.92
165.50 691.71
166.00 131.18
166.50 5.59
167.00 1.03
167.50 0.00
168.00 0.00
168.50 0.00
169.00 11.57
169.50 705.77
170.00 808.99
170.50 832.79
171.00 838.91
171.50 831.95
172.00 857.72
172.50 822.24
173.00 731.46
173.50 866.74
174.00 812.96
174.50 853.52
175.00 822.77
175.50 832.60
176.00 857.42
176.50 844.03
177.00 830.88
177.50 854.40
178.00 873.36
178.50 857.97
179.00 812.91
179.50 842.43
180.00 824.68
180.50 808.57
181.00 790.89
181.50 734.65
182.00 817.95
182.50 722.30
183.00 719.01
183.50 767.20
184.00 705.52
184.50 894.13
185.00 844.71
185.50 872.94
186.00 855.59
186.50 835.36
187.00 799.23
187.50 736.82
188.00 724.58
188.50 799.20
189.00 862.97
189.50 841.17
190.00 851.37
190.50 856.16
191.00 839.67
191.50 675.73
192.00 780.21
192.50 462.37
193.00 773.37
193.50 725.64
194.00 735.20
194.50 723.71
195.00 781.52
195.50 722.85
196.00 701.21
196.50 764.28
197.00 716.65
197.50 715.19
198.00 784.49
198.50 648.62
199.00 742.19
199.50 737.97
200.00 715.33
200.50 721.61
201.00 725.66
201.50 726.86
202.00 844.38
202.50 674.05
203.00 722.18
203.50 824.47
204.00 757.58
204.50 408.81
205.00 727.72
205.50 682.69
206.00 827.52
206.50 816.89
207.00 730.06
207.50 790.64
208.00 781.64
208.50 698.57
209.00 678.55
209.50 329.42
210.00 722.28
210.50 706.83
211.00 733.26
211.50 679.58
212.00 734.87
212.50 722.70
213.00 689.96
213.50 862.17
214.00 666.75
214.50 689.37
215.00 689.27
215.50 728.13
216.00 765.89
216.50 835.47
217.00 678.40
217.50 669.35
218.00 820.67
218.50 684.86
219.00 720.02
219.50 674.42
220.00 734.15
220.50 705.78
221.00 853.76
221.50 800.72
222.00 704.50
222.50 715.59
223.00 679.63
223.50 803.85
224.00 403.32
224.50 731.73
225.00 689.70
225.50 679.26
226.00 811.82
226.50 838.63
227.00 753.82
227.50 750.16
228.00 166.20
228.50 71.47
229.00 731.02
229.50 704.64
230.00 845.37
230.50 0.00
231.00 709.59
231.50 866.07
232.00 525.07
232.50 447.68
233.00 649.27
233.50 746.20
234.00 862.12
234.50 744.78
235.00 807.55
235.50 721.91
236.00 692.25
236.50 697.02
237.00 734.76
237.50 748.69
238.00 700.02
238.50 736.38
239.00 781.16
239.50 729.44
240.00 726.04
240.50 701.43
241.00 734.16
241.50 838.40
242.00 834.57
242.50 841.16
243.00 820.90
243.50 840.18
244.00 843.59
244.50 849.59
245.00 846.03
245.50 699.47
246.00 847.18
246.50 690.28
247.00 722.89
247.50 742.69
248.00 784.42
248.50 703.38
249.00 647.61
249.50 776.65
250.00 858.04
250.50 877.83
251.00 827.88
251.50 830.90
252.00 787.87
252.50 763.80
253.00 707.46
253.50 1.84
254.00 13.14
254.50 0.00
255.00 13.19
255.50 23.07
256.00 489.99
256.50 3.30
257.00 22.56
257.50 9.92
258.00 19.07
258.50 0.00
259.00 6.23
259.50 214.82
260.00 56.29
260.50 814.04
261.00 768.80
261.50 679.73
262.00 780.23
262.50 737.94
263.00 435.40
263.50 26.35
264.00 276.04
264.50 827.61
265.00 841.59
265.50 811.68
266.00 778.54
266.50 187.20
267.00 14.10
267.50 6.24
268.00 8.86
268.50 6.15
269.00 403.69
269.50 747.28
270.00 585.54
270.50 0.00
271.00 0.00
271.50 9.65
272.00 10.71
272.50 715.32
273.00 781.85
273.50 754.30
274.00 737.98
274.50 722.65
275.00 769.04
275.50 744.33
276.00 673.70
276.50 758.00
277.00 700.37
277.50 746.75
278.00 770.62
278.50 753.59
279.00 659.73
279.50 691.87
280.00 715.80
280.50 764.52
281.00 731.48
281.50 793.80
282.00 694.25
282.50 748.02
283.00 715.09
283.50 740.95
284.00 704.33
284.50 750.75
285.00 735.28
285.50 739.85
286.00 761.90
286.50 766.91
287.00 783.25
287.50 698.14
288.00 776.31
288.50 741.97
289.00 714.92
289.50 699.85
290.00 832.58
290.50 725.80
291.00 691.86
291.50 703.91
292.00 794.38
292.50 712.14
293.00 705.65
293.50 813.70
294.00 698.75
294.50 691.70
295.00 900.00
295.50 801.24
296.00 792.60
296.50 789.14
297.00 565.23
297.50 374.29
298.00 771.29
298.50 850.34
299.00 683.10
299.50 719.22
