0.00 736.46
0.50 558.13
1.00 853.72
1.50 754.33
2.00 602.15
2.50 725.70
3.00 779.51
3.50 715.62
4.00 689.19
4.50 693.61
5.00 708.66
5.50 732.33
6.00 709.33
6.50 675.30
7.00 712.09
7.50 760.08
8.00 718.76
8.50 708.94
9.00 719.22
9.50 801.67
10.00 825.04
10.50 830.35
11.00 290.07
11.50 701.83
12.00 768.52
12.50 849.49
13.00 718.60
13.50 694.48
14.00 786.18
14.50 672.45
15.00 786.04
15.50 833.66
16.00 827.87
16.50 700.16
17.00 703.67
17.50 782.74
18.00 371.28
18.50 719.17
19.00 732.47
19.50 779.83
20.00 822.63
20.50 760.36
21.00 827.71
21.50 817.19
22.00 868.39
22.50 285.14
23.00 757.08
23.50 836.84
24.00 703.34
24.50 691.05
25.00 586.75
25.50 782.87
26.00 714.79
26.50 713.89
27.00 794.88
27.50 721.68
28.00 714.21
28.50 713.57
29.00 689.47
29.50 740.57
30.00 704.45
30.50 746.93
31.00 765.51
31.50 719.86
32.00 900.00
32.50 692.82
33.00 798.78
33.50 730.32
34.00 730.84
34.50 728.72
35.00 710.74
35.50 761.37
36.00 722.46
36.50 732.34
37.00 775.24
37.50 772.07
38.00 736.56
38.50 664.12
39.00 748.14
39.50 762.42
40.00 738.24
40.50 743.63
41.00 674.45
41.50 725.21
42.00 749.44
42.50 751.13
43.00 705.31
43.50 720.19
44.00 741.13
44.50 708.26
45.00 722.65
45.50 733.35
46.00 711.01
46.50 833.30
47.00 222.12
47.50 33.88
48.00 2.65
48.50 679.62
49.00 331.11
49.50 486.02
50.00 660.14
50.50 445.60
51.00 545.42
51.50 314.60
52.00 158.76
52.50 728.48
53.00 811.86
53.50 233.85
54.00 81.91
54.50 584.15
55.00 449.08
55.50 656.87
56.00 405.50
56.50 385.22
57.00 774.63
57.50 255.04
58.00 758.86
58.50 767.38
59.00 600.77
59.50 372.48
60.00 715.36
60.50 476.87
61.00 213.99
61.50 19.34
62.00 13.32
62.50 0.61
63.00 10.00
63.50 133.06
64.00 698.69
64.50 681.55
65.00 789.42
65.50 778.95
66.00 260.73
66.50 232.80
67.00 497.74
67.50 157.57
68.00 86.19
68.50 720.13
69.00 649.25
69.50 705.17
70.00 507.97
70.50 0.00
71.00 15.45
71.50 0.00
72.00 9.97
72.50 7.10
73.00 379.13
73.50 686.67
74.00 734.98
74.50 771.53
75.00 729.73
75.50 773.85
76.00 748.76
76.50 769.69
77.00 752.63
77.50 729.00
78.00 746.11
78.50 712.12
79.00 779.27
79.50 801.43
80.00 748.74
80.50 785.46
81.00 723.23
81.50 691.61
82.00 309.23
82.50 365.08
83.00 700.06
83.50 751.18
84.00 644.03
84.50 802.45
85.00 723.40
85.50 826.68
86.00 703.03
86.50 814.14
87.00 746.68
87.50 685.60
88.00 723.86
88.50 694.00
89.00 672.61
89.50 721.70
90.00 685.51
90.50 816.39
91.00 851.13
91.50 705.07
92.00 727.08
92.50 839.00
93.00 714.32
93.50 733.91
94.00 822.25
94.50 763.58
95.00 785.91
95.50 679.61
96.00 683.25
96.50 766.32
97.00 714.53
97.50 766.60
98.00 720.41
98.50 688.79
99.00 723.63
99.50 760.62
100.00 751.08
100.50 742.27
101.00 778.79
101.50 726.32
102.00 690.28
102.50 764.36
103.00 703.51
103.50 738.56
104.00 719.23
104.50 712.50
105.00 745.57
105.50 708.99
106.00 440.75
106.50 691.60
107.00 704.12
107.50 685.78
108.00 696.51
108.50 715.79
109.00 845.60
109.50 740.52
110.00 699.59
110.50 782.59
111.00 717.56
111.50 763.36
112.00 734.66
112.50 702.57
113.00 703.60
113.50 729.16
114.00 715.92
114.50 711.92
115.00 761.93
115.50 730.62
116.00 706.85
116.50 742.43
117.00 677.64
117.50 771.20
118.00 741.88
118.50 762.51
119.00 733.66
119.50 755.77
120.00 772.74
120.50 737.50
121.00 735.93
121.50 720.08
122.00 719.96
122.50 702.04
123.00 838.10
123.50 726.07
124.00 754.82
124.50 754.03
125.00 812.55
125.50 732.18
126.00 760.38
126.50 705.87
127.00 707.03
127.50 783.35
128.00 670.42
128.50 736.72
129.00 721.49
129.50 717.57
130.00 709.88
130.50 806.31
131.00 793.58
131.50 780.40
132.00 789.27
132.50 706.44
133.00 706.06
133.50 721.04
134.00 690.21
134.50 714.68
135.00 674.43
135.50 815.04
136.00 733.04
136.50 706.15
137.00 741.96
137.50 744.74
138.00 726.56
138.50 695.67
139.00 707.84
139.50 709.57
140.00 729.42
140.50 518.08
141.00 771.53
141.50 755.03
142.00 472.46
142.50 497.60
143.00 370.49
143.50 589.86
144.00 769.86
144.50 682.89
145.00 798.54
145.50 679.16
146.00 787.37
146.50 718.21
147.00 678.92
147.50 833.91
148.00 831.74
148.50 853.40
149.00 867.53
149.50 842.55
150.00 845.42
150.50 858.47
151.00 504.93
151.50 553.03
152.00 340.49
152.50 709.70
153.00 830.74
153.50 820.61
154.00 853.68
154.50 790.65
155.00 843.07
155.50 856.91
156.00 862.25
156.50 873.42
157.00 868.51
157.50 810.13
158.00 861.58
158.50 852.99
159.00 869.39
159.50 749.59
160.00 853.16
160.50 834.21
161.00 851.55
161.50 849.15
162.00 878.35
162.50 849.51
163.00 796.92
163.50 820.45
164.00 824.17
164.50 675.28
165.00 777.01
165.50 709.55
166.00 833.37
166.50 823.69
167.00 871.61
167.50 846.22
168.00 853.40
168.50 856.98
169.00 477.81
169.50 866.96
170.00 714.01
170.50 717.52
171.00 785.73
171.50 844.66
172.00 707.48
172.50 701.59
173.00 683.81
173.50 662.77
174.00 714.87
174.50 713.18
175.00 710.55
175.50 686.20
176.00 889.74
176.50 773.24
177.00 740.30
177.50 820.15
178.00 723.17
178.50 714.42
179.00 708.29
179.50 751.40
180.00 730.10
180.50 708.51
181.00 757.15
181.50 773.39
182.00 722.09
182.50 900.00
183.00 676.61
183.50 400.99
184.00 345.14
184.50 553.19
185.00 439.68
185.50 746.63
186.00 854.79
186.50 835.85
187.00 835.80
187.50 876.01
188.00 699.11
188.50 712.03
189.00 766.81
189.50 661.54
190.00 743.77
190.50 726.30
191.00 691.94
191.50 755.06
192.00 732.41
192.50 708.77
193.00 762.79
193.50 710.86
194.00 768.43
194.50 830.28
195.00 868.57
195.50 860.70
196.00 810.13
196.50 819.43
197.00 814.50
197.50 738.37
198.00 736.68
198.50 737.36
199.00 726.78
199.50 777.76
200.00 713.10
200.50 725.18
201.00 770.59
201.50 667.19
202.00 719.86
202.50 728.54
203.00 711.26
203.50 718.21
204.00 743.61
204.50 761.85
205.00 706.99
205.50 724.43
206.00 745.05
206.50 728.55
207.00 720.55
207.50 802.06
208.00 713.62
208.50 649.20
209.00 788.17
209.50 900.00
210.00 733.62
210.50 812.29
211.00 835.79
211.50 749.43
212.00 693.79
212.50 754.87
213.00 834.78
213.50 739.47
214.00 716.90
214.50 713.69
215.00 119.73
215.50 728.75
216.00 726.75
216.50 705.26
217.00 300.07
217.50 90.71
218.00 364.41
218.50 194.50
219.00 235.43
219.50 424.90
220.00 778.49
220.50 802.81
221.00 835.26
221.50 806.78
222.00 860.09
222.50 852.38
223.00 94.31
223.50 347.96
224.00 773.07
224.50 741.70
225.00 780.19
225.50 714.85
226.00 795.60
226.50 744.11
227.00 769.28
227.50 702.11
228.00 702.18
228.50 720.96
229.00 768.93
229.50 730.81
230.00 790.81
230.50 900.00
231.00 704.11
231.50 749.00
232.00 735.87
232.50 729.43
233.00 766.82
233.50 757.60
234.00 673.39
234.50 815.30
235.00 675.87
235.50 720.84
236.00 754.79
236.50 757.44
237.00 757.04
237.50 828.82
238.00 821.96
238.50 865.83
239.00 715.95
239.50 696.67
240.00 865.09
240.50 756.00
241.00 885.00
241.50 714.42
242.00 716.73
242.50 716.64
243.00 772.92
243.50 772.99
244.00 764.07
244.50 900.00
245.00 717.60
245.50 744.87
246.00 839.23
246.50 770.89
247.00 709.08
247.50 715.22
248.00 766.42
248.50 712.20
249.00 671.07
249.50 697.04
250.00 735.10
250.50 703.19
251.00 596.10
251.50 20.37
252.00 336.86
252.50 402.83
253.00 362.70
253.50 10.33
254.00 6.02
254.50 398.26
255.00 728.07
255.50 645.26
256.00 740.01
256.50 702.96
257.00 715.39
257.50 774.98
258.00 720.66
258.50 23.61
259.00 640.83
259.50 767.50
260.00 742.01
260.50 838.65
261.00 859.20
261.50 872.28
262.00 718.71
262.50 744.81
263.00 856.21
263.50 840.90
264.00 821.58
264.50 861.56
265.00 765.49
265.50 695.70
266.00 706.52
266.50 695.01
267.00 726.96
267.50 722.54
268.00 824.68
268.50 732.07
269.00 861.38
269.50 754.35
270.00 816.70
270.50 696.82
271.00 422.24
271.50 601.43
272.00 682.37
272.50 695.42
273.00 841.97
273.50 798.80
274.00 727.58
274.50 711.87
275.00 808.76
275.50 739.08
276.00 725.86
276.50 797.84
277.00 741.49
277.50 708.86
278.00 738.02
278.50 733.87
279.00 663.80
279.50 705.09
280.00 721.39
280.50 716.71
281.00 665.16
281.50 732.57
282.00 746.08
282.50 753.16
283.00 692.30
283.50 722.16
284.00 680.72
284.50 706.02
285.00 889.19
285.50 842.36
286.00 807.83
286.50 695.37
287.00 575.92
287.50 744.13
288.00 709.86
288.50 711.45
289.00 696.27
289.50 777.29
290.00 749.25
290.50 703.75
291.00 749.80
291.50 781.74
292.00 745.47
292.50 731.74
293.00 788.95
293.50 719.67
294.00 669.27
294.50 739.74
295.00 788.85
295.50 728.41
296.00 752.19
296.50 773.86
297.00 672.70
297.50 769.11
298.00 770.93
298.50 758.89
299.00 831.99
299.50 701.75
