0.00 750.77
0.50 703.01
1.00 717.65
1.50 788.77
2.00 823.48
2.50 860.11
3.00 740.82
3.50 756.81
4.00 232.13
4.50 765.27
5.00 746.98
5.50 695.03
6.00 736.33
6.50 830.07
7.00 848.08
7.50 411.28
8.00 764.27
8.50 688.50
9.00 711.38
9.50 684.57
10.00 721.41
10.50 768.08
11.00 794.62
11.50 708.74
12.00 797.22
12.50 714.36
13.00 778.83
13.50 736.52
14.00 736.65
14.50 730.12
15.00 751.71
15.50 739.80
16.00 720.52
16.50 812.87
17.00 737.17
17.50 4.20
18.00 184.36
18.50 210.12
19.00 725.53
19.50 697.30
20.00 768.37
20.50 725.22
21.00 692.09
21.50 762.04
22.00 719.39
22.50 799.32
23.00 745.92
23.50 692.86
24.00 774.55
24.50 730.96
25.00 693.28
25.50 746.75
26.00 821.24
26.50 846.36
27.00 764.68
27.50 793.82
28.00 679.52
28.50 687.67
29.00 0.00
29.50 9.20
30.00 0.28
30.50 447.63
31.00 727.18
31.50 744.36
32.00 776.36
32.50 886.09
33.00 699.17
33.50 723.72
34.00 794.98
34.50 769.96
35.00 757.12
35.50 661.50
36.00 718.09
36.50 724.09
37.00 737.74
37.50 815.94
38.00 754.92
38.50 863.62
39.00 728.90
39.50 743.02
40.00 722.67
40.50 719.70
41.00 701.36
41.50 777.23
42.00 644.96
42.50 815.56
43.00 849.04
43.50 695.55
44.00 720.54
44.50 712.73
45.00 227.51
45.50 667.89
46.00 614.58
46.50 270.33
47.00 683.26
47.50 726.35
48.00 712.17
48.50 699.18
49.00 319.48
49.50 676.38
50.00 705.24
50.50 745.82
51.00 700.49
51.50 817.54
52.00 805.79
52.50 699.93
53.00 539.64
53.50 699.05
54.00 749.13
54.50 726.65
55.00 705.40
55.50 737.85
56.00 734.85
56.50 685.48
57.00 840.71
57.50 700.86
58.00 714.75
58.50 725.02
59.00 724.49
59.50 770.67
60.00 774.99
60.50 453.08
61.00 792.00
61.50 731.86
62.00 712.38
62.50 721.16
63.00 721.49
63.50 855.26
64.00 799.27
64.50 900.00
65.00 736.63
65.50 826.04
66.00 477.14
66.50 6.19
67.00 684.36
67.50 454.82
68.00 690.59
68.50 664.78
69.00 768.30
69.50 636.37
70.00 766.87
70.50 834.00
71.00 841.97
71.50 852.86
72.00 851.28
72.50 855.10
73.00 717.19
73.50 656.69
74.00 738.64
74.50 754.06
75.00 772.81
75.50 645.12
76.00 721.11
76.50 744.15
77.00 728.58
77.50 710.44
78.00 682.77
78.50 694.77
79.00 734.45
79.50 701.93
80.00 769.37
80.50 703.70
81.00 708.81
81.50 769.59
82.00 725.25
82.50 711.50
83.00 759.01
83.50 754.84
84.00 741.50
84.50 776.64
85.00 776.41
85.50 220.76
86.00 342.88
86.50 722.23
87.00 451.13
87.50 130.97
88.00 218.15
88.50 792.74
89.00 764.14
89.50 865.16
90.00 854.39
90.50 858.09
91.00 804.02
91.50 822.60
92.00 763.38
92.50 813.99
93.00 871.60
93.50 841.72
94.00 733.38
94.50 739.63
95.00 783.90
95.50 525.98
96.00 90.55
96.50 688.52
97.00 698.84
97.50 752.01
98.00 706.73
98.50 705.15
99.00 755.81
99.50 771.08
100.00 700.15
100.50 758.36
101.00 705.89
101.50 711.96
102.00 713.58
102.50 739.30
103.00 756.93
103.50 661.61
104.00 726.66
104.50 711.38
105.00 738.39
105.50 739.81
106.00 708.45
106.50 698.72
107.00 748.82
107.50 742.67
108.00 791.27
108.50 750.71
109.00 732.69
109.50 714.01
110.00 724.29
110.50 741.18
111.00 730.12
111.50 900.00
112.00 710.09
112.50 840.54
113.00 703.52
113.50 900.00
114.00 702.58
114.50 697.12
115.00 151.94
115.50 787.33
116.00 755.95
116.50 741.80
117.00 772.94
117.50 765.54
118.00 863.92
118.50 770.77
119.00 756.17
119.50 725.83
120.00 722.71
120.50 249.85
121.00 6.52
121.50 0.00
122.00 8.91
122.50 0.00
123.00 15.84
123.50 19.60
124.00 705.04
124.50 759.59
125.00 760.36
125.50 734.73
126.00 742.07
126.50 675.64
127.00 717.96
127.50 765.90
128.00 709.36
128.50 733.50
129.00 740.66
129.50 716.77
130.00 692.24
130.50 722.51
131.00 751.77
131.50 765.11
132.00 743.52
132.50 666.06
133.00 800.20
133.50 789.84
134.00 736.83
134.50 711.42
135.00 755.39
135.50 729.56
136.00 702.05
136.50 728.66
137.00 689.93
137.50 745.91
138.00 563.52
138.50 530.10
139.00 729.45
139.50 707.79
140.00 790.06
140.50 714.69
141.00 705.20
141.50 851.26
142.00 738.77
142.50 688.95
143.00 717.28
143.50 823.92
144.00 828.10
144.50 833.66
145.00 704.82
145.50 709.57
146.00 709.93
146.50 715.00
147.00 727.62
147.50 696.71
148.00 758.92
148.50 737.71
149.00 736.85
149.50 712.96
150.00 747.69
150.50 726.05
151.00 757.57
151.50 770.65
152.00 719.32
152.50 713.87
153.00 738.07
153.50 681.30
154.00 751.21
154.50 752.98
155.00 706.33
155.50 700.15
156.00 754.54
156.50 705.20
157.00 643.19
157.50 697.33
158.00 746.74
158.50 718.73
159.00 713.40
159.50 722.36
160.00 722.05
160.50 210.03
161.00 781.45
161.50 601.16
162.00 516.48
162.50 133.92
163.00 698.19
163.50 853.71
164.00 779.55
164.50 690.97
165.00 705.08
165.50 860.34
166.00 686.66
166.50 826.77
167.00 698.87
167.50 744.32
168.00 709.75
168.50 682.63
169.00 744.96
169.50 755.87
170.00 701.31
170.50 718.45
171.00 719.48
171.50 662.91
172.00 738.82
172.50 769.43
173.00 767.92
173.50 825.15
174.00 842.79
174.50 808.64
175.00 832.38
175.50 849.16
176.00 825.79
176.50 850.22
177.00 875.45
177.50 840.08
178.00 859.62
178.50 224.85
179.00 471.20
179.50 14.07
180.00 602.94
180.50 714.56
181.00 707.52
181.50 805.44
182.00 774.11
182.50 685.86
183.00 185.56
183.50 665.05
184.00 723.82
184.50 848.57
185.00 741.23
185.50 666.67
186.00 835.80
186.50 756.90
187.00 850.30
187.50 852.84
188.00 750.36
188.50 738.22
189.00 653.40
189.50 721.89
190.00 832.30
190.50 707.35
191.00 649.81
191.50 663.21
192.00 775.65
192.50 716.63
193.00 732.39
193.50 744.38
194.00 755.39
194.50 689.44
195.00 763.39
195.50 747.65
196.00 759.52
196.50 848.91
197.00 831.41
197.50 850.76
198.00 846.89
198.50 844.82
199.00 732.89
199.50 761.73
200.00 868.98
200.50 755.21
201.00 768.04
201.50 720.45
202.00 738.61
202.50 732.74
203.00 709.92
203.50 709.84
204.00 749.69
204.50 777.52
205.00 698.43
205.50 749.20
206.00 754.90
206.50 750.23
207.00 714.61
207.50 777.65
208.00 738.35
208.50 713.44
209.00 731.46
209.50 737.68
210.00 733.98
210.50 727.58
211.00 727.78
211.50 690.97
212.00 695.24
212.50 712.24
213.00 858.19
213.50 775.55
214.00 715.41
214.50 692.58
215.00 841.51
215.50 697.94
216.00 693.75
216.50 743.93
217.00 820.35
217.50 705.10
218.00 686.83
218.50 684.57
219.00 695.59
219.50 900.00
220.00 725.92
220.50 685.49
221.00 832.69
221.50 700.44
222.00 795.37
222.50 741.45
223.00 844.42
223.50 711.17
224.00 725.65
224.50 835.97
225.00 824.22
225.50 726.48
226.00 720.63
226.50 885.77
227.00 711.51
227.50 741.70
228.00 676.19
228.50 811.08
229.00 819.25
229.50 698.41
230.00 820.13
230.50 727.91
231.00 747.62
231.50 851.07
232.00 713.07
232.50 757.55
233.00 715.94
233.50 697.53
234.00 692.45
234.50 742.03
235.00 754.63
235.50 721.70
236.00 722.92
236.50 728.87
237.00 757.16
237.50 737.40
238.00 827.28
238.50 667.19
239.00 768.02
239.50 736.76
240.00 739.05
240.50 685.77
241.00 695.08
241.50 680.01
242.00 341.63
242.50 346.91
243.00 693.11
243.50 690.01
244.00 455.27
244.50 781.71
245.00 62.09
245.50 318.84
246.00 772.22
246.50 767.72
247.00 707.31
247.50 840.15
248.00 858.10
248.50 807.91
249.00 842.77
249.50 336.15
250.00 555.79
250.50 447.71
251.00 764.81
251.50 618.96
252.00 663.72
252.50 715.01
253.00 771.56
253.50 592.78
254.00 822.23
254.50 827.72
255.00 867.86
255.50 827.23
256.00 719.62
256.50 746.96
257.00 732.68
257.50 717.47
258.00 740.96
258.50 738.99
259.00 752.42
259.50 711.64
260.00 761.73
260.50 688.62
261.00 739.53
261.50 729.51
262.00 685.15
262.50 699.24
263.00 689.66
263.50 698.00
264.00 729.41
264.50 582.61
265.00 772.32
265.50 738.90
266.00 688.88
266.50 739.11
267.00 794.79
267.50 785.26
268.00 738.27
268.50 735.74
269.00 716.00
269.50 729.09
270.00 819.58
270.50 746.49
271.00 704.58
271.50 754.86
272.00 804.66
272.50 714.14
273.00 784.08
273.50 694.28
274.00 696.67
274.50 772.67
275.00 715.13
275.50 678.43
276.00 786.35
276.50 727.16
277.00 19.44
277.50 3.87
278.00 242.79
278.50 796.57
279.00 733.34
279.50 728.63
280.00 736.10
280.50 745.42
281.00 720.03
281.50 788.68
282.00 730.22
282.50 762.38
283.00 790.13
283.50 694.70
284.00 759.79
284.50 740.30
285.00 713.42
285.50 685.95
286.00 787.17
286.50 741.10
287.00 675.64
287.50 841.67
288.00 838.42
288.50 822.02
289.00 702.18
289.50 859.78
290.00 796.32
290.50 853.31
291.00 733.03
291.50 701.77
292.00 744.88
292.50 786.76
293.00 713.28
293.50 696.22
294.00 740.29
294.50 853.24
295.00 726.36
295.50 720.96
296.00 809.29
296.50 897.33
297.00 733.79
297.50 399.40
298.00 747.98
298.50 758.84
299.00 349.74
299.50 30.83
