0.00 793.63
0.50 724.17
1.00 783.12
1.50 711.22
2.00 795.09
2.50 679.39
3.00 756.14
3.50 684.46
4.00 784.20
4.50 719.14
5.00 745.85
5.50 749.38
6.00 747.53
6.50 717.13
7.00 154.51
7.50 674.89
8.00 714.58
8.50 763.15
9.00 692.79
9.50 720.15
10.00 710.95
10.50 711.20
11.00 707.65
11.50 730.13
12.00 730.31
12.50 722.91
13.00 790.66
13.50 732.25
14.00 769.37
14.50 706.82
15.00 745.15
15.50 683.01
16.00 714.44
16.50 832.42
17.00 844.82
17.50 685.03
18.00 880.66
18.50 715.42
19.00 734.41
19.50 741.71
20.00 713.70
20.50 760.74
21.00 736.03
21.50 705.05
22.00 742.86
22.50 761.96
23.00 696.33
23.50 724.23
24.00 734.01
24.50 688.52
25.00 760.85
25.50 736.98
26.00 685.03
26.50 712.41
27.00 722.44
27.50 735.66
28.00 720.03
28.50 726.86
29.00 692.45
29.50 744.15
30.00 763.60
30.50 741.46
31.00 716.70
31.50 849.26
32.00 850.04
32.50 834.91
33.00 861.73
33.50 602.79
34.00 814.73
34.50 745.89
35.00 885.19
35.50 682.87
36.00 726.24
36.50 715.63
37.00 690.03
37.50 485.94
38.00 360.89
38.50 700.80
39.00 364.79
39.50 479.55
40.00 760.73
40.50 779.04
41.00 504.75
41.50 701.37
42.00 733.17
42.50 685.09
43.00 614.03
43.50 679.19
44.00 4.00
44.50 2.80
45.00 537.13
45.50 182.55
46.00 11.18
46.50 0.00
47.00 455.36
47.50 117.07
48.00 4.01
48.50 6.65
49.00 19.64
49.50 5.45
50.00 8.81
50.50 349.23
51.00 307.15
51.50 819.46
52.00 705.87
52.50 733.19
53.00 845.78
53.50 859.21
54.00 871.06
54.50 868.09
55.00 829.21
55.50 689.33
56.00 700.75
56.50 790.11
57.00 879.74
57.50 715.07
58.00 825.77
58.50 746.00
59.00 851.84
59.50 846.03
60.00 891.71
60.50 693.23
61.00 733.71
61.50 697.71
62.00 686.98
62.50 708.60
63.00 702.62
63.50 711.03
64.00 735.43
64.50 746.63
65.00 675.91
65.50 730.31
66.00 751.12
66.50 221.62
67.00 855.76
67.50 711.53
68.00 706.20
68.50 733.64
69.00 730.27
69.50 749.91
70.00 742.05
70.50 730.09
71.00 830.95
71.50 854.95
72.00 803.29
72.50 878.73
73.00 828.78
73.50 825.28
74.00 363.38
74.50 7.12
75.00 312.13
75.50 651.78
76.00 690.22
76.50 759.84
77.00 785.40
77.50 703.83
78.00 693.38
78.50 697.29
79.00 702.00
79.50 763.81
80.00 768.20
80.50 707.86
81.00 781.39
81.50 593.30
82.00 693.59
82.50 888.29
83.00 678.13
83.50 720.24
84.00 725.47
84.50 727.24
85.00 736.25
85.50 691.94
86.00 721.95
86.50 696.75
87.00 345.63
87.50 770.56
88.00 838.84
88.50 812.82
89.00 847.52
89.50 826.41
90.00 830.59
90.50 773.72
91.00 826.24
91.50 829.70
92.00 852.34
92.50 791.38
93.00 855.38
93.50 882.75
94.00 830.63
94.50 711.24
95.00 712.57
95.50 723.25
96.00 699.23
96.50 728.26
97.00 748.71
97.50 737.63
98.00 727.42
98.50 734.61
99.00 681.75
99.50 813.82
100.00 741.61
100.50 669.18
101.00 710.24
101.50 679.06
102.00 808.22
102.50 764.55
103.00 742.60
103.50 809.43
104.00 736.42
104.50 795.80
105.00 720.27
105.50 758.10
106.00 691.56
106.50 724.00
107.00 727.46
107.50 766.63
108.00 735.50
108.50 732.90
109.00 690.81
109.50 722.24
110.00 731.40
110.50 719.15
111.00 808.68
111.50 702.48
112.00 710.20
112.50 806.96
113.00 706.47
113.50 734.65
114.00 797.84
114.50 759.25
115.00 765.04
115.50 763.79
116.00 744.05
116.50 22.12
117.00 1.03
117.50 17.02
118.00 71.35
118.50 637.06
119.00 771.07
119.50 710.70
120.00 700.09
120.50 767.64
121.00 717.77
121.50 645.52
122.00 260.97
122.50 316.56
123.00 776.02
123.50 740.28
124.00 670.62
124.50 779.98
125.00 725.73
125.50 771.23
126.00 697.91
126.50 760.20
127.00 726.80
127.50 749.17
128.00 771.08
128.50 744.72
129.00 646.00
129.50 758.92
130.00 737.10
130.50 772.25
131.00 720.56
131.50 704.03
132.00 742.67
132.50 708.57
133.00 757.87
133.50 741.00
134.00 782.04
134.50 756.13
135.00 779.42
135.50 778.61
136.00 742.45
136.50 749.96
137.00 703.16
137.50 725.94
138.00 655.58
138.50 794.48
139.00 741.95
139.50 738.90
140.00 741.60
140.50 794.19
141.00 829.38
141.50 699.75
142.00 718.81
142.50 700.01
143.00 749.32
143.50 465.93
144.00 524.98
144.50 531.79
145.00 720.53
145.50 747.27
146.00 695.99
146.50 705.62
147.00 693.82
147.50 671.88
148.00 771.45
148.50 727.98
149.00 753.71
149.50 696.23
150.00 744.76
150.50 793.97
151.00 771.82
151.50 787.21
152.00 760.49
152.50 754.34
153.00 741.87
153.50 730.79
154.00 770.62
154.50 738.65
155.00 703.11
155.50 736.79
156.00 701.55
156.50 418.81
157.00 600.81
157.50 314.16
158.00 733.56
158.50 699.17
159.00 772.95
159.50 708.62
160.00 708.94
160.50 860.31
161.00 859.61
161.50 665.31
162.00 130.07
162.50 840.21
163.00 683.30
163.50 520.41
164.00 387.40
164.50 379.73
165.00 816.90
165.50 834.80
166.00 806.35
166.50 710.09
167.00 692.42
167.50 834.19
168.00 839.55
168.50 859.49
169.00 814.17
169.50 858.73
170.00 858.38
170.50 740.65
171.00 748.62
171.50 730.75
172.00 835.00
172.50 848.52
173.00 751.73
173.50 680.45
174.00 710.39
174.50 744.23
175.00 730.50
175.50 736.25
176.00 774.67
176.50 696.64
177.00 683.20
177.50 751.65
178.00 663.20
178.50 767.28
179.00 768.86
179.50 695.26
180.00 696.76
180.50 721.42
181.00 750.95
181.50 693.49
182.00 355.71
182.50 670.66
183.00 290.27
183.50 301.43
184.00 846.27
184.50 827.16
185.00 799.65
185.50 22.77
186.00 692.43
186.50 3.66
187.00 9.84
187.50 22.19
188.00 13.29
188.50 432.06
189.00 711.12
189.50 761.89
190.00 745.48
190.50 767.60
191.00 721.78
191.50 757.93
192.00 696.00
192.50 726.45
193.00 734.06
193.50 801.13
194.00 748.68
194.50 762.71
195.00 707.02
195.50 710.16
196.00 672.82
196.50 718.36
197.00 703.48
197.50 674.69
198.00 684.22
198.50 791.65
199.00 739.84
199.50 765.83
200.00 727.30
200.50 772.35
201.00 727.60
201.50 728.53
202.00 735.41
202.50 729.79
203.00 771.73
203.50 717.23
204.00 687.83
204.50 773.60
205.00 726.22
205.50 731.64
206.00 695.79
206.50 699.42
207.00 764.78
207.50 746.35
208.00 836.05
208.50 728.04
209.00 358.97
209.50 450.51
210.00 689.65
210.50 723.13
211.00 683.57
211.50 710.22
212.00 719.60
212.50 730.88
213.00 716.12
213.50 731.04
214.00 765.26
214.50 755.11
215.00 755.32
215.50 724.07
216.00 735.61
216.50 765.75
217.00 767.32
217.50 842.93
218.00 697.86
218.50 753.78
219.00 780.20
219.50 776.33
220.00 817.34
220.50 719.99
221.00 819.45
221.50 842.02
222.00 756.23
222.50 866.71
223.00 702.96
223.50 719.80
224.00 730.46
224.50 751.06
225.00 780.42
225.50 736.77
226.00 0.00
226.50 505.75
227.00 741.44
227.50 613.95
228.00 535.93
228.50 750.83
229.00 804.80
229.50 735.09
230.00 684.30
230.50 724.54
231.00 805.36
231.50 790.40
232.00 721.93
232.50 722.59
233.00 900.00
233.50 715.28
234.00 681.50
234.50 683.84
235.00 737.70
235.50 690.54
236.00 749.21
236.50 725.88
237.00 727.63
237.50 720.95
238.00 686.53
238.50 805.92
239.00 724.30
239.50 721.67
240.00 741.90
240.50 730.34
241.00 714.87
241.50 733.72
242.00 0.00
242.50 16.01
243.00 0.00
243.50 542.85
244.00 11.79
244.50 9.98
245.00 14.44
245.50 496.51
246.00 769.23
246.50 777.04
247.00 767.57
247.50 333.82
248.00 498.91
248.50 757.86
249.00 797.26
249.50 775.91
250.00 824.47
250.50 584.18
251.00 732.50
251.50 741.16
252.00 705.13
252.50 705.21
253.00 716.03
253.50 765.04
254.00 682.27
254.50 821.79
255.00 840.33
255.50 856.84
256.00 724.06
256.50 0.00
257.00 697.38
257.50 869.49
258.00 715.58
258.50 710.02
259.00 745.76
259.50 724.99
260.00 740.38
260.50 732.31
261.00 706.09
261.50 460.18
262.00 712.52
262.50 150.06
263.00 734.15
263.50 702.47
264.00 670.73
264.50 671.35
265.00 724.44
265.50 833.14
266.00 476.62
266.50 697.11
267.00 734.89
267.50 758.74
268.00 752.40
268.50 754.41
269.00 728.47
269.50 845.46
270.00 838.13
270.50 852.48
271.00 859.25
271.50 850.78
272.00 815.61
272.50 840.14
273.00 46.23
273.50 165.93
274.00 292.82
274.50 128.01
275.00 302.01
275.50 695.05
276.00 689.82
276.50 675.08
277.00 334.63
277.50 705.37
278.00 716.13
278.50 775.76
279.00 753.95
279.50 730.02
280.00 726.06
280.50 688.16
281.00 664.55
281.50 671.15
282.00 730.69
282.50 672.72
283.00 703.70
283.50 689.11
284.00 726.10
284.50 765.55
285.00 688.54
285.50 822.61
286.00 830.11
286.50 847.98
287.00 417.19
287.50 664.73
288.00 650.65
288.50 505.03
289.00 711.18
289.50 441.02
290.00 743.08
290.50 764.15
291.00 677.18
291.50 810.20
292.00 729.52
292.50 802.00
293.00 793.64
293.50 737.60
294.00 171.87
294.50 257.39
295.00 785.74
295.50 731.85
296.00 428.84
296.50 742.47
297.00 670.42
297.50 736.37
298.00 716.91
298.50 690.18
299.00 662.45
299.50 717.88
