0.00 715.80
0.50 710.64
1.00 730.24
1.50 672.85
2.00 695.72
2.50 751.38
3.00 769.19
3.50 751.56
4.00 783.97
4.50 725.47
5.00 734.95
5.50 757.56
6.00 724.54
6.50 794.95
7.00 769.41
7.50 704.93
8.00 685.45
8.50 819.23
9.00 848.98
9.50 743.51
10.00 665.45
10.50 692.46
11.00 726.17
11.50 718.65
12.00 757.11
12.50 761.84
13.00 795.63
13.50 737.72
14.00 838.72
14.50 847.36
15.00 854.95
15.50 861.26
16.00 856.29
16.50 831.24
17.00 871.82
17.50 846.88
18.00 658.50
18.50 784.73
19.00 785.57
19.50 600.71
20.00 90.33
20.50 81.19
21.00 751.60
21.50 714.77
22.00 672.25
22.50 687.54
23.00 395.12
23.50 0.00
24.00 376.83
24.50 653.37
25.00 735.96
25.50 752.66
26.00 323.66
26.50 680.58
27.00 742.47
27.50 715.05
28.00 734.15
28.50 708.83
29.00 691.57
29.50 760.80
30.00 704.82
30.50 732.58
31.00 749.18
31.50 731.30
32.00 707.18
32.50 692.10
33.00 675.59
33.50 728.49
34.00 729.03
34.50 293.34
35.00 0.00
35.50 305.81
36.00 232.84
36.50 655.71
37.00 205.21
37.50 225.95
38.00 8.38
38.50 14.58
39.00 7.69
39.50 392.99
40.00 451.72
40.50 767.75
41.00 748.42
41.50 809.78
42.00 662.54
42.50 725.76
43.00 699.79
43.50 322.30
44.00 0.00
44.50 255.89
45.00 9.44
45.50 670.02
46.00 702.06
46.50 692.98
47.00 720.41
47.50 678.78
48.00 700.74
48.50 707.36
49.00 722.11
49.50 741.01
50.00 674.86
50.50 698.36
51.00 668.03
51.50 692.88
52.00 707.12
52.50 837.15
53.00 900.00
53.50 189.67
54.00 713.77
54.50 715.12
55.00 322.59
55.50 900.00
56.00 721.25
56.50 833.42
57.00 866.30
57.50 834.76
58.00 821.69
58.50 850.19
59.00 834.23
59.50 809.03
60.00 825.94
60.50 837.66
61.00 735.76
61.50 751.02
62.00 724.36
62.50 689.58
63.00 731.17
63.50 641.73
64.00 0.00
64.50 7.44
65.00 746.68
65.50 706.62
66.00 673.50
66.50 0.00
67.00 0.00
67.50 85.57
68.00 711.78
68.50 739.33
69.00 749.06
69.50 746.85
70.00 728.64
70.50 643.00
71.00 740.64
71.50 718.13
72.00 754.26
72.50 721.39
73.00 708.42
73.50 786.41
74.00 784.64
74.50 810.63
75.00 763.01
75.50 745.70
76.00 828.02
76.50 741.56
77.00 714.96
77.50 765.95
78.00 806.48
78.50 784.25
79.00 715.73
79.50 762.48
80.00 737.50
80.50 892.26
81.00 6.18
81.50 6.17
82.00 0.00
82.50 894.71
83.00 782.16
83.50 740.16
84.00 725.77
84.50 715.78
85.00 738.24
85.50 710.91
86.00 701.55
86.50 731.39
87.00 724.18
87.50 822.11
88.00 703.28
88.50 877.33
89.00 768.41
89.50 804.08
90.00 713.49
90.50 698.04
91.00 719.60
91.50 696.95
92.00 821.12
92.50 720.88
93.00 740.36
93.50 679.74
94.00 721.60
94.50 738.32
95.00 727.31
95.50 816.08
96.00 700.98
96.50 736.23
97.00 722.13
97.50 698.66
98.00 723.64
98.50 693.65
99.00 870.71
99.50 732.42
100.00 719.27
100.50 695.81
101.00 723.88
101.50 679.48
102.00 739.75
102.50 752.24
103.00 711.04
103.50 691.01
104.00 807.74
104.50 722.25
105.00 769.84
105.50 726.45
106.00 826.50
106.50 837.99
107.00 782.61
107.50 772.14
108.00 807.50
108.50 195.37
109.00 743.96
109.50 223.75
110.00 10.72
110.50 19.65
111.00 13.85
111.50 846.49
112.00 310.70
112.50 696.21
113.00 724.69
113.50 710.65
114.00 765.05
114.50 775.71
115.00 759.02
115.50 736.29
116.00 743.97
116.50 756.88
117.00 683.07
117.50 688.33
118.00 753.91
118.50 720.44
119.00 784.55
119.50 723.94
120.00 689.05
120.50 699.19
121.00 712.90
121.50 705.15
122.00 726.37
122.50 772.92
123.00 741.07
123.50 713.00
124.00 730.60
124.50 725.64
125.00 695.39
125.50 789.43
126.00 792.74
126.50 705.98
127.00 710.54
127.50 724.73
128.00 750.81
128.50 678.33
129.00 729.78
129.50 785.24
130.00 719.78
130.50 677.96
131.00 701.24
131.50 841.78
132.00 843.47
132.50 826.44
133.00 814.92
133.50 848.10
134.00 818.53
134.50 858.57
135.00 858.78
135.50 823.32
136.00 847.98
136.50 847.92
137.00 833.73
137.50 858.41
138.00 705.21
138.50 706.39
139.00 489.70
139.50 686.60
140.00 682.97
140.50 770.22
141.00 699.21
141.50 737.69
142.00 686.33
142.50 811.97
143.00 853.53
143.50 631.81
144.00 731.40
144.50 747.77
145.00 768.92
145.50 872.72
146.00 818.72
146.50 840.64
147.00 870.45
147.50 855.63
148.00 850.57
148.50 830.83
149.00 857.94
149.50 859.68
150.00 875.67
150.50 872.36
151.00 867.14
151.50 841.03
152.00 736.90
152.50 778.95
153.00 717.63
153.50 709.16
154.00 768.07
154.50 829.68
155.00 678.48
155.50 758.24
156.00 760.58
156.50 830.81
157.00 817.55
157.50 819.88
158.00 841.53
158.50 821.00
159.00 847.19
159.50 851.06
160.00 847.13
160.50 816.18
161.00 804.26
161.50 836.02
162.00 839.97
162.50 898.13
163.00 686.94
163.50 813.13
164.00 774.13
164.50 705.96
165.00 765.58
165.50 689.09
166.00 168.25
166.50 13.49
167.00 0.00
167.50 12.95
168.00 279.64
168.50 738.90
169.00 762.70
169.50 755.44
170.00 704.32
170.50 706.47
171.00 693.46
171.50 817.01
172.00 824.64
172.50 644.89
173.00 642.86
173.50 719.19
174.00 779.05
174.50 743.68
175.00 718.75
175.50 751.38
176.00 752.53
176.50 716.92
177.00 742.24
177.50 736.98
178.00 714.52
178.50 740.40
179.00 701.04
179.50 787.80
180.00 721.14
180.50 715.38
181.00 709.38
181.50 696.63
182.00 706.46
182.50 712.57
183.00 734.82
183.50 679.74
184.00 757.86
184.50 734.20
185.00 688.02
185.50 762.61
186.00 670.11
186.50 693.92
187.00 668.27
187.50 673.30
188.00 780.91
188.50 736.82
189.00 717.64
189.50 727.76
190.00 846.75
190.50 757.57
191.00 695.59
191.50 732.61
192.00 725.84
192.50 694.36
193.00 722.97
193.50 757.94
194.00 781.68
194.50 745.91
195.00 656.17
195.50 870.23
196.00 781.77
196.50 727.78
197.00 687.44
197.50 706.83
198.00 746.67
198.50 180.90
199.00 113.92
199.50 368.55
200.00 878.42
200.50 836.54
201.00 830.72
201.50 839.46
202.00 836.71
202.50 842.93
203.00 832.90
203.50 854.87
204.00 811.25
204.50 823.41
205.00 870.55
205.50 845.61
206.00 866.15
206.50 819.77
207.00 805.36
207.50 839.05
208.00 576.92
208.50 675.43
209.00 709.71
209.50 818.39
210.00 700.57
210.50 781.41
211.00 709.30
211.50 722.94
212.00 828.89
212.50 712.21
213.00 708.06
213.50 676.04
214.00 693.57
214.50 833.26
215.00 690.68
215.50 829.27
216.00 825.00
216.50 733.73
217.00 713.81
217.50 738.28
218.00 745.88
218.50 702.59
219.00 697.63
219.50 740.33
220.00 750.14
220.50 704.02
221.00 690.67
221.50 742.26
222.00 725.70
222.50 750.22
223.00 713.18
223.50 748.22
224.00 722.65
224.50 743.68
225.00 765.17
225.50 732.09
226.00 854.79
226.50 654.09
227.00 818.25
227.50 790.22
228.00 785.37
228.50 659.93
229.00 697.83
229.50 715.88
230.00 730.25
230.50 704.25
231.00 699.76
231.50 711.07
232.00 724.15
232.50 734.55
233.00 673.05
233.50 51.90
234.00 302.44
234.50 0.00
235.00 191.10
235.50 735.42
236.00 731.95
236.50 792.98
237.00 722.86
237.50 830.43
238.00 869.80
238.50 869.88
239.00 837.52
239.50 836.52
240.00 856.42
240.50 846.42
241.00 731.16
241.50 714.23
242.00 717.83
242.50 732.06
243.00 709.01
243.50 726.68
244.00 736.73
244.50 705.31
245.00 727.37
245.50 697.74
246.00 752.57
246.50 755.54
247.00 712.90
247.50 700.94
248.00 768.72
248.50 745.45
249.00 722.63
249.50 717.20
250.00 745.02
250.50 721.18
251.00 717.61
251.50 726.47
252.00 702.46
252.50 763.77
253.00 714.98
253.50 685.99
254.00 826.95
254.50 701.08
255.00 530.54
255.50 841.67
256.00 833.87
256.50 848.13
257.00 812.87
257.50 800.28
258.00 831.00
258.50 751.56
259.00 712.54
259.50 701.89
260.00 701.03
260.50 715.08
261.00 900.00
261.50 799.76
262.00 722.81
262.50 683.90
263.00 713.76
263.50 852.90
264.00 851.41
264.50 857.80
265.00 828.82
265.50 433.63
266.00 489.21
266.50 477.81
267.00 765.74
267.50 739.70
268.00 687.61
268.50 780.69
269.00 745.25
269.50 723.68
270.00 749.96
270.50 714.84
271.00 740.35
271.50 782.46
272.00 717.82
272.50 811.37
273.00 793.81
273.50 766.30
274.00 739.67
274.50 794.86
275.00 782.31
275.50 783.33
276.00 743.98
276.50 735.16
277.00 693.04
277.50 717.75
278.00 770.85
278.50 751.25
279.00 759.08
279.50 690.97
280.00 694.65
280.50 352.45
281.00 837.84
281.50 705.17
282.00 788.36
282.50 710.77
283.00 797.42
283.50 719.18
284.00 704.52
284.50 808.03
285.00 783.56
285.50 675.04
286.00 844.46
286.50 698.30
287.00 810.39
287.50 682.59
288.00 757.93
288.50 793.43
289.00 683.87
289.50 762.20
290.00 721.51
290.50 701.06
291.00 849.41
291.50 729.29
292.00 677.96
292.50 697.68
293.00 701.30
293.50 619.13
294.00 0.00
294.50 818.76
295.00 709.25
295.50 716.99
296.00 827.78
296.50 754.35
297.00 690.78
297.50 715.94
298.00 698.36
298.50 712.60
299.00 740.34
299.50 718.64
