0.00 713.77
0.50 704.48
1.00 731.44
1.50 719.31
2.00 717.40
2.50 759.72
3.00 748.08
3.50 744.57
4.00 752.03
4.50 687.43
5.00 735.36
5.50 794.11
6.00 738.61
6.50 766.22
7.00 725.68
7.50 719.32
8.00 778.70
8.50 781.60
9.00 709.22
9.50 706.44
10.00 743.02
10.50 768.00
11.00 761.75
11.50 721.32
12.00 710.61
12.50 683.76
13.00 747.30
13.50 734.71
14.00 737.09
14.50 843.15
15.00 853.89
15.50 847.62
16.00 810.95
16.50 845.67
17.00 837.84
17.50 885.42
18.00 873.00
18.50 858.98
19.00 881.20
19.50 880.59
20.00 751.95
20.50 223.90
21.00 313.86
21.50 236.92
22.00 493.95
22.50 0.00
23.00 8.16
23.50 0.00
24.00 17.31
24.50 726.97
25.00 701.65
25.50 785.22
26.00 718.12
26.50 710.61
27.00 698.02
27.50 716.54
28.00 682.49
28.50 737.30
29.00 713.82
29.50 828.84
30.00 701.04
30.50 666.59
31.00 739.50
31.50 735.75
32.00 709.31
32.50 726.59
33.00 700.37
33.50 768.24
34.00 691.23
34.50 761.60
35.00 737.47
35.50 771.68
36.00 731.29
36.50 707.82
37.00 702.10
37.50 709.28
38.00 747.34
38.50 742.77
39.00 694.77
39.50 712.73
40.00 654.60
40.50 834.86
41.00 769.86
41.50 414.11
42.00 854.91
42.50 712.21
43.00 709.22
43.50 791.52
44.00 841.13
44.50 845.21
45.00 742.12
45.50 684.14
46.00 709.34
46.50 696.63
47.00 696.19
47.50 774.19
48.00 722.54
48.50 607.72
49.00 670.23
49.50 863.44
50.00 859.98
50.50 863.62
51.00 466.60
51.50 456.36
52.00 686.69
52.50 742.22
53.00 900.00
53.50 727.62
54.00 743.10
54.50 689.03
55.00 50.22
55.50 443.25
56.00 559.10
56.50 746.74
57.00 713.23
57.50 749.34
58.00 814.46
58.50 712.38
59.00 750.23
59.50 784.86
60.00 750.32
60.50 698.08
61.00 730.60
61.50 699.90
62.00 838.14
62.50 848.96
63.00 839.47
63.50 872.49
64.00 801.13
64.50 776.58
65.00 797.29
65.50 177.05
66.00 754.78
66.50 844.77
67.00 829.11
67.50 714.29
68.00 720.78
68.50 766.22
69.00 716.01
69.50 879.45
70.00 832.20
70.50 854.42
71.00 830.24
71.50 828.17
72.00 839.10
72.50 810.32
73.00 368.83
73.50 710.10
74.00 719.93
74.50 686.50
75.00 222.15
75.50 699.34
76.00 729.72
76.50 714.32
77.00 865.54
77.50 793.48
78.00 769.49
78.50 707.89
79.00 763.06
79.50 733.80
80.00 729.99
80.50 739.39
81.00 766.07
81.50 709.09
82.00 705.33
82.50 739.19
83.00 731.64
83.50 716.41
84.00 736.72
84.50 711.53
85.00 686.05
85.50 720.97
86.00 683.25
86.50 707.35
87.00 725.92
87.50 665.46
88.00 717.91
88.50 718.07
89.00 722.86
89.50 717.81
90.00 749.43
90.50 769.41
91.00 681.27
91.50 606.78
92.00 750.92
92.50 713.72
93.00 819.55
93.50 701.84
94.00 692.15
94.50 703.88
95.00 823.54
95.50 755.23
96.00 769.68
96.50 807.55
97.00 845.73
97.50 709.21
98.00 831.57
98.50 881.62
99.00 696.67
99.50 818.58
100.00 899.47
100.50 826.55
101.00 781.99
101.50 704.45
102.00 801.23
102.50 853.79
103.00 827.54
103.50 851.40
104.00 852.80
104.50 847.76
105.00 854.71
105.50 871.90
106.00 838.20
106.50 863.06
107.00 859.07
107.50 864.08
108.00 838.20
108.50 845.48
109.00 832.96
109.50 817.37
110.00 842.19
110.50 826.40
111.00 870.09
111.50 848.92
112.00 705.27
112.50 0.00
113.00 666.74
113.50 773.24
114.00 750.47
114.50 201.41
115.00 750.24
115.50 726.61
116.00 746.89
116.50 241.29
117.00 797.32
117.50 739.60
118.00 746.81
118.50 774.29
119.00 705.46
119.50 732.35
120.00 731.77
120.50 708.44
121.00 684.10
121.50 748.22
122.00 737.70
122.50 701.55
123.00 744.75
123.50 775.29
124.00 840.71
124.50 765.04
125.00 879.45
125.50 691.65
126.00 697.64
126.50 579.92
127.00 793.49
127.50 676.25
128.00 745.15
128.50 860.84
129.00 717.66
129.50 724.22
130.00 761.41
130.50 511.91
131.00 697.38
131.50 737.50
132.00 745.20
132.50 768.46
133.00 734.70
133.50 731.78
134.00 732.19
134.50 798.57
135.00 734.82
135.50 797.98
136.00 730.83
136.50 781.46
137.00 12.00
137.50 549.84
138.00 716.80
138.50 711.89
139.00 700.76
139.50 703.03
140.00 900.00
140.50 654.79
141.00 678.95
141.50 739.52
142.00 806.47
142.50 818.10
143.00 704.81
143.50 384.62
144.00 657.56
144.50 717.77
145.00 723.85
145.50 730.41
146.00 722.57
146.50 347.47
147.00 702.67
147.50 768.33
148.00 726.04
148.50 684.76
149.00 710.75
149.50 788.45
150.00 821.12
150.50 744.53
151.00 714.45
151.50 731.97
152.00 722.37
152.50 693.25
153.00 722.63
153.50 680.93
154.00 472.05
154.50 317.56
155.00 725.51
155.50 783.83
156.00 729.02
156.50 900.00
157.00 736.06
157.50 684.99
158.00 818.78
158.50 834.79
159.00 663.76
159.50 726.49
160.00 712.89
160.50 691.16
161.00 845.73
161.50 800.91
162.00 530.08
162.50 667.19
163.00 795.74
163.50 788.55
164.00 883.50
164.50 759.26
165.00 817.14
165.50 798.51
166.00 798.40
166.50 787.70
167.00 867.20
167.50 784.66
168.00 768.35
168.50 764.72
169.00 821.96
169.50 718.88
170.00 703.30
170.50 806.02
171.00 674.12
171.50 900.00
172.00 696.21
172.50 797.22
173.00 849.68
173.50 818.99
174.00 824.58
174.50 786.05
175.00 898.32
175.50 784.61
176.00 763.46
176.50 714.27
177.00 758.15
177.50 693.42
178.00 714.22
178.50 744.17
179.00 745.03
179.50 787.87
180.00 763.38
180.50 751.03
181.00 788.98
181.50 722.82
182.00 705.66
182.50 729.71
183.00 772.67
183.50 726.19
184.00 716.77
184.50 797.47
185.00 827.56
185.50 706.96
186.00 678.10
186.50 706.94
187.00 706.67
187.50 654.37
188.00 729.73
188.50 753.10
189.00 698.62
189.50 709.39
190.00 704.27
190.50 705.44
191.00 736.98
191.50 713.22
192.00 689.10
192.50 900.00
193.00 823.16
193.50 710.78
194.00 704.36
194.50 699.89
195.00 846.37
195.50 667.97
196.00 847.39
196.50 898.33
197.00 703.62
197.50 310.26
198.00 834.18
198.50 821.08
199.00 705.08
199.50 677.46
200.00 834.03
200.50 814.11
201.00 800.38
201.50 874.27
202.00 737.20
202.50 689.42
203.00 659.11
203.50 536.31
204.00 857.87
204.50 701.35
205.00 719.65
205.50 713.49
206.00 323.67
206.50 790.94
207.00 887.87
207.50 782.33
208.00 867.59
208.50 803.63
209.00 762.81
209.50 726.95
210.00 721.21
210.50 774.68
211.00 731.02
211.50 754.61
212.00 770.85
212.50 847.45
213.00 821.88
213.50 856.67
214.00 879.41
214.50 836.57
215.00 842.77
215.50 853.07
216.00 864.27
216.50 867.36
217.00 897.13
217.50 837.18
218.00 839.83
218.50 848.65
219.00 816.19
219.50 840.38
220.00 761.30
220.50 664.94
221.00 738.45
221.50 708.85
222.00 746.94
222.50 759.44
223.00 851.74
223.50 849.67
224.00 853.04
224.50 823.36
225.00 872.30
225.50 810.76
226.00 828.40
226.50 836.31
227.00 833.15
227.50 765.35
228.00 732.60
228.50 671.56
229.00 99.21
229.50 710.69
230.00 748.29
230.50 320.98
231.00 1.78
231.50 710.74
232.00 783.56
232.50 842.65
233.00 271.48
233.50 15.88
234.00 11.05
234.50 421.31
235.00 746.22
235.50 5.05
236.00 520.07
236.50 3.69
237.00 4.47
237.50 189.64
238.00 0.21
238.50 554.39
239.00 761.02
239.50 799.21
240.00 752.30
240.50 851.52
241.00 775.80
241.50 704.61
242.00 882.53
242.50 706.26
243.00 714.74
243.50 694.45
244.00 727.76
244.50 692.48
245.00 709.27
245.50 722.77
246.00 673.66
246.50 758.19
247.00 403.80
247.50 693.92
248.00 730.00
248.50 751.32
249.00 716.50
249.50 698.08
250.00 717.85
250.50 758.25
251.00 726.96
251.50 771.62
252.00 740.97
252.50 703.67
253.00 752.73
253.50 787.73
254.00 705.95
254.50 728.36
255.00 832.63
255.50 724.08
256.00 758.63
256.50 748.30
257.00 727.95
257.50 699.87
258.00 773.87
258.50 703.44
259.00 871.00
259.50 699.54
260.00 579.10
260.50 692.34
261.00 707.46
261.50 699.61
262.00 760.47
262.50 856.26
263.00 698.56
263.50 677.49
264.00 726.56
264.50 720.94
265.00 726.98
265.50 856.99
266.00 761.49
266.50 753.24
267.00 900.00
267.50 738.74
268.00 673.93
268.50 702.89
269.00 813.18
269.50 182.58
270.00 762.31
270.50 775.43
271.00 744.78
271.50 767.24
272.00 715.14
272.50 752.88
273.00 700.53
273.50 844.92
274.00 856.44
274.50 822.43
275.00 742.56
275.50 845.94
276.00 475.78
276.50 6.95
277.00 23.55
277.50 592.84
278.00 311.85
278.50 649.96
279.00 768.65
279.50 722.90
280.00 663.62
280.50 744.66
281.00 783.02
281.50 851.46
282.00 830.75
282.50 865.43
283.00 833.65
283.50 843.49
284.00 850.95
284.50 869.19
285.00 871.46
285.50 805.66
286.00 838.64
286.50 693.82
287.00 698.17
287.50 803.62
288.00 804.67
288.50 706.20
289.00 713.27
289.50 737.16
290.00 637.83
290.50 811.66
291.00 794.91
291.50 721.15
292.00 668.48
292.50 696.98
293.00 735.85
293.50 731.92
294.00 728.60
294.50 769.70
295.00 732.69
295.50 710.80
296.00 711.79
296.50 712.39
297.00 724.95
297.50 783.03
298.00 701.98
298.50 682.04
299.00 782.06
299.50 754.72
