0.00 743.46
0.50 769.01
1.00 796.41
1.50 749.45
2.00 789.44
2.50 735.67
3.00 750.74
3.50 728.16
4.00 686.95
4.50 754.53
5.00 746.37
5.50 831.48
6.00 847.55
6.50 838.37
7.00 157.42
7.50 215.66
8.00 131.54
8.50 561.24
9.00 716.96
9.50 847.59
10.00 808.59
10.50 151.74
11.00 413.98
11.50 421.87
12.00 533.80
12.50 4.23
13.00 724.15
13.50 779.79
14.00 735.57
14.50 719.49
15.00 742.18
15.50 399.08
16.00 668.87
16.50 746.84
17.00 744.64
17.50 764.82
18.00 737.93
18.50 782.90
19.00 641.77
19.50 724.44
20.00 620.09
20.50 0.82
21.00 516.16
21.50 7.97
22.00 10.54
22.50 19.20
23.00 555.38
23.50 0.00
24.00 673.07
24.50 843.28
25.00 857.04
25.50 881.61
26.00 840.11
26.50 813.81
27.00 815.47
27.50 700.44
28.00 686.23
28.50 695.94
29.00 732.82
29.50 662.23
30.00 743.82
30.50 702.72
31.00 731.84
31.50 717.34
32.00 29.38
32.50 10.70
33.00 0.00
33.50 25.21
34.00 41.85
34.50 716.21
35.00 678.36
35.50 676.49
36.00 757.50
36.50 688.04
37.00 850.24
37.50 833.97
38.00 752.66
38.50 507.81
39.00 793.78
39.50 716.97
40.00 749.95
40.50 721.98
41.00 684.69
41.50 651.62
42.00 767.18
42.50 508.52
43.00 833.02
43.50 876.81
44.00 840.28
44.50 754.20
45.00 825.54
45.50 837.70
46.00 682.40
46.50 754.25
47.00 699.56
47.50 720.14
48.00 705.71
48.50 831.75
49.00 706.30
49.50 701.10
50.00 755.62
50.50 717.45
51.00 719.00
51.50 743.70
52.00 857.84
52.50 686.31
53.00 883.42
53.50 499.20
54.00 725.93
54.50 739.40
55.00 874.50
55.50 682.03
56.00 780.35
56.50 694.23
57.00 725.13
57.50 816.02
58.00 796.17
58.50 751.13
59.00 703.08
59.50 700.96
60.00 723.50
60.50 705.75
61.00 873.22
61.50 831.01
62.00 851.75
62.50 744.91
63.00 867.98
63.50 782.10
64.00 748.10
64.50 723.15
65.00 783.08
65.50 740.69
66.00 707.84
66.50 699.89
67.00 760.17
67.50 714.49
68.00 723.71
68.50 734.06
69.00 747.25
69.50 711.69
70.00 729.03
70.50 789.23
71.00 705.60
71.50 792.23
72.00 676.74
72.50 891.43
73.00 788.51
73.50 744.68
74.00 706.90
74.50 703.39
75.00 700.23
75.50 836.88
76.00 809.51
76.50 854.07
77.00 832.79
77.50 136.11
78.00 18.74
78.50 0.52
79.00 338.38
79.50 739.18
80.00 704.97
80.50 804.88
81.00 735.98
81.50 845.99
82.00 757.37
82.50 817.10
83.00 698.21
83.50 745.54
84.00 749.83
84.50 701.48
85.00 776.00
85.50 729.68
86.00 714.37
86.50 741.65
87.00 697.59
87.50 653.20
88.00 673.44
88.50 708.35
89.00 802.45
89.50 776.99
90.00 724.55
90.50 699.42
91.00 819.46
91.50 742.87
92.00 687.82
92.50 815.88
93.00 747.89
93.50 795.41
94.00 689.18
94.50 523.01
95.00 900.00
95.50 407.75
96.00 0.00
96.50 718.13
97.00 784.63
97.50 387.30
98.00 752.07
98.50 706.38
99.00 720.70
99.50 859.29
100.00 752.23
100.50 858.90
101.00 717.57
101.50 284.43
102.00 501.08
102.50 675.58
103.00 729.61
103.50 695.67
104.00 699.83
104.50 710.64
105.00 722.08
105.50 798.20
106.00 718.05
106.50 721.65
107.00 724.38
107.50 732.17
108.00 758.58
108.50 761.14
109.00 736.39
109.50 680.09
110.00 739.24
110.50 710.41
111.00 723.50
111.50 736.87
112.00 764.18
112.50 727.79
113.00 716.92
113.50 761.72
114.00 755.00
114.50 839.86
115.00 854.54
115.50 824.71
116.00 823.10
116.50 829.47
117.00 717.62
117.50 698.14
118.00 731.43
118.50 704.78
119.00 742.90
119.50 763.18
120.00 742.90
120.50 737.01
121.00 735.67
121.50 771.61
122.00 701.89
122.50 713.50
123.00 700.32
123.50 688.61
124.00 721.97
124.50 761.93
125.00 753.28
125.50 689.22
126.00 763.87
126.50 748.00
127.00 865.00
127.50 745.65
128.00 714.99
128.50 850.35
129.00 282.82
129.50 708.00
130.00 621.73
130.50 391.53
131.00 747.41
131.50 726.61
132.00 842.20
132.50 688.64
133.00 783.44
133.50 721.53
134.00 765.86
134.50 819.67
135.00 693.41
135.50 618.26
136.00 829.88
136.50 814.34
137.00 729.93
137.50 740.22
138.00 808.23
138.50 676.61
139.00 758.84
139.50 618.41
140.00 855.09
140.50 723.55
141.00 696.36
141.50 742.62
142.00 719.91
142.50 673.58
143.00 665.82
143.50 338.68
144.00 490.06
144.50 301.16
145.00 292.41
145.50 0.00
146.00 0.00
146.50 541.34
147.00 296.23
147.50 845.25
148.00 751.37
148.50 719.33
149.00 423.22
149.50 704.95
150.00 707.58
150.50 703.58
151.00 900.00
151.50 716.32
152.00 715.86
152.50 712.02
153.00 705.16
153.50 710.86
154.00 771.34
154.50 721.80
155.00 703.53
155.50 707.45
156.00 722.88
156.50 729.51
157.00 735.79
157.50 714.00
158.00 778.84
158.50 750.20
159.00 702.27
159.50 720.08
160.00 719.43
160.50 700.97
161.00 693.07
161.50 719.64
162.00 707.55
162.50 728.12
163.00 693.50
163.50 751.32
164.00 767.60
164.50 746.82
165.00 713.77
165.50 815.16
166.00 799.33
166.50 767.11
167.00 732.69
167.50 848.68
168.00 837.03
168.50 863.90
169.00 884.82
169.50 844.58
170.00 868.36
170.50 796.91
171.00 727.65
171.50 171.15
172.00 459.32
172.50 828.66
173.00 840.78
173.50 780.45
174.00 702.32
174.50 698.73
175.00 713.23
175.50 694.19
176.00 716.83
176.50 708.64
177.00 669.39
177.50 732.09
178.00 783.75
178.50 816.73
179.00 677.85
179.50 661.31
180.00 749.45
180.50 761.26
181.00 891.60
181.50 687.56
182.00 363.06
182.50 701.12
183.00 680.10
183.50 682.73
184.00 693.33
184.50 697.56
185.00 754.67
185.50 771.08
186.00 754.23
186.50 773.13
187.00 727.31
187.50 683.01
188.00 683.10
188.50 731.59
189.00 768.63
189.50 756.80
190.00 738.64
190.50 738.65
191.00 715.40
191.50 722.90
192.00 739.71
192.50 740.38
193.00 762.30
193.50 0.00
194.00 27.28
194.50 453.36
195.00 469.32
195.50 686.86
196.00 699.30
196.50 822.44
197.00 798.32
197.50 730.14
198.00 715.32
198.50 718.34
199.00 712.78
199.50 700.36
200.00 737.16
200.50 717.75
201.00 746.71
201.50 705.87
202.00 709.48
202.50 716.09
203.00 730.34
203.50 690.55
204.00 768.13
204.50 707.01
205.00 723.91
205.50 768.20
206.00 674.69
206.50 712.20
207.00 733.28
207.50 708.55
208.00 827.52
208.50 742.72
209.00 715.18
209.50 780.45
210.00 459.23
210.50 715.41
211.00 869.46
211.50 165.52
212.00 265.39
212.50 764.67
213.00 685.67
213.50 728.14
214.00 719.57
214.50 734.45
215.00 782.00
215.50 703.74
216.00 688.33
216.50 592.23
217.00 236.60
217.50 704.67
218.00 706.95
218.50 785.74
219.00 834.74
219.50 727.83
220.00 732.60
220.50 615.52
221.00 712.05
221.50 807.50
222.00 760.01
222.50 735.10
223.00 557.23
223.50 731.40
224.00 742.68
224.50 744.34
225.00 736.10
225.50 727.18
226.00 758.60
226.50 757.08
227.00 775.95
227.50 770.00
228.00 751.25
228.50 700.14
229.00 750.39
229.50 698.90
230.00 774.79
230.50 733.83
231.00 727.25
231.50 747.81
232.00 786.15
232.50 770.31
233.00 667.36
233.50 711.28
234.00 706.44
234.50 754.62
235.00 709.81
235.50 751.20
236.00 789.95
236.50 733.76
237.00 719.37
237.50 691.38
238.00 775.63
238.50 746.60
239.00 729.10
239.50 466.44
240.00 420.97
240.50 118.00
241.00 766.75
241.50 693.62
242.00 730.94
242.50 667.05
243.00 758.00
243.50 762.53
244.00 723.63
244.50 742.87
245.00 765.97
245.50 671.09
246.00 728.40
246.50 744.12
247.00 716.52
247.50 786.08
248.00 708.77
248.50 750.98
249.00 758.18
249.50 714.96
250.00 754.27
250.50 731.45
251.00 773.38
251.50 696.92
252.00 701.75
252.50 231.70
253.00 290.92
253.50 575.69
254.00 778.19
254.50 823.73
255.00 725.14
255.50 802.25
256.00 706.24
256.50 721.31
257.00 772.22
257.50 733.39
258.00 692.23
258.50 761.60
259.00 690.46
259.50 779.31
260.00 748.96
260.50 684.52
261.00 702.26
261.50 664.93
262.00 760.95
262.50 730.22
263.00 713.48
263.50 717.72
264.00 714.44
264.50 726.37
265.00 706.25
265.50 710.93
266.00 823.20
266.50 694.22
267.00 698.23
267.50 687.30
268.00 713.61
268.50 832.33
269.00 721.90
269.50 713.76
270.00 748.22
270.50 704.99
271.00 798.61
271.50 875.55
272.00 694.90
272.50 713.60
273.00 853.37
273.50 821.19
274.00 691.73
274.50 756.85
275.00 762.07
275.50 734.97
276.00 742.99
276.50 720.17
277.00 739.81
277.50 751.96
278.00 747.77
278.50 725.77
279.00 726.59
279.50 765.10
280.00 821.35
280.50 710.15
281.00 723.80
281.50 743.15
282.00 716.31
282.50 727.98
283.00 776.85
283.50 780.58
284.00 708.19
284.50 712.59
285.00 695.66
285.50 787.17
286.00 749.72
286.50 749.91
287.00 749.07
287.50 685.21
288.00 778.36
288.50 700.27
289.00 717.41
289.50 743.34
290.00 783.95
290.50 752.27
291.00 790.07
291.50 715.42
292.00 801.80
292.50 749.98
293.00 708.93
293.50 717.11
294.00 761.86
294.50 720.34
295.00 671.68
295.50 803.39
296.00 737.69
296.50 658.83
297.00 702.89
297.50 727.57
298.00 791.25
298.50 734.71
299.00 765.17
299.50 756.46
