0.00 721.79
0.50 750.94
1.00 780.31
1.50 699.62
2.00 737.80
2.50 728.91
3.00 671.69
3.50 710.65
4.00 746.30
4.50 749.10
5.00 760.19
5.50 740.10
6.00 752.68
6.50 749.15
7.00 680.49
7.50 786.35
8.00 688.78
8.50 683.54
9.00 736.42
9.50 677.50
10.00 725.05
10.50 735.71
11.00 739.89
11.50 750.17
12.00 720.77
12.50 659.21
13.00 722.64
13.50 744.69
14.00 686.67
14.50 706.14
15.00 736.77
15.50 720.56
16.00 748.44
16.50 679.11
17.00 697.13
17.50 771.83
18.00 757.49
18.50 696.10
19.00 780.16
19.50 745.62
20.00 738.61
20.50 757.58
21.00 699.11
21.50 142.50
22.00 704.91
22.50 550.31
23.00 317.22
23.50 761.22
24.00 780.85
24.50 710.89
25.00 801.83
25.50 692.51
26.00 679.18
26.50 700.35
27.00 708.39
27.50 296.45
28.00 710.63
28.50 706.98
29.00 723.92
29.50 785.59
30.00 734.98
30.50 704.45
31.00 788.88
31.50 712.59
32.00 706.26
32.50 728.25
33.00 749.73
33.50 852.45
34.00 725.48
34.50 796.05
35.00 818.83
35.50 722.14
36.00 680.51
36.50 698.13
37.00 763.95
37.50 722.31
38.00 762.13
38.50 770.83
39.00 735.61
39.50 727.45
40.00 708.38
40.50 768.39
41.00 735.16
41.50 727.55
42.00 810.19
42.50 743.30
43.00 708.57
43.50 709.86
44.00 738.51
44.50 706.95
45.00 714.50
45.50 728.04
46.00 749.85
46.50 740.94
47.00 698.96
47.50 804.17
48.00 709.99
48.50 721.52
49.00 723.98
49.50 699.75
50.00 651.81
50.50 726.04
51.00 396.41
51.50 787.30
52.00 692.65
52.50 689.77
53.00 839.58
53.50 854.89
54.00 847.39
54.50 0.00
55.00 392.52
55.50 0.00
56.00 12.68
56.50 7.27
57.00 4.02
57.50 10.80
58.00 0.80
58.50 0.00
59.00 0.00
59.50 0.00
60.00 8.02
60.50 328.64
61.00 302.23
61.50 294.93
62.00 773.24
62.50 786.29
63.00 720.60
63.50 762.84
64.00 788.02
64.50 726.00
65.00 746.67
65.50 748.50
66.00 807.19
66.50 672.58
67.00 762.60
67.50 746.71
68.00 741.57
68.50 806.81
69.00 845.23
69.50 850.32
70.00 817.28
70.50 755.97
71.00 693.66
71.50 745.72
72.00 743.91
72.50 745.37
73.00 693.75
73.50 699.95
74.00 752.59
74.50 722.09
75.00 167.55
75.50 689.12
76.00 681.29
76.50 722.72
77.00 710.21
77.50 751.66
78.00 706.94
78.50 690.63
79.00 731.00
79.50 666.87
80.00 818.82
80.50 766.44
81.00 691.79
81.50 764.55
82.00 772.52
82.50 746.64
83.00 688.48
83.50 707.20
84.00 682.97
84.50 755.42
85.00 757.54
85.50 723.14
86.00 713.40
86.50 731.58
87.00 781.05
87.50 767.32
88.00 695.62
88.50 690.97
89.00 709.33
89.50 703.25
90.00 741.91
90.50 755.44
91.00 781.76
91.50 713.55
92.00 699.75
92.50 711.08
93.00 724.48
93.50 605.42
94.00 741.11
94.50 799.28
95.00 874.35
95.50 847.78
96.00 870.52
96.50 846.08
97.00 769.51
97.50 381.11
98.00 741.38
98.50 899.95
99.00 760.12
99.50 824.56
100.00 798.07
100.50 725.39
101.00 781.26
101.50 735.69
102.00 636.60
102.50 757.23
103.00 757.18
103.50 715.72
104.00 741.28
104.50 749.07
105.00 712.65
105.50 715.19
106.00 757.80
106.50 719.41
107.00 708.73
107.50 699.61
108.00 774.95
108.50 345.53
109.00 708.02
109.50 722.40
110.00 688.56
110.50 434.98
111.00 707.03
111.50 713.00
112.00 831.58
112.50 791.40
113.00 722.18
113.50 736.67
114.00 746.45
114.50 712.40
115.00 720.56
115.50 691.48
116.00 706.91
116.50 764.24
117.00 699.87
117.50 341.05
118.00 671.56
118.50 764.81
119.00 767.93
119.50 708.77
120.00 737.00
120.50 717.84
121.00 722.46
121.50 731.99
122.00 723.98
122.50 718.11
123.00 697.80
123.50 706.82
124.00 278.81
124.50 524.09
125.00 758.91
125.50 716.23
126.00 786.96
126.50 741.54
127.00 858.10
127.50 753.91
128.00 857.23
128.50 836.63
129.00 817.00
129.50 714.85
130.00 715.02
130.50 706.86
131.00 727.03
131.50 783.14
132.00 752.27
132.50 795.07
133.00 726.90
133.50 533.35
134.00 720.62
134.50 741.07
135.00 784.68
135.50 701.41
136.00 252.82
136.50 707.84
137.00 174.50
137.50 843.40
138.00 719.95
138.50 773.94
139.00 769.83
139.50 758.12
140.00 673.58
140.50 759.44
141.00 652.96
141.50 742.07
142.00 711.16
142.50 700.23
143.00 723.85
143.50 687.66
144.00 744.32
144.50 860.80
145.00 840.74
145.50 218.80
146.00 0.00
146.50 21.66
147.00 728.98
147.50 729.90
148.00 709.61
148.50 716.35
149.00 676.15
149.50 752.96
150.00 829.40
150.50 810.87
151.00 266.33
151.50 0.00
152.00 723.60
152.50 805.19
153.00 785.10
153.50 688.79
154.00 809.93
154.50 772.12
155.00 746.47
155.50 738.74
156.00 704.04
156.50 710.97
157.00 687.76
157.50 748.18
158.00 856.27
158.50 708.76
159.00 875.67
159.50 882.18
160.00 738.84
160.50 327.56
161.00 771.48
161.50 730.84
162.00 716.38
162.50 788.90
163.00 723.18
163.50 736.58
164.00 805.94
164.50 725.61
165.00 704.75
165.50 714.08
166.00 791.13
166.50 702.51
167.00 768.95
167.50 732.52
168.00 733.75
168.50 818.22
169.00 805.39
169.50 900.00
170.00 693.74
170.50 722.83
171.00 900.00
171.50 229.52
172.00 721.10
172.50 808.62
173.00 745.62
173.50 755.62
174.00 804.05
174.50 681.97
175.00 690.55
175.50 700.59
176.00 677.26
176.50 740.47
177.00 736.36
177.50 740.49
178.00 763.96
178.50 731.86
179.00 764.92
179.50 671.37
180.00 718.58
180.50 732.52
181.00 696.16
181.50 764.19
182.00 820.03
182.50 760.38
183.00 707.73
183.50 793.97
184.00 741.57
184.50 742.72
185.00 771.68
185.50 675.61
186.00 746.90
186.50 758.15
187.00 826.12
187.50 750.80
188.00 820.47
188.50 747.88
189.00 701.37
189.50 848.71
190.00 886.03
190.50 821.58
191.00 193.21
191.50 302.95
192.00 451.49
192.50 736.97
193.00 871.19
193.50 743.54
194.00 726.73
194.50 708.55
195.00 645.03
195.50 720.77
196.00 521.54
196.50 657.53
197.00 734.37
197.50 793.62
198.00 871.02
198.50 798.40
199.00 716.44
199.50 721.43
200.00 711.57
200.50 714.94
201.00 833.85
201.50 834.11
202.00 692.93
202.50 900.00
203.00 816.88
203.50 694.88
204.00 768.92
204.50 744.73
205.00 763.44
205.50 753.73
206.00 688.43
206.50 765.04
207.00 727.62
207.50 714.49
208.00 754.81
208.50 739.11
209.00 728.35
209.50 680.85
210.00 728.20
210.50 780.93
211.00 697.57
211.50 735.22
212.00 725.78
212.50 645.37
213.00 722.81
213.50 697.45
214.00 116.27
214.50 0.00
215.00 8.40
215.50 0.00
216.00 312.54
216.50 707.74
217.00 737.84
217.50 714.54
218.00 700.96
218.50 709.31
219.00 269.80
219.50 690.17
220.00 825.73
220.50 900.00
221.00 887.24
221.50 683.36
222.00 756.68
222.50 741.71
223.00 527.64
223.50 10.66
224.00 1.44
224.50 22.68
225.00 253.88
225.50 692.03
226.00 691.93
226.50 714.03
227.00 712.76
227.50 721.87
228.00 67.38
228.50 663.12
229.00 678.96
229.50 723.31
230.00 703.74
230.50 708.38
231.00 672.98
231.50 736.51
232.00 794.72
232.50 703.55
233.00 710.87
233.50 517.62
234.00 458.99
234.50 898.13
235.00 526.07
235.50 725.89
236.00 751.73
236.50 686.48
237.00 689.73
237.50 673.66
238.00 851.26
238.50 778.19
239.00 679.83
239.50 740.65
240.00 717.43
240.50 660.70
241.00 720.84
241.50 742.15
242.00 722.17
242.50 748.40
243.00 740.99
243.50 856.02
244.00 682.48
244.50 445.89
245.00 344.53
245.50 687.30
246.00 743.89
246.50 801.49
247.00 754.84
247.50 338.02
248.00 748.45
248.50 767.25
249.00 660.91
249.50 767.14
250.00 771.46
250.50 788.40
251.00 813.47
251.50 833.24
252.00 830.15
252.50 867.00
253.00 723.22
253.50 706.27
254.00 292.54
254.50 864.23
255.00 704.30
255.50 820.29
256.00 800.01
256.50 726.03
257.00 663.06
257.50 777.82
258.00 746.48
258.50 729.54
259.00 707.43
259.50 737.50
260.00 743.24
260.50 737.32
261.00 314.30
261.50 760.78
262.00 825.04
262.50 855.82
263.00 826.64
263.50 828.82
264.00 837.38
264.50 708.40
265.00 745.30
265.50 703.06
266.00 776.36
266.50 703.39
267.00 595.29
267.50 320.05
268.00 700.98
268.50 0.00
269.00 0.00
269.50 0.00
270.00 0.00
270.50 0.38
271.00 90.61
271.50 751.76
272.00 696.29
272.50 600.74
273.00 302.46
273.50 362.15
274.00 679.34
274.50 830.88
275.00 787.69
275.50 747.76
276.00 754.80
276.50 777.87
277.00 707.21
277.50 735.21
278.00 763.10
278.50 771.19
279.00 705.95
279.50 724.58
280.00 749.33
280.50 757.10
281.00 716.47
281.50 642.57
282.00 724.46
282.50 745.85
283.00 763.10
283.50 801.88
284.00 752.31
284.50 711.97
285.00 705.58
285.50 739.61
286.00 791.44
286.50 704.97
287.00 759.95
287.50 747.03
288.00 747.24
288.50 718.23
289.00 759.46
289.50 730.16
290.00 539.49
290.50 503.16
291.00 714.78
291.50 694.28
292.00 706.17
292.50 340.11
293.00 740.54
293.50 669.91
294.00 720.30
294.50 729.94
295.00 727.66
295.50 803.93
296.00 793.52
296.50 684.74
297.00 154.89
297.50 534.12
298.00 718.23
298.50 632.61
299.00 730.92
299.50 764.09
