0.00 725.10
0.50 753.49
1.00 734.25
1.50 711.30
2.00 717.25
2.50 752.90
3.00 788.69
3.50 721.36
4.00 802.11
4.50 665.98
5.00 502.08
5.50 461.17
6.00 700.01
6.50 519.64
7.00 668.06
7.50 704.80
8.00 692.12
8.50 724.68
9.00 724.55
9.50 720.10
10.00 731.69
10.50 682.79
11.00 730.56
11.50 710.03
12.00 714.36
12.50 847.69
13.00 818.45
13.50 784.94
14.00 742.41
14.50 704.25
15.00 840.34
15.50 756.45
16.00 755.58
16.50 755.32
17.00 729.47
17.50 757.78
18.00 71.95
18.50 599.87
19.00 237.96
19.50 776.87
20.00 760.16
20.50 759.46
21.00 724.21
21.50 746.25
22.00 734.90
22.50 727.83
23.00 724.38
23.50 701.72
24.00 767.23
24.50 692.62
25.00 700.85
25.50 726.73
26.00 761.37
26.50 664.68
27.00 704.80
27.50 691.61
28.00 826.77
28.50 741.56
29.00 711.39
29.50 725.55
30.00 691.10
30.50 719.07
31.00 720.93
31.50 692.28
32.00 814.58
32.50 720.44
33.00 710.95
33.50 669.82
34.00 707.62
34.50 705.06
35.00 680.05
35.50 732.06
36.00 770.71
36.50 798.88
37.00 729.50
37.50 746.69
38.00 708.36
38.50 716.56
39.00 802.82
39.50 860.75
40.00 828.80
40.50 825.32
41.00 822.55
41.50 798.42
42.00 751.92
42.50 826.12
43.00 700.02
43.50 791.11
44.00 754.96
44.50 721.56
45.00 852.33
45.50 781.55
46.00 726.44
46.50 740.55
47.00 706.89
47.50 700.39
48.00 722.06
48.50 742.10
49.00 753.83
49.50 755.89
50.00 738.60
50.50 779.28
51.00 741.74
51.50 691.49
52.00 754.86
52.50 731.58
53.00 411.87
53.50 0.00
54.00 44.11
54.50 9.34
55.00 0.00
55.50 16.21
56.00 77.55
56.50 11.77
57.00 1.28
57.50 0.00
58.00 374.73
58.50 784.46
59.00 703.69
59.50 779.54
60.00 684.88
60.50 839.75
61.00 847.44
61.50 699.19
62.00 703.51
62.50 353.11
63.00 638.69
63.50 21.56
64.00 0.78
64.50 346.53
65.00 528.51
65.50 22.06
66.00 208.90
66.50 402.00
67.00 738.67
67.50 681.73
68.00 732.15
68.50 670.36
69.00 684.10
69.50 728.95
70.00 860.20
70.50 823.72
71.00 842.55
71.50 826.63
72.00 812.84
72.50 825.00
73.00 820.16
73.50 843.79
74.00 859.59
74.50 832.32
75.00 848.20
75.50 868.40
76.00 860.50
76.50 833.19
77.00 829.31
77.50 852.09
78.00 830.81
78.50 721.25
79.00 736.82
79.50 697.47
80.00 726.90
80.50 772.87
81.00 710.37
81.50 753.10
82.00 727.18
82.50 679.32
83.00 762.77
83.50 733.50
84.00 60.45
84.50 7.81
85.00 361.85
85.50 8.23
86.00 0.00
86.50 9.08
87.00 24.53
87.50 0.00
88.00 17.62
88.50 299.33
89.00 365.83
89.50 18.21
90.00 12.88
90.50 10.45
91.00 173.27
91.50 159.21
92.00 65.17
92.50 684.89
93.00 701.51
93.50 854.54
94.00 686.54
94.50 668.72
95.00 782.61
95.50 737.49
96.00 717.46
96.50 741.63
97.00 732.16
97.50 752.01
98.00 701.80
98.50 732.68
99.00 767.94
99.50 764.97
100.00 732.34
100.50 684.74
101.00 735.55
101.50 752.39
102.00 753.70
102.50 753.50
103.00 711.82
103.50 763.46
104.00 710.07
104.50 723.82
105.00 711.73
105.50 703.17
106.00 735.49
106.50 712.76
107.00 713.21
107.50 757.83
108.00 756.37
108.50 731.36
109.00 784.73
109.50 752.49
110.00 806.43
110.50 758.74
111.00 724.78
111.50 736.99
112.00 760.82
112.50 695.63
113.00 767.73
113.50 664.72
114.00 679.35
114.50 739.84
115.00 682.72
115.50 718.42
116.00 733.39
116.50 578.03
117.00 557.85
117.50 635.93
118.00 14.32
118.50 437.86
119.00 774.83
119.50 800.56
120.00 722.62
120.50 664.13
121.00 548.68
121.50 743.93
122.00 720.47
122.50 18.89
123.00 0.00
123.50 747.85
124.00 696.71
124.50 746.45
125.00 726.54
125.50 799.71
126.00 714.63
126.50 763.12
127.00 729.67
127.50 754.92
128.00 665.37
128.50 713.77
129.00 711.45
129.50 819.47
130.00 683.69
130.50 693.26
131.00 803.62
131.50 760.66
132.00 725.49
132.50 721.72
133.00 688.64
133.50 653.31
134.00 768.92
134.50 724.02
135.00 726.79
135.50 300.62
136.00 736.21
136.50 753.12
137.00 756.12
137.50 727.42
138.00 753.13
138.50 678.97
139.00 810.05
139.50 809.16
140.00 715.31
140.50 861.62
141.00 731.66
141.50 838.88
142.00 827.68
142.50 864.13
143.00 700.83
143.50 722.22
144.00 700.23
144.50 757.44
145.00 700.99
145.50 699.06
146.00 743.62
146.50 726.11
147.00 790.96
147.50 731.72
148.00 790.54
148.50 800.32
149.00 790.81
149.50 782.80
150.00 780.52
150.50 784.73
151.00 867.96
151.50 761.60
152.00 825.17
152.50 710.32
153.00 708.22
153.50 781.72
154.00 693.03
154.50 793.95
155.00 876.69
155.50 862.90
156.00 679.08
156.50 689.83
157.00 679.89
157.50 732.26
158.00 708.61
158.50 687.42
159.00 847.29
159.50 721.91
160.00 425.87
160.50 746.39
161.00 742.89
161.50 763.08
162.00 764.43
162.50 703.44
163.00 719.22
163.50 688.98
164.00 719.91
164.50 706.05
165.00 777.12
165.50 726.87
166.00 685.20
166.50 764.01
167.00 723.54
167.50 770.55
168.00 718.62
168.50 744.38
169.00 715.45
169.50 717.22
170.00 693.12
170.50 741.54
171.00 823.30
171.50 748.15
172.00 766.22
172.50 836.74
173.00 703.67
173.50 763.64
174.00 755.87
174.50 746.55
175.00 701.64
175.50 696.35
176.00 814.56
176.50 675.78
177.00 876.46
177.50 671.75
178.00 725.70
178.50 760.30
179.00 760.99
179.50 729.12
180.00 720.60
180.50 738.34
181.00 799.69
181.50 725.15
182.00 714.28
182.50 725.97
183.00 692.27
183.50 687.40
184.00 759.92
184.50 718.46
185.00 799.00
185.50 772.01
186.00 724.53
186.50 721.74
187.00 838.13
187.50 700.96
188.00 717.36
188.50 690.81
189.00 708.29
189.50 730.07
190.00 709.98
190.50 722.68
191.00 665.28
191.50 730.64
192.00 750.61
192.50 712.71
193.00 730.11
193.50 698.83
194.00 752.68
194.50 731.96
195.00 738.72
195.50 696.63
196.00 774.21
196.50 723.15
197.00 730.42
197.50 746.28
198.00 666.78
198.50 688.04
199.00 216.40
199.50 359.45
200.00 242.39
200.50 0.00
201.00 28.43
201.50 4.89
202.00 727.01
202.50 734.41
203.00 693.52
203.50 712.96
204.00 712.08
204.50 768.13
205.00 664.72
205.50 729.71
206.00 674.46
206.50 782.37
207.00 737.73
207.50 703.89
208.00 719.75
208.50 767.35
209.00 731.92
209.50 773.91
210.00 738.01
210.50 750.48
211.00 679.08
211.50 791.57
212.00 709.72
212.50 685.63
213.00 786.75
213.50 758.57
214.00 860.58
214.50 848.53
215.00 733.06
215.50 721.75
216.00 716.66
216.50 710.98
217.00 724.31
217.50 743.04
218.00 761.89
218.50 727.24
219.00 742.29
219.50 665.51
220.00 690.53
220.50 731.06
221.00 709.69
221.50 694.06
222.00 650.77
222.50 695.76
223.00 751.91
223.50 699.69
224.00 722.28
224.50 758.21
225.00 784.81
225.50 678.97
226.00 762.37
226.50 742.48
227.00 705.75
227.50 747.94
228.00 717.94
228.50 756.88
229.00 715.88
229.50 706.36
230.00 688.34
230.50 36.76
231.00 731.65
231.50 757.06
232.00 732.42
232.50 707.13
233.00 687.95
233.50 727.31
234.00 726.35
234.50 724.48
235.00 741.87
235.50 0.00
236.00 41.41
236.50 23.47
237.00 7.04
237.50 27.31
238.00 661.21
238.50 18.90
239.00 455.55
239.50 24.47
240.00 5.45
240.50 741.31
241.00 736.07
241.50 682.25
242.00 743.05
242.50 737.02
243.00 705.81
243.50 719.22
244.00 702.62
244.50 741.33
245.00 724.05
245.50 702.73
246.00 694.09
246.50 674.59
247.00 723.21
247.50 740.43
248.00 756.56
248.50 736.17
249.00 700.10
249.50 715.02
250.00 758.33
250.50 720.39
251.00 800.88
251.50 728.07
252.00 702.67
252.50 734.12
253.00 733.10
253.50 780.55
254.00 727.10
254.50 769.25
255.00 768.42
255.50 749.91
256.00 731.02
256.50 728.89
257.00 808.49
257.50 758.52
258.00 792.88
258.50 726.98
259.00 734.79
259.50 725.73
260.00 704.35
260.50 726.88
261.00 745.80
261.50 761.40
262.00 786.11
262.50 707.88
263.00 711.21
263.50 680.05
264.00 720.86
264.50 737.43
265.00 853.08
265.50 651.76
266.00 696.20
266.50 750.22
267.00 701.52
267.50 787.49
268.00 697.01
268.50 721.33
269.00 719.97
269.50 704.78
270.00 702.69
270.50 822.29
271.00 800.66
271.50 766.92
272.00 651.55
272.50 769.50
273.00 900.00
273.50 790.43
274.00 783.32
274.50 715.93
275.00 726.85
275.50 713.71
276.00 807.44
276.50 766.36
277.00 892.11
277.50 702.82
278.00 714.42
278.50 704.18
279.00 668.34
279.50 695.34
280.00 692.35
280.50 94.96
281.00 900.00
281.50 796.05
282.00 711.19
282.50 697.94
283.00 722.15
283.50 790.73
284.00 828.26
284.50 806.93
285.00 837.03
285.50 729.13
286.00 807.66
286.50 725.59
287.00 718.53
287.50 739.77
288.00 793.18
288.50 765.80
289.00 732.29
289.50 760.09
290.00 681.81
290.50 743.70
291.00 740.84
291.50 705.97
292.00 767.21
292.50 749.93
293.00 712.50
293.50 741.52
294.00 755.18
294.50 713.21
295.00 767.11
295.50 737.13
296.00 801.93
296.50 744.34
297.00 753.03
297.50 703.83
298.00 789.48
298.50 793.25
299.00 709.73
299.50 700.71
