0.00 751.35
0.50 729.23
1.00 720.20
1.50 699.83
2.00 714.31
2.50 724.82
3.00 772.69
3.50 758.59
4.00 691.22
4.50 727.32
5.00 696.04
5.50 681.19
6.00 734.35
6.50 715.39
7.00 302.48
7.50 717.21
8.00 762.42
8.50 719.20
9.00 735.12
9.50 348.79
10.00 399.94
10.50 207.10
11.00 727.61
11.50 827.17
12.00 823.75
12.50 865.54
13.00 724.35
13.50 730.80
14.00 696.88
14.50 476.73
15.00 700.31
15.50 730.22
16.00 534.88
16.50 772.81
17.00 533.83
17.50 510.58
18.00 754.98
18.50 795.61
19.00 683.11
19.50 774.09
20.00 781.86
20.50 693.59
21.00 777.45
21.50 702.58
22.00 700.64
22.50 752.29
23.00 782.92
23.50 698.90
24.00 676.29
24.50 750.84
25.00 722.59
25.50 694.28
26.00 723.15
26.50 810.13
27.00 687.25
27.50 685.67
28.00 811.54
28.50 852.92
29.00 738.06
29.50 751.86
30.00 817.10
30.50 709.39
31.00 704.19
31.50 666.16
32.00 521.08
32.50 163.97
33.00 277.94
33.50 5.02
34.00 700.10
34.50 848.12
35.00 732.41
35.50 695.27
36.00 797.74
36.50 786.75
37.00 718.60
37.50 550.41
38.00 662.57
38.50 722.61
39.00 690.67
39.50 747.88
40.00 794.12
40.50 808.99
41.00 702.01
41.50 738.31
42.00 753.85
42.50 681.28
43.00 727.52
43.50 726.35
44.00 710.93
44.50 755.98
45.00 790.57
45.50 698.03
46.00 733.48
46.50 761.07
47.00 699.53
47.50 749.85
48.00 712.69
48.50 782.40
49.00 726.89
49.50 717.29
50.00 591.81
50.50 834.93
51.00 720.75
51.50 854.12
52.00 751.82
52.50 784.48
53.00 742.04
53.50 767.80
54.00 698.59
54.50 693.83
55.00 736.32
55.50 789.68
56.00 738.24
56.50 734.54
57.00 728.89
57.50 775.63
58.00 704.36
58.50 787.55
59.00 777.37
59.50 734.47
60.00 730.03
60.50 728.82
61.00 729.44
61.50 683.82
62.00 707.65
62.50 715.05
63.00 749.42
63.50 701.40
64.00 727.08
64.50 726.30
65.00 730.20
65.50 717.30
66.00 778.01
66.50 714.38
67.00 727.75
67.50 708.38
68.00 765.26
68.50 689.13
69.00 682.39
69.50 705.90
70.00 753.63
70.50 768.80
71.00 731.85
71.50 748.11
72.00 718.02
72.50 715.10
73.00 745.33
73.50 703.51
74.00 744.15
74.50 682.04
75.00 670.49
75.50 768.06
76.00 746.47
76.50 790.56
77.00 701.52
77.50 795.87
78.00 732.77
78.50 724.29
79.00 730.46
79.50 709.12
80.00 814.34
80.50 754.61
81.00 713.59
81.50 716.03
82.00 680.82
82.50 728.76
83.00 769.98
83.50 755.27
84.00 755.79
84.50 726.37
85.00 732.23
85.50 262.20
86.00 0.00
86.50 770.76
87.00 746.16
87.50 734.95
88.00 737.26
88.50 723.55
89.00 760.73
89.50 756.50
90.00 683.60
90.50 722.50
91.00 779.05
91.50 731.18
92.00 754.09
92.50 754.65
93.00 727.64
93.50 776.85
94.00 741.93
94.50 729.24
95.00 0.00
95.50 151.29
96.00 403.00
96.50 752.77
97.00 761.09
97.50 759.09
98.00 788.42
98.50 708.05
99.00 825.70
99.50 848.39
100.00 818.53
100.50 820.97
101.00 705.77
101.50 326.72
102.00 442.37
102.50 152.51
103.00 815.82
103.50 768.03
104.00 504.86
104.50 527.43
105.00 647.79
105.50 727.48
106.00 729.34
106.50 721.07
107.00 729.21
107.50 728.35
108.00 892.45
108.50 728.74
109.00 699.19
109.50 625.59
110.00 552.39
110.50 7.26
111.00 6.19
111.50 110.43
112.00 758.65
112.50 703.40
113.00 882.27
113.50 790.77
114.00 798.08
114.50 702.78
115.00 694.60
115.50 687.72
116.00 837.44
116.50 805.05
117.00 563.40
117.50 409.73
118.00 691.77
118.50 851.92
119.00 706.07
119.50 675.99
120.00 696.79
120.50 720.59
121.00 804.94
121.50 728.39
122.00 103.73
122.50 135.91
123.00 380.19
123.50 447.42
124.00 434.77
124.50 14.15
125.00 7.77
125.50 512.87
126.00 729.62
126.50 753.27
127.00 716.43
127.50 437.60
128.00 769.29
128.50 741.93
129.00 761.67
129.50 830.65
130.00 850.29
130.50 339.43
131.00 797.88
131.50 9.11
132.00 580.34
132.50 692.65
133.00 745.36
133.50 734.52
134.00 837.37
134.50 748.31
135.00 812.45
135.50 744.49
136.00 332.12
136.50 425.84
137.00 92.97
137.50 90.81
138.00 738.97
138.50 689.94
139.00 843.31
139.50 821.76
140.00 695.40
140.50 695.12
141.00 789.45
141.50 756.06
142.00 838.97
142.50 846.10
143.00 708.57
143.50 877.70
144.00 900.00
144.50 845.66
145.00 761.74
145.50 851.52
146.00 834.45
146.50 362.13
147.00 761.79
147.50 706.32
148.00 678.54
148.50 726.85
149.00 659.95
149.50 687.89
150.00 711.05
150.50 697.10
151.00 714.78
151.50 802.98
152.00 715.37
152.50 684.80
153.00 681.68
153.50 727.49
154.00 696.98
154.50 541.76
155.00 718.68
155.50 753.46
156.00 712.97
156.50 700.47
157.00 707.47
157.50 773.12
158.00 735.70
158.50 733.75
159.00 796.71
159.50 726.62
160.00 676.56
160.50 720.28
161.00 746.47
161.50 717.32
162.00 759.40
162.50 743.73
163.00 710.68
163.50 749.05
164.00 734.67
164.50 781.83
165.00 775.28
165.50 714.73
166.00 772.42
166.50 738.53
167.00 709.23
167.50 732.14
168.00 653.50
168.50 770.36
169.00 708.15
169.50 679.71
170.00 243.87
170.50 740.85
171.00 682.37
171.50 702.43
172.00 699.58
172.50 751.14
173.00 739.79
173.50 733.19
174.00 734.38
174.50 756.70
175.00 675.71
175.50 696.85
176.00 791.26
176.50 763.39
177.00 710.46
177.50 737.64
178.00 702.38
178.50 686.67
179.00 730.71
179.50 730.98
180.00 719.30
180.50 748.77
181.00 725.10
181.50 761.05
182.00 777.22
182.50 688.89
183.00 740.73
183.50 767.48
184.00 750.28
184.50 709.24
185.00 696.48
185.50 817.64
186.00 756.59
186.50 217.39
187.00 311.36
187.50 767.22
188.00 706.43
188.50 748.50
189.00 718.45
189.50 709.50
190.00 726.84
190.50 735.18
191.00 763.86
191.50 739.35
192.00 759.57
192.50 710.12
193.00 680.57
193.50 679.86
194.00 737.95
194.50 724.19
195.00 470.32
195.50 728.17
196.00 735.00
196.50 763.22
197.00 678.88
197.50 781.55
198.00 719.01
198.50 722.12
199.00 898.46
199.50 748.89
200.00 735.31
200.50 713.11
201.00 735.28
201.50 748.98
202.00 683.06
202.50 716.81
203.00 703.59
203.50 676.03
204.00 733.27
204.50 712.42
205.00 703.95
205.50 427.30
206.00 696.58
206.50 703.24
207.00 684.43
207.50 710.07
208.00 731.32
208.50 685.80
209.00 699.25
209.50 713.48
210.00 700.76
210.50 680.79
211.00 709.48
211.50 900.00
212.00 713.31
212.50 682.83
213.00 807.94
213.50 863.21
214.00 699.59
214.50 700.78
215.00 826.97
215.50 699.84
216.00 710.93
216.50 871.77
217.00 691.57
217.50 731.17
218.00 833.10
218.50 731.13
219.00 693.14
219.50 790.80
220.00 753.83
220.50 346.00
221.00 811.70
221.50 768.89
222.00 745.32
222.50 778.66
223.00 794.56
223.50 785.24
224.00 743.13
224.50 761.39
225.00 719.61
225.50 756.25
226.00 0.00
226.50 317.94
227.00 0.23
227.50 8.90
228.00 16.14
228.50 14.19
229.00 196.98
229.50 609.81
230.00 128.03
230.50 521.56
231.00 243.66
231.50 338.63
232.00 774.72
232.50 814.84
233.00 740.03
233.50 203.69
234.00 2.28
234.50 8.44
235.00 20.19
235.50 5.72
236.00 230.09
236.50 22.24
237.00 6.71
237.50 5.04
238.00 0.00
238.50 13.89
239.00 28.10
239.50 608.49
240.00 6.48
240.50 672.81
241.00 774.73
241.50 714.85
242.00 711.45
242.50 681.27
243.00 715.88
243.50 746.45
244.00 733.25
244.50 281.87
245.00 0.55
245.50 113.62
246.00 318.70
246.50 537.75
247.00 7.36
247.50 0.00
248.00 203.45
248.50 17.74
249.00 1.61
249.50 724.01
250.00 694.89
250.50 750.47
251.00 511.39
251.50 694.28
252.00 709.21
252.50 742.96
253.00 724.98
253.50 703.35
254.00 705.76
254.50 750.39
255.00 731.15
255.50 696.57
256.00 765.57
256.50 722.57
257.00 725.11
257.50 729.31
258.00 797.23
258.50 769.15
259.00 762.34
259.50 716.68
260.00 733.08
260.50 688.98
261.00 764.25
261.50 237.46
262.00 777.42
262.50 698.13
263.00 826.36
263.50 714.79
264.00 824.66
264.50 724.57
265.00 705.76
265.50 799.33
266.00 815.13
266.50 715.25
267.00 704.78
267.50 672.31
268.00 684.14
268.50 4.01
269.00 525.41
269.50 797.00
270.00 770.82
270.50 747.64
271.00 590.16
271.50 824.79
272.00 742.34
272.50 715.27
273.00 777.40
273.50 720.31
274.00 719.58
274.50 773.34
275.00 739.15
275.50 752.60
276.00 723.04
276.50 737.21
277.00 769.10
277.50 710.28
278.00 726.16
278.50 786.73
279.00 764.83
279.50 692.77
280.00 781.03
280.50 756.65
281.00 742.75
281.50 761.08
282.00 787.08
282.50 788.04
283.00 712.95
283.50 723.50
284.00 705.73
284.50 723.35
285.00 658.82
285.50 690.90
286.00 707.71
286.50 762.35
287.00 793.98
287.50 710.76
288.00 749.34
288.50 710.32
289.00 665.96
289.50 757.34
290.00 713.21
290.50 714.21
291.00 751.55
291.50 870.74
292.00 743.21
292.50 683.33
293.00 733.42
293.50 829.26
294.00 852.04
294.50 691.47
295.00 693.27
295.50 658.98
296.00 712.75
296.50 286.58
297.00 652.89
297.50 710.64
298.00 714.79
298.50 700.46
299.00 854.24
299.50 814.09
