0.00 681.81
0.50 754.88
1.00 729.94
1.50 730.01
2.00 773.57
2.50 725.13
3.00 775.17
3.50 724.69
4.00 760.68
4.50 699.58
5.00 770.57
5.50 718.81
6.00 774.57
6.50 775.51
7.00 757.41
7.50 652.83
8.00 767.11
8.50 743.11
9.00 666.81
9.50 766.25
10.00 808.74
10.50 751.02
11.00 699.14
11.50 762.26
12.00 713.20
12.50 709.74
13.00 760.27
13.50 699.62
14.00 764.59
14.50 724.20
15.00 740.00
15.50 728.03
16.00 766.28
16.50 57.28
17.00 220.74
17.50 557.50
18.00 664.60
18.50 668.94
19.00 848.77
19.50 698.53
20.00 729.53
20.50 666.25
21.00 838.39
21.50 743.40
22.00 722.95
22.50 734.98
23.00 755.75
23.50 727.83
24.00 883.97
24.50 852.79
25.00 799.00
25.50 866.17
26.00 730.02
26.50 708.68
27.00 789.07
27.50 745.37
28.00 701.24
28.50 721.42
29.00 678.75
29.50 679.59
30.00 686.42
30.50 866.08
31.00 718.52
31.50 800.25
32.00 731.24
32.50 790.78
33.00 697.01
33.50 689.12
34.00 751.29
34.50 703.33
35.00 694.30
35.50 759.72
36.00 847.15
36.50 702.41
37.00 840.38
37.50 678.70
38.00 834.26
38.50 831.59
39.00 752.32
39.50 697.20
40.00 704.80
40.50 811.34
41.00 847.91
41.50 690.77
42.00 707.43
42.50 722.07
43.00 701.78
43.50 851.07
44.00 707.50
44.50 801.23
45.00 750.17
45.50 5.86
46.00 14.97
46.50 14.67
47.00 380.62
47.50 13.04
48.00 51.28
48.50 157.62
49.00 782.51
49.50 814.00
50.00 821.22
50.50 727.00
51.00 764.33
51.50 706.17
52.00 162.68
52.50 682.86
53.00 614.86
53.50 380.40
54.00 725.43
54.50 702.74
55.00 754.06
55.50 768.89
56.00 744.06
56.50 745.61
57.00 760.36
57.50 743.35
58.00 761.94
58.50 733.27
59.00 742.02
59.50 740.47
60.00 763.66
60.50 677.96
61.00 775.32
61.50 706.09
62.00 777.85
62.50 718.89
63.00 752.74
63.50 746.44
64.00 741.25
64.50 731.88
65.00 701.95
65.50 737.72
66.00 742.19
66.50 709.17
67.00 758.40
67.50 782.46
68.00 785.54
68.50 748.89
69.00 712.76
69.50 760.93
70.00 752.14
70.50 701.79
71.00 754.05
71.50 773.05
72.00 746.51
72.50 713.48
73.00 753.82
73.50 746.16
74.00 752.29
74.50 770.30
75.00 721.14
75.50 760.38
76.00 728.28
76.50 686.88
77.00 701.41
77.50 746.12
78.00 752.93
78.50 676.05
79.00 726.23
79.50 708.11
80.00 774.08
80.50 816.39
81.00 753.11
81.50 856.97
82.00 843.32
82.50 855.61
83.00 771.88
83.50 801.74
84.00 807.12
84.50 738.05
85.00 665.56
85.50 708.17
86.00 747.22
86.50 782.21
87.00 711.26
87.50 815.32
88.00 784.38
88.50 798.73
89.00 713.74
89.50 732.32
90.00 683.02
90.50 817.87
91.00 722.68
91.50 851.95
92.00 699.08
92.50 762.36
93.00 669.42
93.50 747.98
94.00 800.18
94.50 751.32
95.00 763.63
95.50 744.74
96.00 793.62
96.50 764.20
97.00 739.71
97.50 753.92
98.00 669.93
98.50 724.66
99.00 754.35
99.50 767.32
100.00 725.96
100.50 753.03
101.00 735.06
101.50 682.44
102.00 5.77
102.50 3.33
103.00 22.08
103.50 617.63
104.00 877.60
104.50 714.43
105.00 743.87
105.50 786.90
106.00 727.85
106.50 727.63
107.00 731.17
107.50 740.86
108.00 708.91
108.50 696.32
109.00 711.88
109.50 742.04
110.00 710.35
110.50 731.57
111.00 769.51
111.50 723.74
112.00 689.72
112.50 707.62
113.00 737.32
113.50 373.45
114.00 711.99
114.50 749.81
115.00 687.30
115.50 733.79
116.00 873.89
116.50 750.43
117.00 791.43
117.50 387.80
118.00 589.72
118.50 684.30
119.00 748.63
119.50 721.40
120.00 891.18
120.50 868.63
121.00 779.28
121.50 689.54
122.00 723.15
122.50 704.37
123.00 751.75
123.50 724.20
124.00 690.60
124.50 756.84
125.00 773.09
125.50 705.98
126.00 728.27
126.50 687.18
127.00 788.00
127.50 795.10
128.00 742.26
128.50 732.86
129.00 716.51
129.50 676.19
130.00 770.69
130.50 796.72
131.00 758.35
131.50 743.00
132.00 691.60
132.50 752.19
133.00 730.06
133.50 4.40
134.00 288.89
134.50 767.52
135.00 772.00
135.50 741.85
136.00 737.48
136.50 776.52
137.00 528.54
137.50 469.32
138.00 451.58
138.50 217.40
139.00 771.35
139.50 800.62
140.00 833.68
140.50 826.86
141.00 870.85
141.50 814.73
142.00 836.47
142.50 843.96
143.00 731.06
143.50 823.35
144.00 872.60
144.50 847.03
145.00 708.64
145.50 732.69
146.00 749.88
146.50 720.59
147.00 687.43
147.50 715.21
148.00 687.95
148.50 669.90
149.00 737.28
149.50 726.46
150.00 757.18
150.50 697.09
151.00 775.42
151.50 745.02
152.00 714.18
152.50 739.26
153.00 713.82
153.50 715.59
154.00 734.75
154.50 683.02
155.00 732.45
155.50 719.48
156.00 731.66
156.50 767.09
157.00 730.69
157.50 712.58
158.00 715.10
158.50 772.57
159.00 785.35
159.50 716.00
160.00 703.48
160.50 735.01
161.00 708.26
161.50 739.73
162.00 748.67
162.50 741.36
163.00 745.31
163.50 735.90
164.00 833.27
164.50 804.65
165.00 703.66
165.50 720.90
166.00 699.88
166.50 766.56
167.00 689.49
167.50 716.58
168.00 881.75
168.50 733.06
169.00 705.49
169.50 709.18
170.00 840.02
170.50 704.13
171.00 663.02
171.50 432.63
172.00 751.76
172.50 837.19
173.00 873.42
173.50 839.55
174.00 801.71
174.50 798.77
175.00 735.75
175.50 270.74
176.00 349.00
176.50 843.85
177.00 692.89
177.50 541.66
178.00 732.03
178.50 718.63
179.00 794.00
179.50 821.31
180.00 717.57
180.50 776.85
181.00 688.91
181.50 788.80
182.00 827.02
182.50 728.72
183.00 839.37
183.50 841.35
184.00 857.80
184.50 829.91
185.00 817.42
185.50 680.52
186.00 725.02
186.50 838.66
187.00 703.55
187.50 694.64
188.00 805.54
188.50 831.35
189.00 802.25
189.50 838.39
190.00 770.87
190.50 804.53
191.00 733.16
191.50 677.60
192.00 681.24
192.50 744.51
193.00 715.18
193.50 699.30
194.00 707.39
194.50 669.51
195.00 753.05
195.50 674.38
196.00 732.11
196.50 709.34
197.00 699.49
197.50 732.02
198.00 672.79
198.50 713.45
199.00 704.72
199.50 797.52
200.00 900.00
200.50 869.44
201.00 692.55
201.50 585.99
202.00 373.18
202.50 708.58
203.00 727.98
203.50 812.11
204.00 809.25
204.50 761.07
205.00 808.83
205.50 804.60
206.00 707.17
206.50 698.00
207.00 687.63
207.50 686.58
208.00 730.53
208.50 752.04
209.00 688.17
209.50 798.45
210.00 729.09
210.50 828.11
211.00 701.02
211.50 753.46
212.00 854.08
212.50 667.73
213.00 673.04
213.50 318.59
214.00 676.99
214.50 738.56
215.00 900.00
215.50 697.42
216.00 774.94
216.50 752.19
217.00 748.15
217.50 743.59
218.00 773.51
218.50 709.43
219.00 754.58
219.50 699.83
220.00 728.19
220.50 796.79
221.00 697.54
221.50 714.13
222.00 765.17
222.50 758.92
223.00 768.10
223.50 724.51
224.00 708.84
224.50 749.09
225.00 747.05
225.50 734.60
226.00 742.20
226.50 707.61
227.00 773.34
227.50 735.05
228.00 695.27
228.50 707.63
229.00 686.77
229.50 758.63
230.00 655.78
230.50 342.60
231.00 462.32
231.50 727.46
232.00 856.98
232.50 708.34
233.00 720.09
233.50 766.74
234.00 838.50
234.50 828.06
235.00 862.35
235.50 876.01
236.00 863.13
236.50 833.39
237.00 832.87
237.50 830.19
238.00 859.50
238.50 836.58
239.00 707.06
239.50 755.88
240.00 713.93
240.50 716.45
241.00 741.16
241.50 722.00
242.00 310.00
242.50 721.48
243.00 722.30
243.50 698.59
244.00 666.59
244.50 754.75
245.00 708.47
245.50 780.79
246.00 777.34
246.50 878.24
247.00 777.72
247.50 729.99
248.00 677.42
248.50 466.06
249.00 445.30
249.50 865.85
250.00 272.00
250.50 426.11
251.00 713.57
251.50 787.44
252.00 725.31
252.50 697.57
253.00 702.12
253.50 697.44
254.00 741.92
254.50 717.11
255.00 714.43
255.50 762.45
256.00 709.81
256.50 772.23
257.00 794.15
257.50 705.48
258.00 747.20
258.50 504.00
259.00 718.96
259.50 695.04
260.00 380.89
260.50 414.94
261.00 762.33
261.50 772.52
262.00 719.34
262.50 746.46
263.00 695.48
263.50 746.25
264.00 771.82
264.50 715.97
265.00 752.01
265.50 702.59
266.00 750.79
266.50 716.71
267.00 451.46
267.50 709.27
268.00 760.28
268.50 743.99
269.00 568.41
269.50 84.44
270.00 233.65
270.50 732.51
271.00 739.67
271.50 708.81
272.00 162.36
272.50 836.72
273.00 829.75
273.50 780.08
274.00 876.06
274.50 869.93
275.00 848.70
275.50 861.44
276.00 856.00
276.50 820.04
277.00 727.57
277.50 661.29
278.00 711.17
278.50 715.11
279.00 770.19
279.50 792.11
280.00 722.35
280.50 788.70
281.00 661.09
281.50 698.13
282.00 713.01
282.50 712.20
283.00 351.62
283.50 712.76
284.00 742.60
284.50 695.82
285.00 686.19
285.50 852.03
286.00 220.28
286.50 794.47
287.00 829.20
287.50 691.80
288.00 739.75
288.50 705.44
289.00 708.98
289.50 769.68
290.00 797.60
290.50 796.92
291.00 716.75
291.50 743.70
292.00 640.38
292.50 844.07
293.00 823.11
293.50 733.38
294.00 750.22
294.50 730.60
295.00 761.62
295.50 728.30
296.00 737.02
296.50 730.97
297.00 719.10
297.50 708.32
298.00 745.50
298.50 734.92
299.00 720.19
299.50 716.49
