0.00 754.15
0.50 698.19
1.00 738.44
1.50 718.28
2.00 670.15
2.50 741.84
3.00 752.58
3.50 724.69
4.00 760.05
4.50 730.73
5.00 488.71
5.50 717.27
6.00 703.82
6.50 120.13
7.00 193.26
7.50 670.13
8.00 840.53
8.50 803.56
9.00 833.95
9.50 711.83
10.00 721.16
10.50 755.67
11.00 218.69
11.50 28.97
12.00 699.51
12.50 683.39
13.00 402.09
13.50 8.90
14.00 200.11
14.50 258.25
15.00 12.38
15.50 13.11
16.00 4.35
16.50 6.71
17.00 0.00
17.50 9.64
18.00 0.00
18.50 11.79
19.00 579.92
19.50 741.28
20.00 847.11
20.50 862.90
21.00 876.09
21.50 878.27
22.00 852.31
22.50 863.64
23.00 828.40
23.50 846.31
24.00 284.64
24.50 325.72
25.00 427.07
25.50 334.13
26.00 427.92
26.50 15.06
27.00 3.72
27.50 0.00
28.00 339.51
28.50 0.00
29.00 5.58
29.50 17.63
30.00 456.79
30.50 649.11
31.00 749.35
31.50 776.57
32.00 744.58
32.50 717.17
33.00 696.18
33.50 743.14
34.00 760.91
34.50 882.67
35.00 854.89
35.50 858.88
36.00 855.62
36.50 809.41
37.00 855.36
37.50 884.29
38.00 831.87
38.50 853.51
39.00 865.81
39.50 728.73
40.00 735.52
40.50 716.26
41.00 732.69
41.50 720.91
42.00 712.18
42.50 755.83
43.00 715.49
43.50 665.11
44.00 793.66
44.50 701.39
45.00 684.45
45.50 818.48
46.00 681.38
46.50 837.70
47.00 856.34
47.50 826.74
48.00 797.67
48.50 742.66
49.00 724.14
49.50 718.76
50.00 796.86
50.50 667.81
51.00 769.60
51.50 695.72
52.00 753.60
52.50 745.41
53.00 704.01
53.50 689.27
54.00 683.99
54.50 710.22
55.00 687.19
55.50 723.44
56.00 663.02
56.50 751.89
57.00 719.57
57.50 776.26
58.00 705.99
58.50 722.66
59.00 727.45
59.50 765.78
60.00 779.50
60.50 715.07
61.00 741.96
61.50 773.03
62.00 689.49
62.50 733.34
63.00 813.08
63.50 746.78
64.00 699.36
64.50 768.29
65.00 694.50
65.50 831.04
66.00 739.15
66.50 715.10
67.00 741.43
67.50 743.52
68.00 381.51
68.50 667.76
69.00 719.61
69.50 835.76
70.00 732.08
70.50 700.08
71.00 472.70
71.50 726.47
72.00 703.37
72.50 797.41
73.00 723.49
73.50 865.59
74.00 817.31
74.50 854.98
75.00 778.38
75.50 726.34
76.00 717.40
76.50 771.57
77.00 729.07
77.50 686.35
78.00 735.97
78.50 768.24
79.00 705.33
79.50 737.59
80.00 673.87
80.50 789.00
81.00 785.83
81.50 747.43
82.00 743.43
82.50 792.44
83.00 698.43
83.50 731.20
84.00 767.20
84.50 766.72
85.00 758.49
85.50 770.59
86.00 709.78
86.50 752.60
87.00 742.17
87.50 782.76
88.00 782.08
88.50 721.74
89.00 735.30
89.50 758.26
90.00 708.35
90.50 825.01
91.00 815.92
91.50 712.26
92.00 755.67
92.50 826.40
93.00 845.48
93.50 366.81
94.00 737.89
94.50 813.84
95.00 687.26
95.50 672.95
96.00 712.44
96.50 707.11
97.00 753.26
97.50 185.33
98.00 750.59
98.50 686.16
99.00 732.93
99.50 261.03
100.00 716.37
100.50 727.92
101.00 715.78
101.50 722.03
102.00 674.24
102.50 707.49
103.00 767.68
103.50 865.61
104.00 812.74
104.50 770.67
105.00 673.91
105.50 835.19
106.00 839.84
106.50 714.54
107.00 712.24
107.50 574.81
108.00 19.26
108.50 745.94
109.00 685.19
109.50 755.97
110.00 741.69
110.50 700.22
111.00 756.30
111.50 756.02
112.00 723.94
112.50 704.33
113.00 700.03
113.50 702.71
114.00 724.88
114.50 724.76
115.00 735.37
115.50 753.64
116.00 748.70
116.50 729.99
117.00 347.97
117.50 717.74
118.00 719.39
118.50 811.09
119.00 703.07
119.50 787.70
120.00 740.61
120.50 750.29
121.00 725.64
121.50 732.94
122.00 739.88
122.50 744.16
123.00 735.18
123.50 709.26
124.00 722.32
124.50 746.63
125.00 721.54
125.50 743.32
126.00 682.30
126.50 732.33
127.00 732.90
127.50 729.99
128.00 713.98
128.50 710.94
129.00 700.53
129.50 708.47
130.00 732.59
130.50 765.26
131.00 768.53
131.50 711.91
132.00 673.39
132.50 441.58
133.00 717.42
133.50 817.25
134.00 745.11
134.50 721.72
135.00 900.00
135.50 723.76
136.00 720.96
136.50 808.74
137.00 900.00
137.50 769.90
138.00 800.69
138.50 824.05
139.00 756.85
139.50 787.18
140.00 692.30
140.50 688.10
141.00 724.05
141.50 14.20
142.00 685.14
142.50 852.14
143.00 678.44
143.50 723.19
144.00 872.74
144.50 721.01
145.00 806.94
145.50 835.71
146.00 743.78
146.50 645.73
147.00 717.96
147.50 726.35
148.00 746.81
148.50 729.19
149.00 703.82
149.50 716.23
150.00 713.70
150.50 671.27
151.00 807.38
151.50 714.11
152.00 756.96
152.50 738.14
153.00 764.23
153.50 751.73
154.00 689.67
154.50 725.20
155.00 751.61
155.50 710.80
156.00 774.97
156.50 734.05
157.00 709.45
157.50 703.68
158.00 777.43
158.50 748.04
159.00 837.45
159.50 752.27
160.00 437.05
160.50 681.77
161.00 670.99
161.50 716.02
162.00 648.11
162.50 742.44
163.00 385.35
163.50 671.13
164.00 774.13
164.50 789.91
165.00 651.69
165.50 716.66
166.00 711.95
166.50 800.86
167.00 704.46
167.50 728.09
168.00 827.28
168.50 411.63
169.00 705.52
169.50 778.12
170.00 731.05
170.50 704.31
171.00 749.71
171.50 776.78
172.00 782.82
172.50 756.17
173.00 693.56
173.50 796.01
174.00 683.03
174.50 740.86
175.00 808.22
175.50 815.83
176.00 778.28
176.50 684.71
177.00 760.91
177.50 863.53
178.00 884.29
178.50 778.84
179.00 719.76
179.50 696.57
180.00 741.80
180.50 754.18
181.00 761.63
181.50 661.77
182.00 737.44
182.50 711.35
183.00 757.10
183.50 737.13
184.00 704.41
184.50 759.59
185.00 738.00
185.50 745.40
186.00 728.52
186.50 764.63
187.00 692.48
187.50 717.51
188.00 837.53
188.50 821.19
189.00 845.26
189.50 725.17
190.00 247.40
190.50 21.52
191.00 0.00
191.50 0.00
192.00 525.94
192.50 881.89
193.00 720.22
193.50 802.80
194.00 711.53
194.50 743.44
195.00 699.17
195.50 846.36
196.00 806.03
196.50 331.01
197.00 874.16
197.50 709.89
198.00 699.99
198.50 774.43
199.00 835.13
199.50 680.72
200.00 702.97
200.50 677.42
201.00 796.38
201.50 673.82
202.00 743.55
202.50 754.65
203.00 709.15
203.50 749.33
204.00 750.47
204.50 711.07
205.00 685.25
205.50 697.42
206.00 731.25
206.50 0.00
207.00 682.88
207.50 683.54
208.00 794.17
208.50 694.21
209.00 695.40
209.50 818.84
210.00 703.57
210.50 779.28
211.00 692.07
211.50 846.78
212.00 764.96
212.50 697.53
213.00 732.84
213.50 718.45
214.00 890.98
214.50 730.06
215.00 730.19
215.50 821.51
216.00 862.42
216.50 730.96
217.00 870.97
217.50 687.60
218.00 748.75
218.50 675.13
219.00 753.04
219.50 831.81
220.00 700.18
220.50 827.35
221.00 688.98
221.50 782.81
222.00 733.66
222.50 873.53
223.00 676.67
223.50 721.80
224.00 688.85
224.50 659.47
225.00 508.15
225.50 470.76
226.00 825.67
226.50 715.63
227.00 823.45
227.50 744.05
228.00 805.16
228.50 721.91
229.00 716.00
229.50 765.73
230.00 706.46
230.50 725.16
231.00 693.54
231.50 763.62
232.00 807.34
232.50 831.47
233.00 836.22
233.50 714.28
234.00 698.88
234.50 734.23
235.00 895.56
235.50 796.23
236.00 760.62
236.50 872.25
237.00 680.62
237.50 415.81
238.00 176.56
238.50 338.37
239.00 704.98
239.50 814.42
240.00 412.00
240.50 488.10
241.00 410.15
241.50 185.57
242.00 6.34
242.50 11.03
243.00 0.10
243.50 569.90
244.00 746.70
244.50 15.98
245.00 900.00
245.50 495.67
246.00 742.08
246.50 685.63
247.00 727.78
247.50 740.18
248.00 806.18
248.50 727.10
249.00 737.06
249.50 868.40
250.00 783.68
250.50 693.95
251.00 860.32
251.50 655.46
252.00 704.11
252.50 841.19
253.00 839.60
253.50 817.17
254.00 865.05
254.50 752.61
255.00 710.33
255.50 736.76
256.00 759.30
256.50 727.56
257.00 715.26
257.50 900.00
258.00 711.34
258.50 770.42
259.00 701.23
259.50 665.73
260.00 692.70
260.50 707.87
261.00 695.09
261.50 638.81
262.00 832.21
262.50 702.32
263.00 667.83
263.50 719.83
264.00 663.23
264.50 864.46
265.00 719.15
265.50 737.15
266.00 717.84
266.50 794.99
267.00 820.60
267.50 875.39
268.00 692.33
268.50 710.30
269.00 739.88
269.50 503.35
270.00 752.35
270.50 450.57
271.00 201.03
271.50 380.09
272.00 488.71
272.50 0.00
273.00 13.05
273.50 1.51
274.00 78.74
274.50 535.88
275.00 313.98
275.50 0.00
276.00 698.73
276.50 811.78
277.00 447.11
277.50 731.30
278.00 795.96
278.50 710.94
279.00 763.78
279.50 736.96
280.00 691.99
280.50 775.64
281.00 727.19
281.50 720.56
282.00 707.19
282.50 704.51
283.00 761.48
283.50 696.00
284.00 715.78
284.50 758.15
285.00 752.15
285.50 806.23
286.00 689.36
286.50 805.03
287.00 703.20
287.50 693.20
288.00 765.10
288.50 778.11
289.00 694.25
289.50 672.98
290.00 880.42
290.50 814.04
291.00 755.23
291.50 778.48
292.00 744.66
292.50 808.57
293.00 349.92
293.50 698.91
294.00 810.88
294.50 806.01
295.00 426.18
295.50 237.86
296.00 689.35
296.50 775.45
297.00 777.81
297.50 713.26
298.00 725.60
298.50 798.02
299.00 684.67
299.50 757.20
