0.00 710.20
0.50 748.35
1.00 736.73
1.50 774.11
2.00 744.70
2.50 745.80
3.00 754.52
3.50 724.51
4.00 808.52
4.50 736.25
5.00 744.98
5.50 736.95
6.00 772.72
6.50 725.39
7.00 764.85
7.50 798.67
8.00 773.25
8.50 734.80
9.00 778.19
9.50 715.23
10.00 755.81
10.50 703.11
11.00 672.90
11.50 693.10
12.00 731.83
12.50 787.35
13.00 783.90
13.50 671.75
14.00 779.85
14.50 694.34
15.00 730.22
15.50 759.65
16.00 739.44
16.50 718.88
17.00 745.06
17.50 708.66
18.00 724.55
18.50 728.80
19.00 718.90
19.50 740.25
20.00 714.61
20.50 729.80
21.00 760.27
21.50 701.61
22.00 743.72
22.50 699.87
23.00 768.09
23.50 728.38
24.00 710.81
24.50 751.66
25.00 715.88
25.50 686.88
26.00 747.47
26.50 719.46
27.00 720.91
27.50 731.08
28.00 750.86
28.50 853.43
29.00 837.55
29.50 847.79
30.00 842.66
30.50 559.52
31.00 688.26
31.50 709.82
32.00 716.39
32.50 737.58
33.00 714.44
33.50 708.51
34.00 736.78
34.50 768.80
35.00 719.55
35.50 744.22
36.00 721.01
36.50 726.67
37.00 773.20
37.50 757.39
38.00 796.87
38.50 682.64
39.00 759.03
39.50 746.95
40.00 717.40
40.50 17.06
41.00 3.02
41.50 736.26
42.00 764.22
42.50 728.68
43.00 764.42
43.50 754.26
44.00 678.73
44.50 150.08
45.00 0.00
45.50 177.93
46.00 736.62
46.50 873.15
47.00 759.66
47.50 721.09
48.00 729.70
48.50 779.33
49.00 736.78
49.50 852.73
50.00 714.02
50.50 829.86
51.00 653.24
51.50 601.87
52.00 300.63
52.50 403.60
53.00 487.45
53.50 489.32
54.00 222.84
54.50 677.27
55.00 709.26
55.50 769.88
56.00 711.92
56.50 751.37
57.00 768.54
57.50 731.71
58.00 733.57
58.50 0.00
59.00 15.83
59.50 21.43
60.00 0.00
60.50 415.52
61.00 10.03
61.50 861.94
62.00 749.68
62.50 678.09
63.00 713.28
63.50 53.66
64.00 717.86
64.50 703.66
65.00 873.75
65.50 844.46
66.00 864.89
66.50 824.97
67.00 837.80
67.50 844.14
68.00 833.26
68.50 856.25
69.00 763.47
69.50 853.06
70.00 803.24
70.50 834.23
71.00 801.73
71.50 801.23
72.00 852.53
72.50 770.88
73.00 758.05
73.50 739.11
74.00 753.39
74.50 754.63
75.00 288.77
75.50 273.14
76.00 733.89
76.50 347.03
77.00 422.29
77.50 139.09
78.00 699.52
78.50 785.99
79.00 706.05
79.50 732.83
80.00 705.93
80.50 717.62
81.00 742.49
81.50 677.38
82.00 721.86
82.50 748.75
83.00 696.96
83.50 779.96
84.00 681.89
84.50 841.81
85.00 794.95
85.50 674.75
86.00 705.54
86.50 734.02
87.00 873.66
87.50 696.28
88.00 711.82
88.50 718.01
89.00 735.65
89.50 745.25
90.00 741.48
90.50 736.99
91.00 754.07
91.50 767.39
92.00 782.08
92.50 746.81
93.00 702.31
93.50 753.27
94.00 732.32
94.50 734.50
95.00 734.76
95.50 781.96
96.00 686.52
96.50 722.59
97.00 732.15
97.50 770.01
98.00 0.64
98.50 28.25
99.00 2.17
99.50 0.00
100.00 18.89
100.50 355.33
101.00 272.01
101.50 224.57
102.00 252.21
102.50 722.59
103.00 706.26
103.50 709.04
104.00 720.13
104.50 713.69
105.00 659.35
105.50 774.48
106.00 841.99
106.50 841.52
107.00 719.82
107.50 890.80
108.00 701.16
108.50 718.68
109.00 689.60
109.50 774.37
110.00 676.41
110.50 758.60
111.00 867.37
111.50 836.11
112.00 745.58
112.50 785.54
113.00 702.86
113.50 676.93
114.00 683.81
114.50 756.52
115.00 698.71
115.50 707.91
116.00 705.22
116.50 684.45
117.00 693.96
117.50 751.94
118.00 874.01
118.50 824.72
119.00 109.23
119.50 813.27
120.00 570.49
120.50 425.49
121.00 688.33
121.50 704.96
122.00 760.96
122.50 707.32
123.00 752.92
123.50 776.62
124.00 781.77
124.50 761.86
125.00 713.48
125.50 703.00
126.00 716.72
126.50 717.85
127.00 745.62
127.50 696.91
128.00 721.07
128.50 724.39
129.00 717.02
129.50 743.83
130.00 703.44
130.50 722.06
131.00 743.54
131.50 688.55
132.00 727.40
132.50 752.31
133.00 701.43
133.50 840.87
134.00 867.63
134.50 825.92
135.00 847.97
135.50 500.19
136.00 746.04
136.50 598.95
137.00 779.76
137.50 454.18
138.00 379.27
138.50 209.46
139.00 349.40
139.50 775.17
140.00 815.98
140.50 672.96
141.00 807.99
141.50 341.50
142.00 542.06
142.50 673.42
143.00 863.56
143.50 864.78
144.00 856.33
144.50 833.04
145.00 696.32
145.50 780.14
146.00 244.29
146.50 0.00
147.00 526.76
147.50 733.86
148.00 724.15
148.50 773.94
149.00 735.03
149.50 691.65
150.00 707.98
150.50 765.07
151.00 783.51
151.50 840.64
152.00 519.78
152.50 0.00
153.00 356.74
153.50 0.00
154.00 705.19
154.50 751.27
155.00 700.50
155.50 456.36
156.00 0.00
156.50 695.47
157.00 740.53
157.50 717.65
158.00 694.36
158.50 766.87
159.00 750.38
159.50 746.23
160.00 704.11
160.50 705.94
161.00 741.66
161.50 804.56
162.00 711.65
162.50 752.61
163.00 713.19
163.50 776.42
164.00 736.79
164.50 763.29
165.00 778.75
165.50 746.43
166.00 689.90
166.50 758.64
167.00 725.49
167.50 685.53
168.00 780.10
168.50 714.17
169.00 793.89
169.50 747.31
170.00 869.60
170.50 813.59
171.00 742.87
171.50 697.92
172.00 718.47
172.50 723.64
173.00 699.15
173.50 797.21
174.00 862.57
174.50 900.00
175.00 781.89
175.50 813.48
176.00 718.95
176.50 696.12
177.00 729.20
177.50 723.75
178.00 683.06
178.50 755.45
179.00 773.83
179.50 799.12
180.00 709.82
180.50 709.39
181.00 748.45
181.50 721.98
182.00 731.36
182.50 769.51
183.00 715.70
183.50 678.83
184.00 671.49
184.50 699.25
185.00 727.49
185.50 683.95
186.00 767.49
186.50 750.91
187.00 842.49
187.50 543.79
188.00 650.80
188.50 661.89
189.00 725.47
189.50 701.89
190.00 691.44
190.50 715.37
191.00 766.45
191.50 673.37
192.00 758.65
192.50 761.24
193.00 899.77
193.50 767.06
194.00 702.22
194.50 692.74
195.00 741.56
195.50 762.43
196.00 692.18
196.50 839.20
197.00 841.08
197.50 675.13
198.00 696.79
198.50 752.36
199.00 755.92
199.50 752.41
200.00 752.15
200.50 726.62
201.00 799.09
201.50 687.10
202.00 696.49
202.50 730.52
203.00 815.46
203.50 673.70
204.00 672.87
204.50 776.27
205.00 867.84
205.50 826.04
206.00 845.51
206.50 822.02
207.00 847.64
207.50 873.16
208.00 328.88
208.50 829.58
209.00 791.01
209.50 747.05
210.00 696.18
210.50 93.83
211.00 0.00
211.50 619.94
212.00 738.48
212.50 692.74
213.00 763.00
213.50 710.49
214.00 700.13
214.50 709.97
215.00 724.96
215.50 728.21
216.00 743.80
216.50 727.89
217.00 725.18
217.50 722.96
218.00 751.17
218.50 737.62
219.00 774.10
219.50 752.75
220.00 676.67
220.50 635.33
221.00 738.92
221.50 449.22
222.00 587.44
222.50 720.75
223.00 489.47
223.50 761.74
224.00 704.98
224.50 706.08
225.00 731.71
225.50 469.76
226.00 230.47
226.50 725.36
227.00 694.20
227.50 785.97
228.00 4.43
228.50 474.24
229.00 285.51
229.50 731.33
230.00 709.89
230.50 698.25
231.00 724.55
231.50 755.19
232.00 433.25
232.50 804.24
233.00 589.23
233.50 649.16
234.00 481.66
234.50 770.28
235.00 692.18
235.50 746.76
236.00 730.73
236.50 803.97
237.00 676.49
237.50 746.73
238.00 732.97
238.50 684.42
239.00 721.02
239.50 697.77
240.00 736.94
240.50 703.63
241.00 571.88
241.50 673.91
242.00 486.98
242.50 329.75
243.00 8.31
243.50 103.52
244.00 87.30
244.50 643.20
245.00 754.85
245.50 768.49
246.00 718.80
246.50 342.63
247.00 363.45
247.50 704.19
248.00 734.73
248.50 263.88
249.00 522.73
249.50 782.82
250.00 801.68
250.50 851.46
251.00 834.30
251.50 836.88
252.00 835.75
252.50 840.04
253.00 718.13
253.50 338.86
254.00 118.66
254.50 715.27
255.00 698.85
255.50 693.64
256.00 752.87
256.50 760.88
257.00 731.70
257.50 744.82
258.00 727.97
258.50 709.82
259.00 532.46
259.50 548.38
260.00 11.85
260.50 0.00
261.00 726.77
261.50 708.10
262.00 742.03
262.50 693.38
263.00 708.50
263.50 720.48
264.00 729.71
264.50 733.60
265.00 753.55
265.50 795.40
266.00 719.24
266.50 729.61
267.00 683.81
267.50 782.91
268.00 751.27
268.50 784.15
269.00 723.51
269.50 714.31
270.00 739.40
270.50 761.16
271.00 767.51
271.50 850.83
272.00 830.21
272.50 366.62
273.00 705.38
273.50 703.55
274.00 768.44
274.50 750.47
275.00 667.55
275.50 727.52
276.00 679.50
276.50 784.76
277.00 819.13
277.50 700.63
278.00 475.65
278.50 823.27
279.00 857.89
279.50 863.92
280.00 869.89
280.50 828.03
281.00 791.07
281.50 812.50
282.00 697.55
282.50 799.99
283.00 825.13
283.50 712.78
284.00 702.08
284.50 709.05
285.00 777.79
285.50 708.44
286.00 711.92
286.50 685.18
287.00 728.37
287.50 852.06
288.00 755.78
288.50 708.88
289.00 829.96
289.50 689.04
290.00 710.71
290.50 701.77
291.00 749.81
291.50 514.94
292.00 728.48
292.50 753.63
293.00 731.67
293.50 844.97
294.00 843.16
294.50 829.67
295.00 782.66
295.50 743.28
296.00 724.72
296.50 672.77
297.00 718.01
297.50 768.09
298.00 629.81
298.50 293.35
299.00 788.00
299.50 695.17
