0.00 776.17
0.50 711.32
1.00 831.86
1.50 812.19
2.00 791.65
2.50 705.40
3.00 712.34
3.50 676.42
4.00 752.78
4.50 751.59
5.00 730.71
5.50 775.72
6.00 724.22
6.50 696.62
7.00 772.75
7.50 744.58
8.00 753.10
8.50 726.25
9.00 728.08
9.50 739.42
10.00 751.97
10.50 782.66
11.00 680.65
11.50 755.51
12.00 723.94
12.50 714.85
13.00 743.59
13.50 744.99
14.00 730.66
14.50 694.54
15.00 725.97
15.50 743.38
16.00 701.16
16.50 708.28
17.00 746.48
17.50 690.88
18.00 716.08
18.50 691.86
19.00 855.09
19.50 766.11
20.00 227.32
20.50 478.79
21.00 414.11
21.50 762.03
22.00 750.94
22.50 734.94
23.00 714.87
23.50 735.50
24.00 713.40
24.50 780.52
25.00 716.97
25.50 707.22
26.00 793.88
26.50 745.38
27.00 757.93
27.50 754.10
28.00 721.69
28.50 726.56
29.00 663.50
29.50 750.42
30.00 705.91
30.50 840.90
31.00 872.14
31.50 854.95
32.00 749.93
32.50 733.84
33.00 729.51
33.50 0.00
34.00 711.45
34.50 822.30
35.00 559.09
35.50 708.02
36.00 696.94
36.50 780.20
37.00 744.01
37.50 734.96
38.00 757.13
38.50 685.82
39.00 745.54
39.50 746.64
40.00 679.92
40.50 694.56
41.00 864.39
41.50 846.06
42.00 752.76
42.50 753.94
43.00 793.58
43.50 738.91
44.00 738.55
44.50 725.03
45.00 738.49
45.50 723.64
46.00 752.69
46.50 782.66
47.00 752.46
47.50 288.74
48.00 11.72
48.50 268.79
49.00 746.61
49.50 720.79
50.00 708.41
50.50 707.83
51.00 123.75
51.50 622.52
52.00 290.14
52.50 0.00
53.00 0.00
53.50 168.42
54.00 205.92
54.50 0.00
55.00 0.00
55.50 324.24
56.00 782.22
56.50 700.25
57.00 822.86
57.50 839.85
58.00 833.46
58.50 771.46
59.00 725.34
59.50 281.57
60.00 17.26
60.50 6.66
61.00 421.64
61.50 705.33
62.00 842.69
62.50 769.45
63.00 742.15
63.50 775.68
64.00 816.38
64.50 762.33
65.00 746.86
65.50 718.69
66.00 700.44
66.50 727.28
67.00 723.79
67.50 781.57
68.00 765.75
68.50 730.03
69.00 718.12
69.50 743.50
70.00 753.69
70.50 742.88
71.00 740.28
71.50 720.75
72.00 738.04
72.50 828.55
73.00 693.34
73.50 761.98
74.00 675.59
74.50 789.70
75.00 706.69
75.50 719.00
76.00 721.90
76.50 744.62
77.00 699.19
77.50 744.48
78.00 748.22
78.50 766.58
79.00 870.19
79.50 886.98
80.00 814.62
80.50 829.73
81.00 676.06
81.50 400.36
82.00 444.94
82.50 748.23
83.00 678.59
83.50 779.07
84.00 678.73
84.50 9.54
85.00 8.22
85.50 845.60
86.00 705.28
86.50 705.16
87.00 689.14
87.50 779.41
88.00 293.79
88.50 420.01
89.00 577.09
89.50 444.37
90.00 757.36
90.50 748.34
91.00 743.42
91.50 753.25
92.00 746.48
92.50 719.16
93.00 756.28
93.50 727.47
94.00 712.85
94.50 694.58
95.00 747.52
95.50 753.26
96.00 712.31
96.50 742.62
97.00 700.68
97.50 735.70
98.00 739.90
98.50 816.24
99.00 751.59
99.50 826.57
100.00 851.04
100.50 828.02
101.00 865.89
101.50 864.73
102.00 708.92
102.50 871.33
103.00 705.76
103.50 363.66
104.00 139.62
104.50 825.32
105.00 819.13
105.50 730.73
106.00 739.59
106.50 733.66
107.00 744.40
107.50 734.03
108.00 723.59
108.50 763.67
109.00 739.43
109.50 785.13
110.00 690.95
110.50 737.90
111.00 713.33
111.50 750.21
112.00 713.86
112.50 704.64
113.00 771.39
113.50 741.47
114.00 740.81
114.50 713.35
115.00 810.46
115.50 707.92
116.00 711.44
116.50 704.76
117.00 706.41
117.50 681.54
118.00 707.44
118.50 726.00
119.00 900.00
119.50 858.63
120.00 725.02
120.50 798.59
121.00 779.71
121.50 810.92
122.00 792.89
122.50 802.51
123.00 814.24
123.50 801.94
124.00 736.51
124.50 736.51
125.00 713.56
125.50 704.10
126.00 694.21
126.50 703.58
127.00 767.98
127.50 696.98
128.00 685.28
128.50 813.21
129.00 720.24
129.50 767.41
130.00 741.50
130.50 726.39
131.00 738.81
131.50 802.57
132.00 744.71
132.50 712.91
133.00 788.29
133.50 707.95
134.00 761.58
134.50 709.92
135.00 326.19
135.50 17.55
136.00 0.00
136.50 2.24
137.00 577.46
137.50 759.92
138.00 742.91
138.50 577.02
139.00 413.21
139.50 694.91
140.00 811.06
140.50 847.17
141.00 845.08
141.50 854.89
142.00 691.93
142.50 711.18
143.00 256.07
143.50 406.28
144.00 685.40
144.50 754.83
145.00 705.68
145.50 709.63
146.00 667.44
146.50 754.69
147.00 846.95
147.50 752.05
148.00 725.45
148.50 729.35
149.00 709.42
149.50 680.10
150.00 739.22
150.50 700.56
151.00 774.03
151.50 5.78
152.00 0.00
152.50 24.41
153.00 217.34
153.50 342.09
154.00 758.03
154.50 711.38
155.00 737.75
155.50 745.24
156.00 746.23
156.50 708.16
157.00 750.53
157.50 744.57
158.00 678.54
158.50 717.69
159.00 715.08
159.50 829.68
160.00 654.37
160.50 725.23
161.00 742.08
161.50 315.07
162.00 13.30
162.50 581.27
163.00 200.13
163.50 155.19
164.00 388.19
164.50 534.85
165.00 431.18
165.50 346.25
166.00 19.22
166.50 22.55
167.00 360.60
167.50 731.22
168.00 850.47
168.50 839.38
169.00 833.30
169.50 782.70
170.00 765.74
170.50 699.88
171.00 718.76
171.50 709.38
172.00 713.95
172.50 746.94
173.00 748.30
173.50 732.41
174.00 741.04
174.50 411.56
175.00 432.54
175.50 765.09
176.00 712.30
176.50 846.76
177.00 730.31
177.50 710.44
178.00 775.72
178.50 761.71
179.00 718.07
179.50 769.51
180.00 771.58
180.50 734.55
181.00 705.82
181.50 736.36
182.00 708.99
182.50 730.49
183.00 691.99
183.50 716.14
184.00 736.96
184.50 704.98
185.00 742.26
185.50 726.92
186.00 703.63
186.50 764.31
187.00 759.65
187.50 711.83
188.00 743.37
188.50 689.18
189.00 805.38
189.50 769.30
190.00 715.21
190.50 172.13
191.00 324.20
191.50 19.64
192.00 0.27
192.50 389.74
193.00 683.71
193.50 755.33
194.00 785.67
194.50 659.64
195.00 835.57
195.50 872.70
196.00 841.37
196.50 829.50
197.00 889.08
197.50 829.58
198.00 814.33
198.50 837.75
199.00 720.85
199.50 747.23
200.00 727.49
200.50 709.86
201.00 467.74
201.50 740.75
202.00 678.95
202.50 773.49
203.00 679.61
203.50 733.70
204.00 713.76
204.50 519.64
205.00 682.65
205.50 807.50
206.00 842.97
206.50 746.32
207.00 900.00
207.50 850.37
208.00 792.39
208.50 750.33
209.00 697.54
209.50 481.51
210.00 900.00
210.50 771.27
211.00 743.02
211.50 774.95
212.00 754.22
212.50 745.14
213.00 240.03
213.50 681.43
214.00 814.20
214.50 725.65
215.00 709.80
215.50 710.65
216.00 782.48
216.50 887.88
217.00 835.57
217.50 335.16
218.00 699.95
218.50 807.83
219.00 678.04
219.50 732.97
220.00 859.50
220.50 700.68
221.00 689.55
221.50 669.09
222.00 697.25
222.50 754.57
223.00 722.61
223.50 713.09
224.00 710.95
224.50 683.47
225.00 711.01
225.50 878.37
226.00 712.04
226.50 755.83
227.00 758.21
227.50 786.57
228.00 829.67
228.50 828.81
229.00 809.27
229.50 841.87
230.00 167.59
230.50 728.68
231.00 256.68
231.50 720.82
232.00 673.70
232.50 838.58
233.00 851.68
233.50 876.64
234.00 843.84
234.50 900.00
235.00 821.43
235.50 729.63
236.00 766.68
236.50 722.48
237.00 733.99
237.50 792.71
238.00 720.30
238.50 759.75
239.00 719.69
239.50 714.06
240.00 729.75
240.50 763.70
241.00 703.67
241.50 724.22
242.00 745.99
242.50 739.85
243.00 695.31
243.50 744.67
244.00 708.87
244.50 759.74
245.00 730.10
245.50 715.92
246.00 897.60
246.50 780.66
247.00 770.21
247.50 724.23
248.00 676.34
248.50 679.91
249.00 685.40
249.50 765.41
250.00 844.62
250.50 692.67
251.00 230.57
251.50 436.01
252.00 720.19
252.50 690.54
253.00 738.97
253.50 701.98
254.00 833.37
254.50 832.36
255.00 828.88
255.50 774.85
256.00 759.80
256.50 873.87
257.00 818.46
257.50 696.24
258.00 717.38
258.50 529.03
259.00 748.05
259.50 900.00
260.00 700.12
260.50 760.18
261.00 780.44
261.50 840.68
262.00 861.88
262.50 778.12
263.00 708.42
263.50 746.21
264.00 831.07
264.50 135.19
265.00 68.14
265.50 758.11
266.00 292.04
266.50 779.54
267.00 758.63
267.50 733.91
268.00 740.19
268.50 718.63
269.00 676.65
269.50 698.50
270.00 693.69
270.50 698.18
271.00 730.11
271.50 781.53
272.00 693.39
272.50 196.65
273.00 737.77
273.50 688.20
274.00 750.56
274.50 736.06
275.00 700.17
275.50 871.98
276.00 854.81
276.50 869.00
277.00 866.88
277.50 801.62
278.00 659.03
278.50 804.05
279.00 900.00
279.50 780.45
280.00 697.38
280.50 741.99
281.00 740.13
281.50 714.71
282.00 686.65
282.50 789.26
283.00 783.33
283.50 750.48
284.00 747.06
284.50 766.37
285.00 677.04
285.50 770.09
286.00 0.00
286.50 13.49
287.00 0.00
287.50 0.00
288.00 296.19
288.50 845.12
289.00 839.85
289.50 863.10
290.00 818.29
290.50 851.91
291.00 855.49
291.50 821.57
292.00 862.25
292.50 790.15
293.00 698.96
293.50 727.92
294.00 764.67
294.50 744.30
295.00 686.82
295.50 717.23
296.00 543.23
296.50 62.76
297.00 545.66
297.50 0.00
298.00 11.59
298.50 360.61
299.00 172.45
299.50 17.96
