0.00 721.65
0.50 726.09
1.00 654.97
1.50 721.64
2.00 737.95
2.50 774.17
3.00 766.65
3.50 716.88
4.00 689.82
4.50 718.16
5.00 866.53
5.50 773.94
6.00 716.59
6.50 832.59
7.00 808.32
7.50 692.39
8.00 731.63
8.50 646.47
9.00 651.63
9.50 762.60
10.00 688.36
10.50 844.49
11.00 791.99
11.50 791.14
12.00 783.18
12.50 855.88
13.00 816.78
13.50 680.76
14.00 725.38
14.50 722.51
15.00 818.14
15.50 718.50
16.00 818.84
16.50 734.32
17.00 736.14
17.50 737.57
18.00 701.51
18.50 864.39
19.00 827.65
19.50 697.82
20.00 729.64
20.50 834.60
21.00 678.85
21.50 715.01
22.00 736.13
22.50 692.15
23.00 832.17
23.50 805.55
24.00 709.71
24.50 807.90
25.00 753.91
25.50 710.43
26.00 689.61
26.50 759.35
27.00 732.85
27.50 755.24
28.00 715.53
28.50 813.58
29.00 770.07
29.50 884.25
30.00 696.16
30.50 667.60
31.00 706.29
31.50 699.31
32.00 702.99
32.50 179.00
33.00 690.96
33.50 688.38
34.00 721.62
34.50 741.03
35.00 706.41
35.50 730.49
36.00 736.29
36.50 889.72
37.00 691.12
37.50 696.70
38.00 618.31
38.50 687.31
39.00 694.30
39.50 703.70
40.00 716.49
40.50 716.90
41.00 392.99
41.50 753.82
42.00 440.88
42.50 810.30
43.00 675.40
43.50 739.34
44.00 700.78
44.50 825.61
45.00 744.31
45.50 721.81
46.00 725.96
46.50 645.11
47.00 749.88
47.50 679.32
48.00 695.13
48.50 814.04
49.00 683.92
49.50 809.67
50.00 804.93
50.50 815.18
51.00 858.38
51.50 829.07
52.00 774.58
52.50 707.41
53.00 861.97
53.50 864.04
54.00 845.83
54.50 724.48
55.00 749.24
55.50 841.09
56.00 693.27
56.50 704.77
57.00 255.77
57.50 698.58
58.00 762.55
58.50 742.79
59.00 723.49
59.50 725.77
60.00 765.82
60.50 723.82
61.00 688.63
61.50 783.23
62.00 725.88
62.50 677.18
63.00 772.26
63.50 672.59
64.00 725.33
64.50 741.62
65.00 708.46
65.50 734.51
66.00 743.12
66.50 731.30
67.00 753.41
67.50 727.91
68.00 752.83
68.50 747.50
69.00 752.86
69.50 739.73
70.00 775.42
70.50 729.64
71.00 764.05
71.50 733.67
72.00 756.25
72.50 748.14
73.00 757.33
73.50 666.13
74.00 750.83
74.50 718.96
75.00 788.23
75.50 750.22
76.00 766.17
76.50 721.60
77.00 684.90
77.50 724.91
78.00 671.98
78.50 710.25
79.00 829.54
79.50 718.40
80.00 777.75
80.50 706.17
81.00 817.21
81.50 735.34
82.00 741.73
82.50 722.02
83.00 716.27
83.50 745.57
84.00 686.21
84.50 715.45
85.00 851.74
85.50 733.22
86.00 731.66
86.50 679.05
87.00 773.93
87.50 705.08
88.00 373.00
88.50 719.27
89.00 689.32
89.50 748.66
90.00 715.21
90.50 698.58
91.00 734.57
91.50 754.16
92.00 784.33
92.50 732.77
93.00 739.77
93.50 717.22
94.00 734.32
94.50 753.36
95.00 702.84
95.50 710.88
96.00 734.84
96.50 738.12
97.00 708.67
97.50 707.40
98.00 743.45
98.50 742.84
99.00 654.79
99.50 841.22
100.00 703.19
100.50 786.53
101.00 741.18
101.50 755.48
102.00 720.36
102.50 696.93
103.00 704.61
103.50 731.71
104.00 676.75
104.50 774.51
105.00 728.35
105.50 679.70
106.00 699.61
106.50 731.42
107.00 707.54
107.50 777.84
108.00 701.44
108.50 689.68
109.00 741.62
109.50 691.68
110.00 687.88
110.50 720.14
111.00 701.15
111.50 779.94
112.00 710.86
112.50 771.37
113.00 731.24
113.50 709.35
114.00 766.11
114.50 737.07
115.00 717.92
115.50 735.78
116.00 665.66
116.50 696.60
117.00 752.35
117.50 741.26
118.00 704.37
118.50 671.50
119.00 747.56
119.50 737.07
120.00 761.81
120.50 743.60
121.00 682.76
121.50 688.82
122.00 701.72
122.50 739.66
123.00 758.41
123.50 777.44
124.00 708.67
124.50 737.57
125.00 760.97
125.50 720.39
126.00 711.72
126.50 719.31
127.00 722.99
127.50 233.71
128.00 437.83
128.50 225.97
129.00 632.21
129.50 548.95
130.00 778.34
130.50 642.04
131.00 799.17
131.50 730.64
132.00 695.00
132.50 711.01
133.00 707.68
133.50 761.00
134.00 731.88
134.50 691.39
135.00 140.22
135.50 707.87
136.00 655.26
136.50 689.69
137.00 780.54
137.50 651.64
138.00 690.87
138.50 673.23
139.00 735.47
139.50 720.87
140.00 856.70
140.50 714.38
141.00 725.39
141.50 781.01
142.00 726.83
142.50 717.28
143.00 834.90
143.50 703.19
144.00 737.39
144.50 742.20
145.00 701.01
145.50 760.31
146.00 752.42
146.50 761.68
147.00 751.34
147.50 748.52
148.00 764.73
148.50 772.79
149.00 766.27
149.50 741.51
150.00 685.30
150.50 695.18
151.00 749.01
151.50 811.53
152.00 764.33
152.50 721.20
153.00 758.75
153.50 757.88
154.00 690.38
154.50 756.82
155.00 743.10
155.50 827.25
156.00 845.10
156.50 709.53
157.00 872.68
157.50 814.81
158.00 759.27
158.50 761.74
159.00 761.68
159.50 727.58
160.00 730.36
160.50 693.72
161.00 750.77
161.50 704.66
162.00 727.88
162.50 753.77
163.00 686.08
163.50 735.54
164.00 710.33
164.50 773.99
165.00 333.99
165.50 703.35
166.00 687.66
166.50 744.80
167.00 729.46
167.50 704.10
168.00 539.63
168.50 778.38
169.00 741.78
169.50 716.36
170.00 837.96
170.50 900.00
171.00 786.96
171.50 766.85
172.00 857.59
172.50 830.54
173.00 839.00
173.50 707.22
174.00 718.86
174.50 727.76
175.00 711.09
175.50 727.19
176.00 844.67
176.50 773.27
177.00 733.05
177.50 684.72
178.00 700.73
178.50 725.11
179.00 776.47
179.50 747.59
180.00 721.63
180.50 710.58
181.00 687.05
181.50 778.84
182.00 780.44
182.50 761.66
183.00 720.05
183.50 721.08
184.00 695.98
184.50 724.98
185.00 707.26
185.50 724.75
186.00 12.83
186.50 718.24
187.00 739.08
187.50 779.71
188.00 697.87
188.50 714.14
189.00 710.69
189.50 736.68
190.00 671.04
190.50 729.47
191.00 896.53
191.50 709.37
192.00 699.95
192.50 730.89
193.00 600.41
193.50 740.31
194.00 719.12
194.50 896.21
195.00 728.65
195.50 742.35
196.00 708.31
196.50 706.82
197.00 676.55
197.50 701.79
198.00 713.38
198.50 824.54
199.00 704.93
199.50 791.33
200.00 734.76
200.50 711.13
201.00 758.74
201.50 672.28
202.00 744.53
202.50 752.60
203.00 717.53
203.50 736.30
204.00 718.01
204.50 726.51
205.00 721.10
205.50 749.34
206.00 694.81
206.50 664.38
207.00 714.60
207.50 729.75
208.00 829.31
208.50 664.58
209.00 819.00
209.50 721.42
210.00 706.31
210.50 711.20
211.00 711.31
211.50 757.97
212.00 747.49
212.50 700.87
213.00 736.36
213.50 732.77
214.00 581.03
214.50 722.01
215.00 719.31
215.50 758.64
216.00 713.21
216.50 780.69
217.00 785.90
217.50 730.22
218.00 699.60
218.50 700.90
219.00 800.10
219.50 736.45
220.00 706.77
220.50 449.83
221.00 707.09
221.50 781.70
222.00 712.91
222.50 720.40
223.00 196.42
223.50 0.00
224.00 12.25
224.50 672.35
225.00 243.21
225.50 2.22
226.00 0.00
226.50 2.00
227.00 24.43
227.50 40.87
228.00 562.18
228.50 289.88
229.00 388.99
229.50 7.85
230.00 196.71
230.50 485.30
231.00 543.69
231.50 860.43
232.00 14.09
232.50 365.91
233.00 748.23
233.50 858.75
234.00 890.70
234.50 846.93
235.00 879.67
235.50 848.92
236.00 822.66
236.50 848.52
237.00 700.14
237.50 763.54
238.00 688.55
238.50 512.59
239.00 0.00
239.50 1.64
240.00 442.24
240.50 179.31
241.00 604.81
241.50 77.03
242.00 394.72
242.50 15.07
243.00 197.89
243.50 710.18
244.00 740.07
244.50 716.91
245.00 792.87
245.50 687.67
246.00 701.51
246.50 721.89
247.00 716.15
247.50 822.94
248.00 783.57
248.50 795.46
249.00 824.27
249.50 824.07
250.00 855.98
250.50 462.84
251.00 8.24
251.50 794.24
252.00 755.94
252.50 724.46
253.00 651.95
253.50 827.47
254.00 776.59
254.50 750.33
255.00 762.29
255.50 768.92
256.00 713.01
256.50 721.74
257.00 722.54
257.50 728.63
258.00 750.07
258.50 720.40
259.00 756.12
259.50 716.17
260.00 721.21
260.50 683.51
261.00 719.19
261.50 777.62
262.00 725.06
262.50 735.16
263.00 747.31
263.50 747.99
264.00 692.33
264.50 696.33
265.00 805.26
265.50 754.07
266.00 751.69
266.50 756.25
267.00 749.47
267.50 692.95
268.00 745.77
268.50 767.87
269.00 741.77
269.50 738.83
270.00 729.35
270.50 741.37
271.00 724.92
271.50 751.00
272.00 737.69
272.50 758.46
273.00 722.98
273.50 769.77
274.00 730.12
274.50 243.93
275.00 723.64
275.50 786.90
276.00 711.12
276.50 721.80
277.00 727.96
277.50 729.60
278.00 771.75
278.50 498.79
279.00 3.45
279.50 726.31
280.00 654.82
280.50 749.56
281.00 749.71
281.50 744.28
282.00 746.96
282.50 787.50
283.00 744.86
283.50 757.75
284.00 698.26
284.50 732.78
285.00 743.34
285.50 642.78
286.00 701.02
286.50 749.27
287.00 791.57
287.50 779.54
288.00 746.36
288.50 705.88
289.00 726.22
289.50 727.32
290.00 558.97
290.50 698.15
291.00 712.33
291.50 716.67
292.00 694.28
292.50 717.12
293.00 747.31
293.50 745.99
294.00 772.90
294.50 702.48
295.00 729.38
295.50 759.63
296.00 698.48
296.50 734.31
297.00 704.16
297.50 733.06
298.00 751.27
298.50 719.88
299.00 747.21
299.50 757.86
