0.00 712.67
0.50 280.51
1.00 733.01
1.50 762.32
2.00 741.75
2.50 846.35
3.00 745.87
3.50 565.10
4.00 760.03
4.50 717.02
5.00 812.07
5.50 768.58
6.00 709.56
6.50 843.69
7.00 6.80
7.50 463.35
8.00 849.38
8.50 482.47
9.00 851.76
9.50 701.78
10.00 732.31
10.50 755.83
11.00 708.95
11.50 742.07
12.00 749.67
12.50 777.15
13.00 755.22
13.50 794.04
14.00 705.92
14.50 727.17
15.00 730.73
15.50 741.33
16.00 743.77
16.50 709.21
17.00 681.79
17.50 747.94
18.00 733.14
18.50 750.02
19.00 754.48
19.50 764.56
20.00 759.94
20.50 748.38
21.00 689.78
21.50 722.27
22.00 750.66
22.50 771.49
23.00 754.75
23.50 759.32
24.00 272.93
24.50 422.80
25.00 739.36
25.50 749.90
26.00 494.45
26.50 740.69
27.00 863.55
27.50 790.36
28.00 785.08
28.50 824.00
29.00 696.32
29.50 736.47
30.00 706.14
30.50 722.64
31.00 692.66
31.50 663.32
32.00 410.14
32.50 200.14
33.00 409.39
33.50 705.13
34.00 97.35
34.50 0.00
35.00 13.50
35.50 742.47
36.00 509.16
36.50 787.01
37.00 751.51
37.50 877.95
38.00 746.66
38.50 824.67
39.00 851.68
39.50 842.16
40.00 840.09
40.50 875.21
41.00 857.99
41.50 853.90
42.00 826.24
42.50 867.18
43.00 816.43
43.50 702.40
44.00 767.80
44.50 758.69
45.00 722.16
45.50 701.70
46.00 767.84
46.50 742.72
47.00 747.27
47.50 785.49
48.00 701.23
48.50 620.32
49.00 705.07
49.50 715.84
50.00 426.34
50.50 661.46
51.00 740.71
51.50 731.95
52.00 787.28
52.50 712.90
53.00 686.85
53.50 774.07
54.00 857.76
54.50 715.00
55.00 744.49
55.50 707.62
56.00 738.65
56.50 749.91
57.00 722.75
57.50 720.02
58.00 704.20
58.50 783.91
59.00 756.44
59.50 750.88
60.00 717.97
60.50 739.13
61.00 729.59
61.50 838.30
62.00 704.23
62.50 856.81
63.00 715.71
63.50 826.47
64.00 788.68
64.50 778.17
65.00 834.80
65.50 689.01
66.00 336.79
66.50 723.55
67.00 867.94
67.50 709.05
68.00 710.54
68.50 723.83
69.00 805.80
69.50 380.52
70.00 200.39
70.50 664.85
71.00 900.00
71.50 687.81
72.00 685.63
72.50 681.39
73.00 770.48
73.50 839.45
74.00 799.15
74.50 677.30
75.00 675.04
75.50 730.50
76.00 828.11
76.50 711.71
77.00 758.36
77.50 522.61
78.00 482.58
78.50 742.21
79.00 697.09
79.50 784.07
80.00 719.89
80.50 724.21
81.00 663.47
81.50 748.31
82.00 718.71
82.50 779.99
83.00 751.65
83.50 697.31
84.00 728.69
84.50 759.25
85.00 734.70
85.50 730.39
86.00 704.17
86.50 749.80
87.00 736.19
87.50 684.30
88.00 696.51
88.50 713.06
89.00 715.38
89.50 726.82
90.00 737.36
90.50 838.80
91.00 734.40
91.50 810.68
92.00 783.33
92.50 717.12
93.00 697.21
93.50 721.62
94.00 782.10
94.50 751.50
95.00 760.86
95.50 736.94
96.00 692.71
96.50 742.66
97.00 722.34
97.50 761.26
98.00 706.35
98.50 730.63
99.00 767.29
99.50 768.38
100.00 731.22
100.50 762.02
101.00 730.25
101.50 689.55
102.00 729.90
102.50 707.75
103.00 781.19
103.50 707.20
104.00 718.92
104.50 756.27
105.00 743.35
105.50 429.80
106.00 534.31
106.50 435.55
107.00 748.37
107.50 427.69
108.00 728.69
108.50 707.28
109.00 715.05
109.50 756.15
110.00 683.58
110.50 706.71
111.00 727.27
111.50 745.34
112.00 739.75
112.50 712.10
113.00 700.33
113.50 717.89
114.00 725.97
114.50 731.89
115.00 757.44
115.50 740.30
116.00 717.90
116.50 742.31
117.00 754.94
117.50 728.55
118.00 739.05
118.50 718.89
119.00 739.09
119.50 727.56
120.00 775.13
120.50 722.15
121.00 753.96
121.50 725.25
122.00 713.97
122.50 723.73
123.00 728.17
123.50 756.79
124.00 714.04
124.50 686.99
125.00 3.70
125.50 10.06
126.00 3.36
126.50 0.00
127.00 8.44
127.50 550.75
128.00 159.33
128.50 369.13
129.00 472.55
129.50 116.01
130.00 323.05
130.50 14.15
131.00 6.65
131.50 0.00
132.00 399.63
132.50 680.31
133.00 630.84
133.50 737.67
134.00 688.46
134.50 739.93
135.00 689.24
135.50 716.06
136.00 784.85
136.50 780.27
137.00 796.82
137.50 742.13
138.00 689.77
138.50 757.92
139.00 707.98
139.50 751.13
140.00 740.94
140.50 753.27
141.00 699.73
141.50 745.64
142.00 775.71
142.50 744.87
143.00 719.50
143.50 715.49
144.00 731.57
144.50 720.98
145.00 780.78
145.50 695.08
146.00 733.39
146.50 698.66
147.00 762.67
147.50 691.12
148.00 711.95
148.50 709.05
149.00 699.88
149.50 695.63
150.00 110.52
150.50 713.24
151.00 711.85
151.50 711.58
152.00 711.80
152.50 668.62
153.00 399.57
153.50 406.64
154.00 739.24
154.50 740.83
155.00 833.26
155.50 814.36
156.00 872.08
156.50 836.68
157.00 862.99
157.50 851.48
158.00 840.11
158.50 686.63
159.00 789.77
159.50 842.81
160.00 677.89
160.50 760.69
161.00 726.92
161.50 761.04
162.00 760.79
162.50 714.27
163.00 708.20
163.50 692.63
164.00 737.56
164.50 739.58
165.00 707.91
165.50 684.18
166.00 853.98
166.50 751.11
167.00 826.30
167.50 655.63
168.00 754.44
168.50 752.26
169.00 725.02
169.50 773.51
170.00 808.31
170.50 742.93
171.00 753.11
171.50 741.72
172.00 772.09
172.50 771.10
173.00 744.10
173.50 774.93
174.00 737.85
174.50 699.14
175.00 711.99
175.50 690.03
176.00 778.57
176.50 730.46
177.00 724.64
177.50 646.33
178.00 814.71
178.50 864.37
179.00 832.08
179.50 865.97
180.00 428.77
180.50 120.37
181.00 810.15
181.50 625.68
182.00 739.90
182.50 403.23
183.00 809.44
183.50 705.89
184.00 865.46
184.50 838.46
185.00 804.96
185.50 805.05
186.00 793.76
186.50 847.78
187.00 819.47
187.50 807.02
188.00 763.92
188.50 722.62
189.00 675.89
189.50 818.76
190.00 723.12
190.50 748.93
191.00 783.26
191.50 712.74
192.00 782.94
192.50 755.73
193.00 804.19
193.50 750.70
194.00 758.43
194.50 734.87
195.00 729.40
195.50 727.15
196.00 779.61
196.50 718.34
197.00 740.61
197.50 689.20
198.00 742.57
198.50 734.97
199.00 678.92
199.50 740.86
200.00 787.61
200.50 686.96
201.00 738.75
201.50 737.87
202.00 746.71
202.50 651.42
203.00 301.59
203.50 721.64
204.00 718.37
204.50 900.00
205.00 709.54
205.50 833.96
206.00 658.56
206.50 796.56
207.00 791.24
207.50 770.81
208.00 858.02
208.50 767.85
209.00 806.43
209.50 823.11
210.00 741.62
210.50 802.60
211.00 774.61
211.50 674.06
212.00 748.35
212.50 724.14
213.00 695.91
213.50 780.84
214.00 825.85
214.50 684.84
215.00 717.25
215.50 686.78
216.00 754.22
216.50 697.03
217.00 736.02
217.50 746.26
218.00 741.78
218.50 715.01
219.00 714.54
219.50 724.29
220.00 738.85
220.50 720.92
221.00 654.06
221.50 784.03
222.00 702.85
222.50 742.05
223.00 724.09
223.50 698.71
224.00 737.17
224.50 779.48
225.00 728.60
225.50 739.83
226.00 736.93
226.50 700.59
227.00 738.09
227.50 721.92
228.00 695.85
228.50 751.59
229.00 148.09
229.50 697.20
230.00 896.43
230.50 873.68
231.00 787.24
231.50 811.24
232.00 727.52
232.50 715.43
233.00 681.88
233.50 756.85
234.00 752.06
234.50 839.76
235.00 818.93
235.50 732.02
236.00 751.50
236.50 713.33
237.00 736.20
237.50 752.01
238.00 405.88
238.50 749.56
239.00 727.83
239.50 733.46
240.00 669.69
240.50 775.19
241.00 708.44
241.50 815.63
242.00 817.37
242.50 843.77
243.00 376.37
243.50 1.94
244.00 0.00
244.50 10.53
245.00 13.36
245.50 771.67
246.00 458.84
246.50 762.33
247.00 702.43
247.50 731.62
248.00 689.98
248.50 735.47
249.00 724.63
249.50 689.40
250.00 726.44
250.50 735.58
251.00 727.69
251.50 764.74
252.00 736.74
252.50 748.43
253.00 759.62
253.50 738.91
254.00 752.83
254.50 734.90
255.00 690.44
255.50 746.75
256.00 777.68
256.50 706.97
257.00 726.38
257.50 764.64
258.00 730.73
258.50 900.00
259.00 751.89
259.50 759.99
260.00 701.58
260.50 737.67
261.00 752.91
261.50 763.79
262.00 734.35
262.50 721.14
263.00 713.88
263.50 191.42
264.00 336.14
264.50 487.49
265.00 849.05
265.50 839.07
266.00 858.38
266.50 778.32
267.00 763.60
267.50 825.65
268.00 728.64
268.50 770.70
269.00 760.93
269.50 742.98
270.00 782.22
270.50 726.68
271.00 732.49
271.50 758.27
272.00 720.98
272.50 758.64
273.00 751.32
273.50 750.78
274.00 776.24
274.50 677.43
275.00 721.73
275.50 725.62
276.00 771.57
276.50 723.24
277.00 900.00
277.50 852.28
278.00 810.73
278.50 719.20
279.00 706.35
279.50 717.16
280.00 871.17
280.50 817.61
281.00 787.53
281.50 712.75
282.00 778.79
282.50 792.40
283.00 518.72
283.50 747.65
284.00 758.27
284.50 784.87
285.00 712.55
285.50 728.06
286.00 786.06
286.50 690.10
287.00 725.68
287.50 701.60
288.00 845.53
288.50 699.15
289.00 758.67
289.50 679.83
290.00 713.51
290.50 871.05
291.00 765.70
291.50 845.22
292.00 836.97
292.50 701.88
293.00 759.00
293.50 737.91
294.00 750.26
294.50 771.39
295.00 741.66
295.50 728.70
296.00 742.91
296.50 772.95
297.00 783.78
297.50 736.12
298.00 745.78
298.50 660.41
299.00 696.16
299.50 741.27
