0.00 772.73
0.50 731.72
1.00 751.14
1.50 831.52
2.00 853.98
2.50 861.39
3.00 757.23
3.50 756.42
4.00 437.62
4.50 389.20
5.00 97.64
5.50 794.66
6.00 712.53
6.50 720.26
7.00 777.57
7.50 728.95
8.00 720.92
8.50 758.65
9.00 672.10
9.50 723.74
10.00 687.22
10.50 707.99
11.00 887.63
11.50 847.91
12.00 298.39
12.50 0.25
13.00 0.00
13.50 25.14
14.00 825.13
14.50 722.71
15.00 704.97
15.50 843.49
16.00 845.10
16.50 769.95
17.00 850.58
17.50 813.81
18.00 835.47
18.50 876.07
19.00 825.11
19.50 839.57
20.00 820.27
20.50 850.94
21.00 414.93
21.50 692.87
22.00 523.04
22.50 696.38
23.00 683.51
23.50 799.06
24.00 730.95
24.50 743.50
25.00 843.17
25.50 677.86
26.00 793.80
26.50 818.89
27.00 825.11
27.50 760.66
28.00 759.82
28.50 827.94
29.00 853.10
29.50 738.04
30.00 725.86
30.50 765.01
31.00 690.23
31.50 729.18
32.00 707.09
32.50 725.27
33.00 768.59
33.50 696.30
34.00 572.27
34.50 347.77
35.00 748.36
35.50 724.27
36.00 735.74
36.50 740.81
37.00 726.38
37.50 743.14
38.00 703.28
38.50 694.62
39.00 788.09
39.50 746.43
40.00 722.67
40.50 710.30
41.00 753.55
41.50 766.14
42.00 725.54
42.50 754.06
43.00 775.88
43.50 716.10
44.00 740.26
44.50 705.42
45.00 700.67
45.50 700.01
46.00 743.97
46.50 738.97
47.00 697.71
47.50 716.32
48.00 733.95
48.50 742.45
49.00 717.81
49.50 731.38
50.00 738.69
50.50 758.68
51.00 13.20
51.50 12.17
52.00 231.03
52.50 212.46
53.00 850.19
53.50 412.77
54.00 542.48
54.50 312.29
55.00 12.94
55.50 758.35
56.00 879.54
56.50 818.59
57.00 710.75
57.50 674.98
58.00 838.00
58.50 779.95
59.00 235.20
59.50 726.56
60.00 824.76
60.50 764.33
61.00 563.91
61.50 4.58
62.00 320.11
62.50 313.90
63.00 742.10
63.50 795.45
64.00 720.34
64.50 753.39
65.00 755.36
65.50 721.96
66.00 772.62
66.50 740.15
67.00 713.71
67.50 763.90
68.00 773.36
68.50 690.55
69.00 795.09
69.50 737.22
70.00 900.00
70.50 714.47
71.00 686.66
71.50 879.36
72.00 873.90
72.50 734.26
73.00 728.60
73.50 732.69
74.00 752.14
74.50 741.09
75.00 767.78
75.50 730.20
76.00 768.78
76.50 722.44
77.00 751.78
77.50 760.82
78.00 790.45
78.50 695.75
79.00 827.12
79.50 755.45
80.00 747.06
80.50 721.80
81.00 787.35
81.50 733.59
82.00 732.25
82.50 761.18
83.00 728.30
83.50 744.43
84.00 766.84
84.50 716.89
85.00 770.25
85.50 804.19
86.00 708.26
86.50 771.88
87.00 758.89
87.50 726.06
88.00 789.46
88.50 733.14
89.00 738.29
89.50 751.26
90.00 720.97
90.50 725.53
91.00 698.64
91.50 692.30
92.00 690.42
92.50 719.57
93.00 18.89
93.50 21.03
94.00 61.71
94.50 772.10
95.00 277.18
95.50 75.36
96.00 783.12
96.50 761.35
97.00 714.93
97.50 732.55
98.00 693.99
98.50 717.00
99.00 412.81
99.50 770.27
100.00 724.92
100.50 738.19
101.00 740.88
101.50 758.14
102.00 653.65
102.50 729.29
103.00 863.34
103.50 854.46
104.00 829.68
104.50 828.70
105.00 869.88
105.50 751.33
106.00 692.22
106.50 719.38
107.00 730.42
107.50 252.44
108.00 332.26
108.50 0.00
109.00 289.10
109.50 14.69
110.00 0.00
110.50 85.97
111.00 312.71
111.50 3.07
112.00 1.92
112.50 35.97
113.00 22.49
113.50 0.00
114.00 2.64
114.50 1.17
115.00 681.70
115.50 691.78
116.00 820.67
116.50 701.27
117.00 819.97
117.50 799.86
118.00 693.57
118.50 690.84
119.00 796.38
119.50 707.71
120.00 779.21
120.50 837.68
121.00 478.94
121.50 715.02
122.00 755.22
122.50 670.28
123.00 712.10
123.50 800.31
124.00 819.40
124.50 783.77
125.00 716.95
125.50 763.09
126.00 651.15
126.50 715.57
127.00 676.94
127.50 796.50
128.00 828.17
128.50 720.70
129.00 719.89
129.50 846.91
130.00 821.77
130.50 694.25
131.00 779.44
131.50 838.04
132.00 883.97
132.50 735.42
133.00 693.44
133.50 740.68
134.00 729.95
134.50 698.96
135.00 719.74
135.50 797.02
136.00 686.90
136.50 677.01
137.00 709.75
137.50 844.30
138.00 737.62
138.50 713.55
139.00 668.46
139.50 478.12
140.00 723.60
140.50 773.29
141.00 716.11
141.50 719.34
142.00 755.67
142.50 733.27
143.00 695.62
143.50 745.57
144.00 737.94
144.50 747.84
145.00 736.10
145.50 752.13
146.00 721.81
146.50 738.68
147.00 737.48
147.50 722.03
148.00 743.21
148.50 811.19
149.00 732.32
149.50 733.23
150.00 680.56
150.50 774.08
151.00 857.06
151.50 796.26
152.00 807.55
152.50 720.83
153.00 729.37
153.50 718.87
154.00 713.31
154.50 798.48
155.00 756.04
155.50 814.47
156.00 803.97
156.50 738.56
157.00 748.73
157.50 759.47
158.00 838.58
158.50 900.00
159.00 713.04
159.50 725.35
160.00 835.02
160.50 730.12
161.00 738.41
161.50 824.25
162.00 859.33
162.50 843.39
163.00 874.45
163.50 846.62
164.00 833.11
164.50 846.82
165.00 872.59
165.50 843.12
166.00 842.42
166.50 826.02
167.00 850.80
167.50 879.11
168.00 826.72
168.50 805.61
169.00 726.72
169.50 728.54
170.00 711.21
170.50 775.30
171.00 703.59
171.50 736.50
172.00 839.22
172.50 696.54
173.00 0.00
173.50 801.00
174.00 739.81
174.50 819.01
175.00 680.51
175.50 756.06
176.00 688.87
176.50 751.67
177.00 796.33
177.50 886.96
178.00 849.44
178.50 699.56
179.00 736.47
179.50 703.67
180.00 794.38
180.50 733.27
181.00 745.32
181.50 763.40
182.00 756.49
182.50 734.89
183.00 744.10
183.50 702.05
184.00 770.18
184.50 753.88
185.00 710.82
185.50 708.55
186.00 711.92
186.50 707.39
187.00 679.20
187.50 776.06
188.00 679.40
188.50 721.57
189.00 725.75
189.50 669.93
190.00 696.19
190.50 728.73
191.00 716.23
191.50 686.64
192.00 709.09
192.50 737.65
193.00 707.50
193.50 711.43
194.00 690.18
194.50 729.49
195.00 654.65
195.50 720.70
196.00 706.00
196.50 783.64
197.00 743.37
197.50 816.35
198.00 873.13
198.50 753.15
199.00 843.78
199.50 724.92
200.00 703.69
200.50 686.51
201.00 792.57
201.50 768.52
202.00 732.71
202.50 727.91
203.00 548.31
203.50 453.46
204.00 405.69
204.50 135.39
205.00 258.81
205.50 580.47
206.00 0.00
206.50 11.02
207.00 0.00
207.50 1.66
208.00 0.00
208.50 10.01
209.00 552.29
209.50 10.94
210.00 899.88
210.50 766.28
211.00 683.69
211.50 696.91
212.00 8.08
212.50 682.17
213.00 730.11
213.50 586.49
214.00 701.17
214.50 735.40
215.00 724.41
215.50 698.76
216.00 604.84
216.50 718.03
217.00 760.60
217.50 756.27
218.00 734.18
218.50 735.78
219.00 691.39
219.50 754.29
220.00 702.68
220.50 686.05
221.00 712.84
221.50 700.21
222.00 796.35
222.50 736.32
223.00 692.06
223.50 763.42
224.00 728.53
224.50 198.96
225.00 767.59
225.50 740.80
226.00 755.97
226.50 744.67
227.00 765.91
227.50 700.07
228.00 762.95
228.50 732.50
229.00 762.67
229.50 753.25
230.00 718.52
230.50 790.26
231.00 669.89
231.50 697.33
232.00 743.17
232.50 779.03
233.00 758.99
233.50 814.49
234.00 699.51
234.50 735.12
235.00 670.21
235.50 686.09
236.00 754.46
236.50 733.38
237.00 477.54
237.50 755.87
238.00 705.76
238.50 834.77
239.00 865.82
239.50 872.05
240.00 846.85
240.50 651.67
241.00 490.78
241.50 730.65
242.00 845.81
242.50 848.63
243.00 747.30
243.50 734.10
244.00 744.82
244.50 737.01
245.00 702.83
245.50 750.22
246.00 731.63
246.50 746.78
247.00 782.72
247.50 706.23
248.00 762.42
248.50 699.38
249.00 761.24
249.50 332.78
250.00 483.54
250.50 698.54
251.00 733.58
251.50 837.41
252.00 844.20
252.50 811.04
253.00 846.19
253.50 818.79
254.00 854.79
254.50 844.51
255.00 303.59
255.50 290.04
256.00 556.92
256.50 739.87
257.00 867.54
257.50 882.65
258.00 710.89
258.50 721.82
259.00 703.83
259.50 718.87
260.00 724.51
260.50 759.55
261.00 729.67
261.50 764.89
262.00 776.77
262.50 748.19
263.00 697.62
263.50 733.51
264.00 706.33
264.50 754.77
265.00 707.87
265.50 699.56
266.00 708.97
266.50 701.56
267.00 735.34
267.50 770.08
268.00 729.75
268.50 713.24
269.00 731.25
269.50 738.09
270.00 754.20
270.50 751.04
271.00 811.94
271.50 685.34
272.00 707.89
272.50 573.82
273.00 148.15
273.50 677.04
274.00 747.94
274.50 730.37
275.00 752.92
275.50 764.41
276.00 739.40
276.50 700.23
277.00 733.66
277.50 701.23
278.00 718.25
278.50 640.68
279.00 648.48
279.50 728.70
280.00 622.07
280.50 5.88
281.00 283.85
281.50 747.57
282.00 711.19
282.50 761.67
283.00 764.23
283.50 730.85
284.00 711.92
284.50 735.72
285.00 726.55
285.50 760.36
286.00 746.70
286.50 793.85
287.00 695.99
287.50 717.73
288.00 714.32
288.50 691.70
289.00 704.32
289.50 743.15
290.00 741.36
290.50 773.43
291.00 727.83
291.50 718.37
292.00 755.58
292.50 757.26
293.00 700.46
293.50 741.17
294.00 696.68
294.50 700.73
295.00 701.12
295.50 719.40
296.00 766.79
296.50 755.70
297.00 730.88
297.50 693.34
298.00 742.69
298.50 688.97
299.00 703.76
299.50 757.25
