0.00 720.92
0.50 751.51
1.00 735.08
1.50 745.12
2.00 795.52
2.50 711.08
3.00 734.88
3.50 744.20
4.00 680.56
4.50 729.72
5.00 694.01
5.50 733.42
6.00 753.24
6.50 690.84
7.00 760.03
7.50 773.39
8.00 778.35
8.50 747.70
9.00 712.71
9.50 737.15
10.00 723.53
10.50 769.57
11.00 706.76
11.50 728.79
12.00 732.20
12.50 835.90
13.00 829.67
13.50 859.06
14.00 694.76
14.50 714.90
15.00 706.85
15.50 674.21
16.00 753.60
16.50 737.30
17.00 836.38
17.50 744.68
18.00 773.09
18.50 702.90
19.00 687.99
19.50 857.86
20.00 675.41
20.50 694.56
21.00 690.93
21.50 771.90
22.00 714.99
22.50 221.09
23.00 716.24
23.50 682.23
24.00 861.61
24.50 252.87
25.00 62.92
25.50 766.36
26.00 765.35
26.50 838.19
27.00 875.31
27.50 651.34
28.00 715.28
28.50 684.79
29.00 718.07
29.50 746.33
30.00 675.42
30.50 773.05
31.00 841.33
31.50 716.02
32.00 797.91
32.50 702.10
33.00 727.04
33.50 673.16
34.00 725.98
34.50 681.45
35.00 685.45
35.50 716.31
36.00 694.95
36.50 730.49
37.00 0.00
37.50 0.00
38.00 764.10
38.50 713.19
39.00 848.21
39.50 720.58
40.00 813.05
40.50 803.46
41.00 699.60
41.50 711.37
42.00 651.45
42.50 772.00
43.00 802.71
43.50 749.32
44.00 830.60
44.50 876.06
45.00 864.68
45.50 701.74
46.00 764.46
46.50 49.38
47.00 184.10
47.50 248.79
48.00 592.74
48.50 809.59
49.00 710.56
49.50 693.17
50.00 703.08
50.50 771.90
51.00 725.86
51.50 729.02
52.00 726.17
52.50 737.22
53.00 758.27
53.50 705.97
54.00 669.42
54.50 765.45
55.00 651.42
55.50 752.37
56.00 771.39
56.50 715.72
57.00 737.82
57.50 729.58
58.00 694.16
58.50 0.00
59.00 697.11
59.50 725.02
60.00 717.46
60.50 735.87
61.00 717.64
61.50 765.43
62.00 792.03
62.50 738.41
63.00 752.68
63.50 748.71
64.00 782.80
64.50 697.88
65.00 725.29
65.50 719.53
66.00 707.57
66.50 802.51
67.00 769.82
67.50 737.89
68.00 728.73
68.50 717.10
69.00 720.01
69.50 736.76
70.00 767.66
70.50 860.66
71.00 846.84
71.50 843.77
72.00 823.57
72.50 753.67
73.00 810.52
73.50 796.42
74.00 695.34
74.50 716.81
75.00 774.09
75.50 698.88
76.00 654.33
76.50 773.72
77.00 726.97
77.50 705.41
78.00 711.02
78.50 670.62
79.00 703.29
79.50 715.87
80.00 771.68
80.50 701.04
81.00 748.94
81.50 731.64
82.00 768.38
82.50 761.21
83.00 734.97
83.50 755.43
84.00 710.20
84.50 781.74
85.00 762.37
85.50 721.53
86.00 758.08
86.50 853.97
87.00 721.57
87.50 729.46
88.00 805.04
88.50 769.27
89.00 675.47
89.50 796.91
90.00 716.28
90.50 728.81
91.00 746.51
91.50 677.20
92.00 747.05
92.50 755.12
93.00 772.07
93.50 728.67
94.00 701.37
94.50 744.50
95.00 764.08
95.50 825.67
96.00 546.06
96.50 767.90
97.00 728.21
97.50 722.62
98.00 719.86
98.50 746.02
99.00 729.49
99.50 711.69
100.00 678.16
100.50 743.15
101.00 667.06
101.50 806.39
102.00 714.59
102.50 743.30
103.00 702.34
103.50 825.04
104.00 734.65
104.50 725.65
105.00 686.44
105.50 757.22
106.00 753.95
106.50 785.36
107.00 756.13
107.50 756.50
108.00 646.54
108.50 729.77
109.00 1.70
109.50 0.00
110.00 140.15
110.50 775.67
111.00 698.78
111.50 719.41
112.00 753.77
112.50 716.08
113.00 797.06
113.50 723.52
114.00 710.93
114.50 781.52
115.00 783.31
115.50 37.71
116.00 298.70
116.50 176.76
117.00 710.09
117.50 718.73
118.00 707.07
118.50 417.22
119.00 700.78
119.50 715.37
120.00 682.30
120.50 721.26
121.00 891.95
121.50 727.05
122.00 757.80
122.50 847.84
123.00 765.31
123.50 658.34
124.00 711.58
124.50 231.58
125.00 680.65
125.50 689.78
126.00 728.12
126.50 0.00
127.00 533.18
127.50 674.71
128.00 741.58
128.50 759.13
129.00 684.27
129.50 720.17
130.00 793.18
130.50 723.90
131.00 704.55
131.50 314.94
132.00 696.12
132.50 691.18
133.00 781.43
133.50 495.40
134.00 215.68
134.50 768.69
135.00 13.61
135.50 488.41
136.00 261.05
136.50 0.00
137.00 900.00
137.50 0.00
138.00 0.00
138.50 272.73
139.00 506.67
139.50 53.78
140.00 169.24
140.50 19.89
141.00 1.97
141.50 24.82
142.00 186.89
142.50 686.29
143.00 719.66
143.50 444.82
144.00 0.00
144.50 258.04
145.00 852.81
145.50 737.30
146.00 723.93
146.50 756.49
147.00 741.68
147.50 781.18
148.00 738.10
148.50 699.73
149.00 721.35
149.50 763.45
150.00 704.12
150.50 720.07
151.00 691.89
151.50 815.95
152.00 839.94
152.50 828.96
153.00 693.45
153.50 721.16
154.00 723.64
154.50 707.67
155.00 772.74
155.50 762.62
156.00 691.63
156.50 739.42
157.00 770.87
157.50 777.86
158.00 750.55
158.50 710.89
159.00 726.75
159.50 702.83
160.00 711.05
160.50 699.47
161.00 713.05
161.50 737.05
162.00 681.83
162.50 368.13
163.00 347.11
163.50 716.59
164.00 737.52
164.50 700.51
165.00 683.76
165.50 692.54
166.00 771.22
166.50 731.70
167.00 740.80
167.50 705.78
168.00 738.75
168.50 832.01
169.00 900.00
169.50 800.67
170.00 764.23
170.50 734.00
171.00 714.20
171.50 704.10
172.00 700.29
172.50 519.21
173.00 287.32
173.50 189.07
174.00 4.88
174.50 797.43
175.00 221.83
175.50 500.73
176.00 702.73
176.50 738.06
177.00 732.76
177.50 700.14
178.00 731.61
178.50 690.81
179.00 737.29
179.50 752.45
180.00 699.29
180.50 745.64
181.00 675.27
181.50 716.87
182.00 672.93
182.50 770.63
183.00 742.00
183.50 788.27
184.00 692.75
184.50 750.47
185.00 773.97
185.50 746.29
186.00 900.00
186.50 264.09
187.00 744.62
187.50 754.19
188.00 702.50
188.50 763.17
189.00 699.80
189.50 826.06
190.00 752.56
190.50 722.74
191.00 704.99
191.50 699.79
192.00 701.42
192.50 679.11
193.00 722.68
193.50 764.79
194.00 788.26
194.50 695.82
195.00 776.48
195.50 772.15
196.00 743.90
196.50 753.66
197.00 754.86
197.50 692.23
198.00 709.52
198.50 702.57
199.00 710.42
199.50 734.48
200.00 754.91
200.50 707.37
201.00 734.27
201.50 699.52
202.00 698.33
202.50 788.48
203.00 743.12
203.50 329.50
204.00 3.68
204.50 774.97
205.00 730.24
205.50 849.22
206.00 828.31
206.50 877.16
207.00 844.84
207.50 512.25
208.00 555.69
208.50 319.82
209.00 672.45
209.50 671.41
210.00 725.29
210.50 736.94
211.00 778.59
211.50 830.18
212.00 792.88
212.50 730.00
213.00 683.15
213.50 713.82
214.00 680.31
214.50 800.27
215.00 837.78
215.50 855.63
216.00 675.10
216.50 682.40
217.00 733.22
217.50 704.08
218.00 748.83
218.50 838.42
219.00 749.20
219.50 680.22
220.00 726.74
220.50 782.64
221.00 712.06
221.50 681.25
222.00 689.07
222.50 804.82
223.00 699.78
223.50 807.58
224.00 649.88
224.50 709.83
225.00 389.53
225.50 705.08
226.00 723.61
226.50 690.91
227.00 7.22
227.50 483.56
228.00 639.63
228.50 665.35
229.00 780.69
229.50 754.62
230.00 86.65
230.50 721.01
231.00 676.27
231.50 667.25
232.00 717.69
232.50 722.89
233.00 764.33
233.50 326.50
234.00 441.06
234.50 554.11
235.00 786.02
235.50 27.98
236.00 738.74
236.50 80.03
237.00 760.46
237.50 737.51
238.00 715.50
238.50 722.32
239.00 705.29
239.50 361.73
240.00 17.52
240.50 476.23
241.00 268.73
241.50 287.97
242.00 571.98
242.50 756.75
243.00 683.38
243.50 661.30
244.00 745.12
244.50 857.01
245.00 816.33
245.50 787.88
246.00 752.83
246.50 826.04
247.00 870.53
247.50 861.63
248.00 669.61
248.50 832.88
249.00 757.58
249.50 669.67
250.00 726.25
250.50 722.84
251.00 709.40
251.50 724.67
252.00 803.65
252.50 707.54
253.00 734.45
253.50 738.75
254.00 792.97
254.50 755.24
255.00 826.82
255.50 727.13
256.00 679.96
256.50 693.51
257.00 234.95
257.50 708.50
258.00 765.83
258.50 722.41
259.00 717.06
259.50 731.95
260.00 747.46
260.50 736.99
261.00 730.68
261.50 710.09
262.00 751.07
262.50 701.02
263.00 742.90
263.50 727.45
264.00 782.17
264.50 753.48
265.00 723.24
265.50 733.84
266.00 874.39
266.50 667.19
267.00 697.87
267.50 719.71
268.00 741.65
268.50 671.51
269.00 863.58
269.50 830.95
270.00 690.75
270.50 804.75
271.00 832.37
271.50 745.72
272.00 730.39
272.50 706.96
273.00 738.26
273.50 776.68
274.00 715.64
274.50 686.18
275.00 759.48
275.50 718.50
276.00 689.65
276.50 726.40
277.00 744.23
277.50 694.63
278.00 739.57
278.50 735.48
279.00 683.06
279.50 738.27
280.00 705.80
280.50 712.76
281.00 863.37
281.50 825.60
282.00 795.30
282.50 691.01
283.00 735.98
283.50 745.09
284.00 742.41
284.50 698.75
285.00 677.54
285.50 811.87
286.00 810.92
286.50 790.46
287.00 803.39
287.50 841.39
288.00 770.93
288.50 737.45
289.00 870.79
289.50 728.55
290.00 679.19
290.50 718.06
291.00 758.18
291.50 739.98
292.00 722.26
292.50 645.38
293.00 697.13
293.50 357.79
294.00 695.08
294.50 706.58
295.00 725.03
295.50 714.84
296.00 753.72
296.50 688.40
297.00 756.31
297.50 744.30
298.00 750.20
298.50 676.18
299.00 753.31
299.50 762.39
