0.00 708.50
0.50 733.07
1.00 734.90
1.50 722.50
2.00 539.29
2.50 677.04
3.00 706.15
3.50 881.93
4.00 900.00
4.50 778.43
5.00 704.23
5.50 720.60
6.00 715.86
6.50 750.45
7.00 717.97
7.50 747.06
8.00 827.16
8.50 862.95
9.00 832.26
9.50 816.94
10.00 690.77
10.50 719.79
11.00 768.64
11.50 847.22
12.00 819.63
12.50 780.38
13.00 761.41
13.50 737.91
14.00 696.84
14.50 795.74
15.00 323.02
15.50 712.50
16.00 381.30
16.50 0.00
17.00 0.00
17.50 0.00
18.00 3.66
18.50 0.00
19.00 699.46
19.50 742.27
20.00 689.49
20.50 722.05
21.00 706.52
21.50 731.68
22.00 886.07
22.50 685.51
23.00 697.73
23.50 675.87
24.00 852.09
24.50 713.69
25.00 873.98
25.50 717.49
26.00 849.44
26.50 486.86
27.00 179.00
27.50 593.49
28.00 419.77
28.50 525.34
29.00 378.01
29.50 642.94
30.00 263.46
30.50 606.54
31.00 245.19
31.50 608.48
32.00 704.62
32.50 687.54
33.00 713.03
33.50 745.15
34.00 729.14
34.50 708.09
35.00 755.65
35.50 752.40
36.00 706.22
36.50 744.79
37.00 765.30
37.50 743.45
38.00 696.62
38.50 752.94
39.00 722.83
39.50 743.83
40.00 784.36
40.50 800.70
41.00 736.51
41.50 719.77
42.00 769.06
42.50 717.44
43.00 705.07
43.50 18.69
44.00 568.32
44.50 0.00
45.00 7.03
45.50 692.14
46.00 731.28
46.50 730.85
47.00 772.00
47.50 734.86
48.00 681.77
48.50 864.05
49.00 780.73
49.50 840.15
50.00 727.65
50.50 743.96
51.00 800.21
51.50 870.09
52.00 862.62
52.50 873.16
53.00 852.39
53.50 840.31
54.00 833.83
54.50 844.84
55.00 813.17
55.50 814.64
56.00 841.91
56.50 707.01
57.00 714.12
57.50 0.00
58.00 723.45
58.50 752.50
59.00 769.79
59.50 839.54
60.00 833.32
60.50 845.66
61.00 845.85
61.50 807.59
62.00 833.78
62.50 863.97
63.00 886.62
63.50 808.98
64.00 824.01
64.50 844.77
65.00 827.00
65.50 847.41
66.00 811.48
66.50 852.88
67.00 399.81
67.50 823.41
68.00 670.17
68.50 676.23
69.00 753.71
69.50 780.93
70.00 740.59
70.50 763.49
71.00 731.71
71.50 733.39
72.00 757.92
72.50 769.30
73.00 761.24
73.50 710.53
74.00 703.18
74.50 718.01
75.00 702.07
75.50 741.41
76.00 688.09
76.50 755.59
77.00 720.48
77.50 758.80
78.00 704.95
78.50 714.74
79.00 781.76
79.50 853.29
80.00 840.71
80.50 831.53
81.00 737.72
81.50 342.46
82.00 763.41
82.50 753.37
83.00 658.92
83.50 695.04
84.00 881.70
84.50 722.12
85.00 819.08
85.50 888.71
86.00 669.71
86.50 720.24
87.00 784.31
87.50 722.74
88.00 713.10
88.50 809.47
89.00 740.39
89.50 683.11
90.00 689.53
90.50 687.49
91.00 734.79
91.50 812.30
92.00 680.71
92.50 709.36
93.00 759.64
93.50 761.00
94.00 708.65
94.50 704.91
95.00 694.81
95.50 690.31
96.00 695.62
96.50 451.50
97.00 855.77
97.50 850.41
98.00 743.11
98.50 695.10
99.00 690.07
99.50 610.71
100.00 373.47
100.50 752.93
101.00 727.66
101.50 769.93
102.00 745.20
102.50 739.30
103.00 646.84
103.50 846.38
104.00 875.46
104.50 828.78
105.00 836.73
105.50 744.42
106.00 785.26
106.50 768.02
107.00 737.50
107.50 733.29
108.00 784.74
108.50 814.48
109.00 840.80
109.50 787.48
110.00 756.58
110.50 710.99
111.00 715.41
111.50 781.39
112.00 698.60
112.50 782.33
113.00 830.08
113.50 831.44
114.00 730.99
114.50 753.27
115.00 743.24
115.50 581.88
116.00 712.50
116.50 887.71
117.00 756.63
117.50 703.99
118.00 702.09
118.50 715.04
119.00 698.83
119.50 723.68
120.00 696.11
120.50 682.84
121.00 733.82
121.50 725.78
122.00 784.35
122.50 723.75
123.00 653.24
123.50 735.33
124.00 694.66
124.50 719.24
125.00 754.91
125.50 746.37
126.00 724.90
126.50 698.48
127.00 723.72
127.50 672.47
128.00 724.56
128.50 768.03
129.00 726.30
129.50 729.91
130.00 500.87
130.50 690.01
131.00 648.93
131.50 6.23
132.00 222.83
132.50 0.00
133.00 682.42
133.50 777.26
134.00 749.63
134.50 735.32
135.00 722.87
135.50 742.94
136.00 732.87
136.50 687.51
137.00 63.88
137.50 698.55
138.00 882.44
138.50 688.58
139.00 831.27
139.50 733.14
140.00 704.28
140.50 805.09
141.00 766.32
141.50 864.35
142.00 729.97
142.50 785.56
143.00 737.78
143.50 698.87
144.00 780.05
144.50 693.24
145.00 840.99
145.50 806.11
146.00 821.05
146.50 852.69
147.00 812.98
147.50 818.37
148.00 756.44
148.50 793.66
149.00 697.73
149.50 752.72
150.00 719.43
150.50 756.00
151.00 748.86
151.50 651.11
152.00 381.77
152.50 302.24
153.00 714.74
153.50 749.53
154.00 743.45
154.50 698.36
155.00 687.18
155.50 709.69
156.00 450.86
156.50 0.00
157.00 813.60
157.50 729.15
158.00 741.14
158.50 770.04
159.00 75.72
159.50 692.76
160.00 750.33
160.50 725.90
161.00 762.99
161.50 760.23
162.00 810.36
162.50 555.20
163.00 676.09
163.50 859.48
164.00 877.99
164.50 258.05
165.00 0.17
165.50 574.57
166.00 713.36
166.50 768.38
167.00 692.86
167.50 679.12
168.00 762.86
168.50 681.75
169.00 655.11
169.50 464.50
170.00 722.31
170.50 882.09
171.00 830.26
171.50 839.68
172.00 801.35
172.50 708.41
173.00 697.45
173.50 731.54
174.00 710.39
174.50 768.38
175.00 860.34
175.50 668.42
176.00 820.67
176.50 714.92
177.00 463.55
177.50 700.89
178.00 721.30
178.50 702.46
179.00 737.00
179.50 770.98
180.00 698.96
180.50 772.66
181.00 796.10
181.50 672.10
182.00 710.65
182.50 702.98
183.00 733.26
183.50 761.96
184.00 846.12
184.50 764.49
185.00 720.65
185.50 720.08
186.00 784.34
186.50 715.55
187.00 694.86
187.50 863.68
188.00 710.86
188.50 733.79
189.00 729.18
189.50 723.27
190.00 747.80
190.50 667.07
191.00 732.92
191.50 698.76
192.00 695.89
192.50 720.53
193.00 712.59
193.50 846.46
194.00 533.54
194.50 748.45
195.00 768.99
195.50 900.00
196.00 680.47
196.50 814.36
197.00 823.47
197.50 711.32
198.00 713.94
198.50 5.97
199.00 11.04
199.50 0.00
200.00 808.42
200.50 699.33
201.00 720.79
201.50 716.67
202.00 699.92
202.50 661.05
203.00 680.55
203.50 747.05
204.00 722.59
204.50 788.05
205.00 737.02
205.50 653.13
206.00 735.32
206.50 859.84
207.00 714.01
207.50 671.24
208.00 685.88
208.50 536.28
209.00 580.10
209.50 260.15
210.00 417.16
210.50 727.03
211.00 344.48
211.50 513.49
212.00 451.92
212.50 271.80
213.00 362.79
213.50 613.53
214.00 726.36
214.50 616.35
215.00 664.28
215.50 750.95
216.00 718.96
216.50 759.14
217.00 727.20
217.50 781.42
218.00 731.89
218.50 716.34
219.00 668.29
219.50 788.46
220.00 731.37
220.50 740.02
221.00 749.90
221.50 715.21
222.00 11.30
222.50 546.78
223.00 21.15
223.50 900.00
224.00 321.74
224.50 699.79
225.00 355.97
225.50 0.00
226.00 62.46
226.50 729.06
227.00 717.16
227.50 576.15
228.00 36.72
228.50 480.20
229.00 426.72
229.50 0.00
230.00 0.00
230.50 0.00
231.00 354.43
231.50 720.22
232.00 777.80
232.50 480.86
233.00 300.74
233.50 571.86
234.00 412.60
234.50 444.58
235.00 0.00
235.50 12.00
236.00 0.00
236.50 19.15
237.00 3.73
237.50 370.01
238.00 75.13
238.50 707.09
239.00 710.52
239.50 700.36
240.00 734.87
240.50 679.39
241.00 696.17
241.50 703.32
242.00 697.68
242.50 812.37
243.00 707.54
243.50 97.30
244.00 702.71
244.50 770.20
245.00 681.46
245.50 732.84
246.00 438.04
246.50 583.85
247.00 15.52
247.50 24.79
248.00 740.85
248.50 731.86
249.00 712.94
249.50 800.14
250.00 703.29
250.50 745.40
251.00 876.36
251.50 728.75
252.00 740.93
252.50 674.69
253.00 728.72
253.50 785.68
254.00 725.21
254.50 138.27
255.00 763.02
255.50 700.30
256.00 774.95
256.50 801.64
257.00 774.10
257.50 742.69
258.00 785.50
258.50 642.95
259.00 777.43
259.50 688.80
260.00 775.55
260.50 568.99
261.00 29.95
261.50 7.96
262.00 2.14
262.50 705.85
263.00 751.61
263.50 687.36
264.00 857.39
264.50 711.23
265.00 671.53
265.50 698.02
266.00 712.70
266.50 684.40
267.00 678.35
267.50 744.08
268.00 754.29
268.50 772.64
269.00 714.96
269.50 720.90
270.00 740.01
270.50 788.45
271.00 795.90
271.50 853.48
272.00 865.17
272.50 828.63
273.00 724.79
273.50 695.20
274.00 701.45
274.50 863.76
275.00 751.51
275.50 769.32
276.00 688.06
276.50 712.83
277.00 761.14
277.50 732.76
278.00 691.57
278.50 730.85
279.00 798.09
279.50 716.29
280.00 738.53
280.50 877.79
281.00 731.17
281.50 789.92
282.00 729.96
282.50 797.69
283.00 708.76
283.50 188.44
284.00 725.03
284.50 654.84
285.00 692.16
285.50 697.00
286.00 731.31
286.50 779.29
287.00 857.87
287.50 856.66
288.00 153.11
288.50 440.36
289.00 134.63
289.50 14.17
290.00 0.00
290.50 0.58
291.00 72.65
291.50 748.41
292.00 678.82
292.50 748.25
293.00 728.29
293.50 717.75
294.00 777.56
294.50 756.75
295.00 695.76
295.50 728.97
296.00 9.82
296.50 1.06
297.00 340.67
297.50 289.56
298.00 332.61
298.50 4.01
299.00 454.15
299.50 17.44
