0.00 784.07
0.50 738.45
1.00 753.45
1.50 750.87
2.00 0.00
2.50 485.16
3.00 520.39
3.50 84.39
4.00 321.40
4.50 814.16
5.00 714.77
5.50 708.74
6.00 404.78
6.50 702.27
7.00 695.89
7.50 843.96
8.00 683.81
8.50 858.45
9.00 714.95
9.50 701.46
10.00 701.19
10.50 576.07
11.00 712.42
11.50 693.20
12.00 900.00
12.50 785.89
13.00 731.05
13.50 734.25
14.00 710.34
14.50 168.53
15.00 707.57
15.50 714.70
16.00 825.21
16.50 862.66
17.00 705.72
17.50 696.51
18.00 807.73
18.50 838.58
19.00 748.83
19.50 717.04
20.00 760.99
20.50 728.86
21.00 771.06
21.50 742.69
22.00 753.53
22.50 710.24
23.00 701.98
23.50 735.43
24.00 746.61
24.50 738.62
25.00 741.21
25.50 753.86
26.00 730.07
26.50 681.54
27.00 764.60
27.50 726.72
28.00 900.00
28.50 16.12
29.00 2.96
29.50 530.27
30.00 222.62
30.50 15.75
31.00 4.27
31.50 12.23
32.00 3.59
32.50 827.10
33.00 830.66
33.50 835.41
34.00 705.06
34.50 834.71
35.00 702.54
35.50 697.61
36.00 740.68
36.50 702.82
37.00 762.77
37.50 723.54
38.00 708.03
38.50 738.61
39.00 790.23
39.50 740.02
40.00 720.99
40.50 735.12
41.00 717.48
41.50 687.71
42.00 751.31
42.50 693.12
43.00 792.15
43.50 835.31
44.00 857.56
44.50 751.78
45.00 423.10
45.50 507.40
46.00 716.38
46.50 838.33
47.00 822.64
47.50 837.63
48.00 844.98
48.50 807.75
49.00 834.95
49.50 842.22
50.00 717.57
50.50 101.64
51.00 0.00
51.50 0.00
52.00 0.00
52.50 457.42
53.00 275.81
53.50 232.60
54.00 691.21
54.50 802.11
55.00 753.64
55.50 741.87
56.00 740.77
56.50 849.13
57.00 856.97
57.50 866.33
58.00 833.79
58.50 742.52
59.00 796.54
59.50 855.83
60.00 849.28
60.50 456.69
61.00 801.34
61.50 745.02
62.00 687.81
62.50 729.03
63.00 706.01
63.50 740.22
64.00 881.53
64.50 836.25
65.00 764.69
65.50 734.45
66.00 723.06
66.50 714.73
67.00 716.64
67.50 718.17
68.00 732.83
68.50 698.94
69.00 872.95
69.50 686.10
70.00 726.66
70.50 730.71
71.00 871.38
71.50 775.87
72.00 757.23
72.50 728.57
73.00 724.53
73.50 737.35
74.00 709.16
74.50 734.86
75.00 703.43
75.50 742.84
76.00 727.33
76.50 797.78
77.00 756.74
77.50 708.18
78.00 752.94
78.50 706.85
79.00 740.06
79.50 759.04
80.00 718.78
80.50 776.90
81.00 721.97
81.50 706.37
82.00 716.72
82.50 655.84
83.00 726.95
83.50 714.83
84.00 727.12
84.50 728.20
85.00 726.63
85.50 796.79
86.00 768.22
86.50 754.23
87.00 744.12
87.50 715.09
88.00 707.68
88.50 740.92
89.00 779.72
89.50 708.40
90.00 679.41
90.50 7.83
91.00 13.46
91.50 307.43
92.00 13.99
92.50 358.70
93.00 33.71
93.50 0.95
94.00 13.35
94.50 367.15
95.00 704.83
95.50 387.96
96.00 108.13
96.50 7.65
97.00 691.94
97.50 215.37
98.00 699.38
98.50 841.20
99.00 731.37
99.50 768.98
100.00 728.75
100.50 695.25
101.00 786.93
101.50 769.28
102.00 727.34
102.50 714.95
103.00 780.31
103.50 786.02
104.00 796.90
104.50 743.63
105.00 689.77
105.50 758.03
106.00 813.02
106.50 728.19
107.00 740.64
107.50 686.40
108.00 401.23
108.50 900.00
109.00 404.29
109.50 870.71
110.00 835.16
110.50 810.89
111.00 551.48
111.50 615.02
112.00 748.14
112.50 690.35
113.00 708.39
113.50 710.32
114.00 819.74
114.50 837.21
115.00 825.51
115.50 796.48
116.00 773.16
116.50 759.89
117.00 718.87
117.50 695.64
118.00 743.20
118.50 744.10
119.00 698.97
119.50 723.19
120.00 725.08
120.50 781.07
121.00 757.36
121.50 723.77
122.00 682.42
122.50 666.59
123.00 713.61
123.50 755.31
124.00 450.46
124.50 765.57
125.00 689.40
125.50 696.07
126.00 794.12
126.50 785.70
127.00 737.09
127.50 719.38
128.00 805.14
128.50 690.68
129.00 731.57
129.50 720.50
130.00 849.29
130.50 732.61
131.00 739.92
131.50 724.94
132.00 744.42
132.50 722.85
133.00 732.50
133.50 745.46
134.00 696.26
134.50 756.01
135.00 734.68
135.50 769.20
136.00 703.34
136.50 734.34
137.00 698.26
137.50 752.18
138.00 757.06
138.50 718.19
139.00 878.40
139.50 837.37
140.00 841.88
140.50 468.03
141.00 791.62
141.50 662.22
142.00 830.13
142.50 681.34
143.00 763.61
143.50 716.87
144.00 815.94
144.50 748.95
145.00 710.55
145.50 716.20
146.00 761.24
146.50 781.02
147.00 791.73
147.50 749.09
148.00 728.19
148.50 681.09
149.00 708.39
149.50 824.29
150.00 788.17
150.50 692.83
151.00 716.28
151.50 829.48
152.00 654.88
152.50 890.61
153.00 414.21
153.50 713.60
154.00 796.88
154.50 837.38
155.00 875.85
155.50 834.66
156.00 860.06
156.50 831.01
157.00 820.87
157.50 840.87
158.00 795.49
158.50 847.23
159.00 846.64
159.50 857.93
160.00 847.28
160.50 877.13
161.00 834.72
161.50 815.00
162.00 849.50
162.50 857.14
163.00 764.85
163.50 665.74
164.00 698.74
164.50 391.87
165.00 449.84
165.50 762.22
166.00 719.23
166.50 718.58
167.00 714.95
167.50 763.85
168.00 678.73
168.50 664.02
169.00 751.35
169.50 781.72
170.00 209.98
170.50 378.73
171.00 801.00
171.50 743.90
172.00 806.17
172.50 735.54
173.00 628.68
173.50 721.41
174.00 717.49
174.50 701.54
175.00 733.11
175.50 787.95
176.00 425.43
176.50 14.74
177.00 7.70
177.50 12.70
178.00 298.62
178.50 438.06
179.00 219.74
179.50 20.41
180.00 603.02
180.50 716.77
181.00 694.66
181.50 703.52
182.00 746.17
182.50 757.20
183.00 772.20
183.50 0.00
184.00 323.51
184.50 14.89
185.00 2.18
185.50 5.44
186.00 4.81
186.50 399.49
187.00 404.09
187.50 217.80
188.00 214.72
188.50 365.19
189.00 763.63
189.50 711.30
190.00 726.20
190.50 779.70
191.00 721.15
191.50 716.47
192.00 238.69
192.50 677.42
193.00 760.09
193.50 726.14
194.00 688.17
194.50 834.52
195.00 864.03
195.50 853.94
196.00 829.81
196.50 828.77
197.00 830.11
197.50 770.51
198.00 595.12
198.50 712.85
199.00 735.82
199.50 682.57
200.00 418.51
200.50 487.05
201.00 746.65
201.50 683.86
202.00 774.18
202.50 668.08
203.00 756.11
203.50 729.17
204.00 764.76
204.50 729.49
205.00 759.98
205.50 756.51
206.00 719.65
206.50 748.74
207.00 719.91
207.50 768.45
208.00 762.64
208.50 710.79
209.00 720.07
209.50 778.57
210.00 728.28
210.50 705.52
211.00 729.44
211.50 708.70
212.00 360.90
212.50 700.45
213.00 711.16
213.50 713.78
214.00 705.78
214.50 731.87
215.00 793.07
215.50 753.41
216.00 691.17
216.50 564.13
217.00 758.30
217.50 700.01
218.00 786.28
218.50 674.39
219.00 761.82
219.50 712.22
220.00 834.54
220.50 645.94
221.00 900.00
221.50 891.64
222.00 696.47
222.50 743.80
223.00 738.06
223.50 695.41
224.00 699.27
224.50 738.25
225.00 764.56
225.50 665.40
226.00 693.48
226.50 709.06
227.00 823.55
227.50 688.53
228.00 679.78
228.50 719.14
229.00 900.00
229.50 693.15
230.00 754.83
230.50 717.82
231.00 708.39
231.50 724.41
232.00 883.96
232.50 891.28
233.00 814.14
233.50 697.32
234.00 732.98
234.50 783.70
235.00 815.89
235.50 754.94
236.00 700.63
236.50 721.21
237.00 690.94
237.50 830.44
238.00 747.80
238.50 731.79
239.00 688.43
239.50 695.01
240.00 730.37
240.50 255.30
241.00 705.42
241.50 676.72
242.00 844.90
242.50 697.14
243.00 702.54
243.50 863.52
244.00 691.57
244.50 729.10
245.00 773.67
245.50 795.11
246.00 781.48
246.50 659.19
247.00 268.85
247.50 242.71
248.00 794.90
248.50 860.68
249.00 824.21
249.50 692.75
250.00 720.06
250.50 843.43
251.00 785.59
251.50 704.63
252.00 718.52
252.50 796.98
253.00 767.52
253.50 821.52
254.00 730.18
254.50 758.12
255.00 717.19
255.50 700.07
256.00 734.70
256.50 765.82
257.00 747.15
257.50 745.42
258.00 783.88
258.50 687.42
259.00 755.27
259.50 733.27
260.00 856.89
260.50 807.64
261.00 741.88
261.50 701.30
262.00 709.09
262.50 725.33
263.00 509.39
263.50 548.98
264.00 706.72
264.50 645.92
265.00 694.83
265.50 732.20
266.00 727.42
266.50 738.91
267.00 702.75
267.50 740.32
268.00 724.30
268.50 694.42
269.00 673.73
269.50 384.97
270.00 746.18
270.50 730.73
271.00 730.06
271.50 696.77
272.00 788.30
272.50 815.52
273.00 854.71
273.50 779.82
274.00 797.63
274.50 693.99
275.00 674.10
275.50 703.34
276.00 697.25
276.50 781.81
277.00 779.42
277.50 736.90
278.00 687.76
278.50 740.19
279.00 790.46
279.50 706.41
280.00 717.80
280.50 733.16
281.00 351.03
281.50 900.00
282.00 718.95
282.50 714.00
283.00 831.99
283.50 722.90
284.00 717.37
284.50 827.22
285.00 716.02
285.50 730.27
286.00 748.38
286.50 668.51
287.00 768.87
287.50 761.62
288.00 753.47
288.50 736.56
289.00 806.58
289.50 719.55
290.00 725.41
290.50 757.59
291.00 722.30
291.50 822.50
292.00 715.33
292.50 805.53
293.00 866.82
293.50 737.64
294.00 729.81
294.50 747.81
295.00 732.47
295.50 748.91
296.00 746.83
296.50 758.88
297.00 703.20
297.50 736.77
298.00 735.48
298.50 721.40
299.00 817.49
299.50 695.94
