0.00 694.34
0.50 742.13
1.00 785.62
1.50 704.81
2.00 845.54
2.50 805.04
3.00 810.65
3.50 842.75
4.00 702.92
4.50 680.06
5.00 718.29
5.50 814.58
6.00 728.62
6.50 374.60
7.00 717.80
7.50 746.25
8.00 798.94
8.50 833.74
9.00 837.52
9.50 746.69
10.00 695.04
10.50 669.05
11.00 657.33
11.50 725.68
12.00 696.17
12.50 684.65
13.00 757.63
13.50 705.31
14.00 673.63
14.50 756.38
15.00 740.22
15.50 751.01
16.00 768.48
16.50 752.35
17.00 705.02
17.50 695.79
18.00 4.79
18.50 560.60
19.00 605.41
19.50 536.74
20.00 761.24
20.50 675.02
21.00 845.09
21.50 824.11
22.00 830.97
22.50 826.60
23.00 833.67
23.50 846.10
24.00 836.32
24.50 870.66
25.00 860.45
25.50 872.02
26.00 822.12
26.50 851.12
27.00 851.88
27.50 712.66
28.00 706.35
28.50 794.79
29.00 900.00
29.50 863.41
30.00 865.31
30.50 825.87
31.00 867.18
31.50 734.33
32.00 0.00
32.50 786.44
33.00 760.65
33.50 791.85
34.00 845.19
34.50 828.07
35.00 867.12
35.50 852.97
36.00 838.74
36.50 848.76
37.00 836.20
37.50 718.25
38.00 838.59
38.50 716.08
39.00 724.00
39.50 681.90
40.00 723.02
40.50 702.77
41.00 709.49
41.50 705.13
42.00 733.27
42.50 894.23
43.00 733.32
43.50 619.23
44.00 685.07
44.50 694.67
45.00 690.26
45.50 669.16
46.00 824.29
46.50 684.20
47.00 784.44
47.50 669.38
48.00 679.47
48.50 697.34
49.00 722.38
49.50 823.20
50.00 700.85
50.50 729.64
51.00 804.26
51.50 810.73
52.00 382.11
52.50 734.24
53.00 800.16
53.50 851.19
54.00 671.96
54.50 726.41
55.00 718.98
55.50 694.62
56.00 680.57
56.50 728.72
57.00 758.09
57.50 27.62
58.00 644.59
58.50 670.52
59.00 199.37
59.50 699.94
60.00 772.04
60.50 733.46
61.00 339.68
61.50 336.75
62.00 499.33
62.50 262.74
63.00 723.25
63.50 689.56
64.00 720.68
64.50 729.50
65.00 719.97
65.50 814.70
66.00 716.53
66.50 758.37
67.00 727.85
67.50 774.80
68.00 727.90
68.50 707.95
69.00 727.90
69.50 788.27
70.00 695.71
70.50 718.03
71.00 777.75
71.50 900.00
72.00 805.34
72.50 818.99
73.00 824.12
73.50 687.82
74.00 900.00
74.50 726.11
75.00 787.17
75.50 772.97
76.00 707.69
76.50 849.51
77.00 855.77
77.50 875.24
78.00 726.79
78.50 705.16
79.00 714.98
79.50 699.14
80.00 783.90
80.50 852.11
81.00 844.21
81.50 733.61
82.00 746.94
82.50 757.10
83.00 805.26
83.50 764.35
84.00 734.04
84.50 787.58
85.00 859.06
85.50 851.70
86.00 818.76
86.50 840.64
87.00 772.14
87.50 693.87
88.00 736.31
88.50 733.22
89.00 711.27
89.50 770.11
90.00 706.11
90.50 564.18
91.00 736.60
91.50 647.33
92.00 743.69
92.50 837.71
93.00 841.56
93.50 679.81
94.00 743.15
94.50 238.93
95.00 362.87
95.50 107.46
96.00 535.47
96.50 279.17
97.00 294.29
97.50 829.08
98.00 693.87
98.50 900.00
99.00 473.88
99.50 36.29
100.00 530.15
100.50 746.55
101.00 697.97
101.50 739.96
102.00 723.14
102.50 734.86
103.00 871.90
103.50 750.93
104.00 847.26
104.50 783.08
105.00 703.60
105.50 731.77
106.00 751.93
106.50 712.14
107.00 694.88
107.50 749.35
108.00 762.69
108.50 760.37
109.00 806.98
109.50 714.48
110.00 752.47
110.50 746.46
111.00 803.24
111.50 706.19
112.00 732.70
112.50 788.30
113.00 682.06
113.50 697.99
114.00 829.38
114.50 723.56
115.00 713.85
115.50 685.12
116.00 832.71
116.50 727.07
117.00 691.43
117.50 900.00
118.00 798.47
118.50 712.84
119.00 707.31
119.50 856.43
120.00 679.73
120.50 667.26
121.00 239.34
121.50 489.95
122.00 733.40
122.50 695.91
123.00 772.58
123.50 550.99
124.00 729.50
124.50 700.77
125.00 750.42
125.50 712.61
126.00 757.58
126.50 704.12
127.00 755.83
127.50 674.35
128.00 746.78
128.50 709.57
129.00 691.67
129.50 686.26
130.00 720.41
130.50 900.00
131.00 795.84
131.50 724.90
132.00 791.36
132.50 859.60
133.00 756.12
133.50 750.37
134.00 745.05
134.50 735.99
135.00 773.43
135.50 720.24
136.00 760.84
136.50 731.62
137.00 736.86
137.50 743.78
138.00 707.46
138.50 682.98
139.00 693.42
139.50 760.33
140.00 745.34
140.50 759.91
141.00 792.51
141.50 733.38
142.00 750.98
142.50 745.60
143.00 752.36
143.50 725.79
144.00 742.63
144.50 745.71
145.00 671.63
145.50 698.42
146.00 713.29
146.50 678.56
147.00 702.32
147.50 685.52
148.00 686.29
148.50 720.83
149.00 848.03
149.50 723.87
150.00 685.84
150.50 812.35
151.00 775.71
151.50 771.56
152.00 822.44
152.50 739.65
153.00 702.88
153.50 701.46
154.00 707.80
154.50 720.14
155.00 762.02
155.50 716.90
156.00 732.24
156.50 745.84
157.00 703.94
157.50 712.42
158.00 727.42
158.50 703.28
159.00 723.45
159.50 758.98
160.00 672.56
160.50 700.95
161.00 766.41
161.50 831.50
162.00 774.62
162.50 790.32
163.00 683.90
163.50 718.18
164.00 755.48
164.50 749.24
165.00 722.67
165.50 735.37
166.00 731.45
166.50 765.82
167.00 767.16
167.50 751.17
168.00 721.54
168.50 696.03
169.00 742.51
169.50 750.68
170.00 734.53
170.50 736.98
171.00 744.21
171.50 735.73
172.00 700.13
172.50 730.11
173.00 693.50
173.50 709.57
174.00 760.89
174.50 742.01
175.00 758.18
175.50 322.30
176.00 115.52
176.50 354.03
177.00 187.46
177.50 667.85
178.00 753.87
178.50 760.38
179.00 764.80
179.50 717.96
180.00 767.00
180.50 720.63
181.00 685.07
181.50 774.09
182.00 740.70
182.50 728.52
183.00 900.00
183.50 838.57
184.00 710.39
184.50 807.19
185.00 728.03
185.50 686.20
186.00 760.67
186.50 692.23
187.00 51.78
187.50 612.98
188.00 602.42
188.50 492.04
189.00 0.00
189.50 4.98
190.00 567.58
190.50 0.00
191.00 10.67
191.50 18.52
192.00 301.48
192.50 537.99
193.00 519.37
193.50 0.00
194.00 308.71
194.50 900.00
195.00 802.60
195.50 577.37
196.00 217.75
196.50 233.81
197.00 0.00
197.50 372.81
198.00 340.33
198.50 740.09
199.00 741.77
199.50 815.03
200.00 862.61
200.50 824.20
201.00 430.27
201.50 783.00
202.00 737.17
202.50 756.58
203.00 1.19
203.50 237.37
204.00 580.61
204.50 192.54
205.00 709.26
205.50 714.50
206.00 755.47
206.50 723.55
207.00 757.81
207.50 13.22
208.00 2.87
208.50 1.90
209.00 4.95
209.50 0.00
210.00 7.19
210.50 337.49
211.00 271.30
211.50 721.18
212.00 461.61
212.50 725.68
213.00 637.91
213.50 692.48
214.00 713.44
214.50 340.92
215.00 211.85
215.50 748.18
216.00 796.79
216.50 891.47
217.00 831.51
217.50 824.51
218.00 508.06
218.50 718.05
219.00 442.25
219.50 712.73
220.00 712.13
220.50 774.94
221.00 740.28
221.50 699.17
222.00 707.33
222.50 878.18
223.00 559.11
223.50 519.29
224.00 695.98
224.50 753.84
225.00 712.27
225.50 709.88
226.00 840.67
226.50 749.54
227.00 263.94
227.50 707.76
228.00 708.40
228.50 718.00
229.00 724.82
229.50 691.69
230.00 866.75
230.50 710.12
231.00 680.28
231.50 700.33
232.00 677.77
232.50 760.06
233.00 719.04
233.50 776.18
234.00 714.93
234.50 706.36
235.00 800.05
235.50 724.73
236.00 680.78
236.50 749.52
237.00 804.83
237.50 716.83
238.00 738.18
238.50 695.26
239.00 768.12
239.50 700.61
240.00 726.36
240.50 734.99
241.00 729.44
241.50 748.65
242.00 728.04
242.50 718.47
243.00 708.19
243.50 763.32
244.00 740.71
244.50 8.48
245.00 0.00
245.50 0.00
246.00 0.00
246.50 7.65
247.00 7.27
247.50 78.26
248.00 676.83
248.50 852.79
249.00 324.16
249.50 0.00
250.00 11.97
250.50 7.14
251.00 0.00
251.50 0.00
252.00 10.60
252.50 719.64
253.00 719.21
253.50 747.32
254.00 821.37
254.50 859.96
255.00 842.98
255.50 724.58
256.00 667.22
256.50 806.31
257.00 717.43
257.50 900.00
258.00 811.58
258.50 754.20
259.00 774.30
259.50 406.78
260.00 725.35
260.50 820.62
261.00 770.80
261.50 703.58
262.00 698.66
262.50 716.87
263.00 603.39
263.50 821.61
264.00 712.34
264.50 649.23
265.00 702.02
265.50 730.00
266.00 684.14
266.50 758.45
267.00 0.00
267.50 13.83
268.00 441.93
268.50 604.74
269.00 161.84
269.50 577.33
270.00 727.52
270.50 711.70
271.00 786.59
271.50 714.93
272.00 700.59
272.50 855.77
273.00 844.52
273.50 724.74
274.00 830.80
274.50 851.11
275.00 848.40
275.50 858.13
276.00 884.37
276.50 763.24
277.00 698.14
277.50 779.10
278.00 755.54
278.50 745.26
279.00 705.02
279.50 703.41
280.00 725.52
280.50 665.70
281.00 678.38
281.50 642.64
282.00 723.02
282.50 739.90
283.00 759.24
283.50 723.86
284.00 735.14
284.50 758.75
285.00 762.62
285.50 731.87
286.00 704.90
286.50 779.43
287.00 672.17
287.50 782.88
288.00 706.29
288.50 719.25
289.00 387.47
289.50 388.36
290.00 805.46
290.50 706.90
291.00 846.11
291.50 845.94
292.00 705.30
292.50 809.74
293.00 727.31
293.50 740.15
294.00 744.96
294.50 363.72
295.00 336.30
295.50 320.35
296.00 9.40
296.50 0.00
297.00 0.00
297.50 19.78
298.00 308.04
298.50 270.10
299.00 351.17
299.50 716.85
