0.00 710.64
0.50 732.19
1.00 764.60
1.50 726.87
2.00 729.48
2.50 768.36
3.00 694.00
3.50 739.19
4.00 737.05
4.50 727.15
5.00 743.03
5.50 722.66
6.00 760.18
6.50 720.00
7.00 700.15
7.50 684.52
8.00 762.22
8.50 694.77
9.00 762.78
9.50 804.31
10.00 697.70
10.50 691.21
11.00 771.84
11.50 852.43
12.00 836.51
12.50 823.58
13.00 757.40
13.50 746.15
14.00 808.27
14.50 828.72
15.00 850.92
15.50 685.68
16.00 759.81
16.50 745.83
17.00 705.69
17.50 732.86
18.00 700.89
18.50 693.18
19.00 715.33
19.50 844.58
20.00 817.85
20.50 828.74
21.00 867.17
21.50 853.81
22.00 853.54
22.50 862.74
23.00 844.41
23.50 829.77
24.00 765.73
24.50 755.88
25.00 766.89
25.50 809.48
26.00 693.77
26.50 707.32
27.00 618.59
27.50 18.63
28.00 18.85
28.50 23.41
29.00 748.57
29.50 695.93
30.00 739.69
30.50 722.57
31.00 735.56
31.50 727.11
32.00 712.29
32.50 772.65
33.00 683.60
33.50 785.03
34.00 732.09
34.50 726.96
35.00 697.62
35.50 724.62
36.00 690.92
36.50 268.67
37.00 8.90
37.50 14.68
38.00 494.37
38.50 651.55
39.00 738.06
39.50 698.89
40.00 286.73
40.50 718.84
41.00 707.56
41.50 794.26
42.00 698.45
42.50 719.80
43.00 730.84
43.50 630.46
44.00 411.81
44.50 700.51
45.00 724.06
45.50 746.18
46.00 715.79
46.50 594.59
47.00 552.18
47.50 711.51
48.00 733.14
48.50 690.50
49.00 664.76
49.50 756.27
50.00 755.90
50.50 764.87
51.00 745.43
51.50 731.03
52.00 731.84
52.50 673.71
53.00 757.91
53.50 742.38
54.00 752.19
54.50 692.89
55.00 734.77
55.50 721.66
56.00 837.29
56.50 767.06
57.00 241.59
57.50 893.46
58.00 715.80
58.50 407.58
59.00 672.49
59.50 713.75
60.00 853.71
60.50 667.31
61.00 770.83
61.50 851.89
62.00 705.05
62.50 718.19
63.00 818.69
63.50 686.42
64.00 696.29
64.50 706.59
65.00 856.87
65.50 788.69
66.00 842.91
66.50 665.88
67.00 792.07
67.50 718.99
68.00 860.54
68.50 716.87
69.00 694.37
69.50 816.07
70.00 739.81
70.50 696.07
71.00 780.64
71.50 736.24
72.00 733.34
72.50 724.84
73.00 716.25
73.50 707.53
74.00 729.11
74.50 810.69
75.00 762.65
75.50 690.93
76.00 695.81
76.50 712.87
77.00 705.86
77.50 708.40
78.00 335.67
78.50 344.74
79.00 732.83
79.50 626.56
80.00 607.02
80.50 195.74
81.00 724.10
81.50 251.03
82.00 0.00
82.50 502.92
83.00 479.25
83.50 32.41
84.00 4.59
84.50 723.55
85.00 715.02
85.50 717.95
86.00 670.38
86.50 720.77
87.00 733.24
87.50 274.90
88.00 755.79
88.50 700.34
89.00 763.29
89.50 743.29
90.00 748.74
90.50 13.92
91.00 2.89
91.50 737.31
92.00 438.75
92.50 443.65
93.00 719.20
93.50 771.86
94.00 809.33
94.50 683.34
95.00 699.40
95.50 817.73
96.00 799.30
96.50 705.74
97.00 663.66
97.50 738.20
98.00 749.30
98.50 793.80
99.00 701.63
99.50 685.19
100.00 841.79
100.50 846.15
101.00 726.77
101.50 838.46
102.00 716.62
102.50 702.96
103.00 725.01
103.50 712.69
104.00 728.29
104.50 715.35
105.00 694.91
105.50 850.30
106.00 790.13
106.50 852.06
107.00 695.48
107.50 701.04
108.00 839.98
108.50 808.03
109.00 752.28
109.50 851.76
110.00 670.24
110.50 660.91
111.00 724.27
111.50 742.87
112.00 761.43
112.50 786.00
113.00 741.55
113.50 717.45
114.00 760.14
114.50 740.09
115.00 706.73
115.50 741.20
116.00 785.59
116.50 750.98
117.00 759.64
117.50 741.79
118.00 780.24
118.50 748.13
119.00 744.06
119.50 756.89
120.00 803.90
120.50 770.58
121.00 709.84
121.50 725.91
122.00 681.90
122.50 711.81
123.00 900.00
123.50 706.30
124.00 728.89
124.50 736.89
125.00 710.85
125.50 757.54
126.00 725.38
126.50 812.23
127.00 681.45
127.50 227.02
128.00 784.78
128.50 688.78
129.00 334.44
129.50 710.29
130.00 737.29
130.50 706.38
131.00 702.18
131.50 717.97
132.00 577.76
132.50 717.48
133.00 763.25
133.50 710.87
134.00 751.21
134.50 732.35
135.00 734.84
135.50 737.96
136.00 764.52
136.50 734.28
137.00 706.30
137.50 729.91
138.00 757.42
138.50 711.38
139.00 705.81
139.50 725.97
140.00 743.62
140.50 736.31
141.00 712.19
141.50 718.06
142.00 727.63
142.50 820.27
143.00 733.32
143.50 733.57
144.00 724.81
144.50 713.49
145.00 756.88
145.50 685.02
146.00 713.80
146.50 738.76
147.00 719.14
147.50 900.00
148.00 658.97
148.50 744.03
149.00 775.97
149.50 747.54
150.00 771.45
150.50 768.69
151.00 735.29
151.50 685.71
152.00 719.29
152.50 708.41
153.00 742.62
153.50 721.54
154.00 756.94
154.50 755.54
155.00 805.28
155.50 715.17
156.00 793.62
156.50 685.51
157.00 778.71
157.50 867.67
158.00 719.06
158.50 834.97
159.00 687.49
159.50 445.39
160.00 220.28
160.50 21.32
161.00 0.00
161.50 576.12
162.00 772.43
162.50 725.95
163.00 810.52
163.50 843.57
164.00 860.78
164.50 822.50
165.00 836.25
165.50 838.69
166.00 793.93
166.50 372.50
167.00 748.86
167.50 659.40
168.00 870.62
168.50 711.01
169.00 801.93
169.50 783.51
170.00 814.97
170.50 780.98
171.00 717.52
171.50 721.95
172.00 855.09
172.50 692.21
173.00 734.22
173.50 710.82
174.00 780.23
174.50 664.74
175.00 730.96
175.50 777.12
176.00 778.87
176.50 796.96
177.00 851.10
177.50 712.48
178.00 891.14
178.50 720.52
179.00 735.20
179.50 712.95
180.00 837.83
180.50 758.63
181.00 841.67
181.50 759.13
182.00 714.41
182.50 822.66
183.00 703.71
183.50 703.38
184.00 829.07
184.50 843.02
185.00 853.85
185.50 771.19
186.00 743.28
186.50 698.10
187.00 704.73
187.50 835.56
188.00 861.10
188.50 862.20
189.00 860.39
189.50 843.95
190.00 803.55
190.50 854.22
191.00 830.02
191.50 854.93
192.00 837.43
192.50 868.35
193.00 837.23
193.50 837.35
194.00 769.94
194.50 710.20
195.00 717.58
195.50 665.73
196.00 779.03
196.50 740.56
197.00 793.17
197.50 716.38
198.00 286.59
198.50 15.18
199.00 1.41
199.50 0.00
200.00 292.68
200.50 724.34
201.00 832.57
201.50 699.73
202.00 718.20
202.50 777.08
203.00 777.01
203.50 706.56
204.00 761.10
204.50 722.68
205.00 771.75
205.50 741.50
206.00 696.73
206.50 778.54
207.00 402.67
207.50 0.00
208.00 261.03
208.50 0.00
209.00 15.61
209.50 14.25
210.00 6.43
210.50 18.39
211.00 12.86
211.50 416.00
212.00 272.08
212.50 704.93
213.00 772.09
213.50 698.27
214.00 742.13
214.50 810.11
215.00 814.42
215.50 865.02
216.00 805.94
216.50 807.99
217.00 697.43
217.50 841.27
218.00 719.81
218.50 745.51
219.00 670.60
219.50 696.37
220.00 360.41
220.50 693.99
221.00 716.42
221.50 704.42
222.00 746.32
222.50 676.70
223.00 738.71
223.50 818.60
224.00 837.05
224.50 710.77
225.00 700.90
225.50 739.55
226.00 712.71
226.50 759.26
227.00 710.10
227.50 703.11
228.00 721.72
228.50 706.24
229.00 688.22
229.50 805.75
230.00 787.01
230.50 728.19
231.00 687.65
231.50 392.70
232.00 546.73
232.50 713.86
233.00 691.58
233.50 897.62
234.00 749.08
234.50 743.13
235.00 748.18
235.50 734.16
236.00 735.80
236.50 718.76
237.00 718.30
237.50 762.79
238.00 706.70
238.50 717.34
239.00 716.55
239.50 547.52
240.00 724.24
240.50 668.91
241.00 786.21
241.50 724.61
242.00 680.63
242.50 749.25
243.00 697.63
243.50 874.95
244.00 391.11
244.50 257.38
245.00 698.30
245.50 659.41
246.00 796.35
246.50 722.79
247.00 783.85
247.50 771.60
248.00 734.16
248.50 736.99
249.00 839.31
249.50 843.09
250.00 855.52
250.50 852.28
251.00 732.53
251.50 578.40
252.00 153.22
252.50 0.00
253.00 823.98
253.50 883.39
254.00 869.78
254.50 791.87
255.00 778.84
255.50 718.56
256.00 733.11
256.50 752.92
257.00 769.80
257.50 739.91
258.00 715.86
258.50 782.51
259.00 747.43
259.50 742.54
260.00 739.53
260.50 767.19
261.00 693.67
261.50 734.49
262.00 716.51
262.50 732.86
263.00 762.00
263.50 756.92
264.00 657.26
264.50 710.50
265.00 709.23
265.50 785.47
266.00 708.01
266.50 720.34
267.00 878.52
267.50 749.04
268.00 767.62
268.50 702.90
269.00 697.12
269.50 688.31
270.00 813.09
270.50 771.47
271.00 900.00
271.50 620.62
272.00 700.54
272.50 697.15
273.00 671.91
273.50 715.14
274.00 677.73
274.50 739.07
275.00 690.74
275.50 708.21
276.00 780.78
276.50 763.64
277.00 721.45
277.50 712.62
278.00 659.63
278.50 709.55
279.00 734.91
279.50 735.39
280.00 685.84
280.50 701.10
281.00 730.57
281.50 713.10
282.00 763.81
282.50 762.70
283.00 777.38
283.50 747.74
284.00 788.76
284.50 704.02
285.00 732.44
285.50 900.00
286.00 713.41
286.50 596.64
287.00 697.34
287.50 685.02
288.00 712.89
288.50 715.96
289.00 833.96
289.50 757.18
290.00 683.76
290.50 765.11
291.00 743.30
291.50 6.02
292.00 0.00
292.50 0.72
293.00 574.56
293.50 437.21
294.00 813.18
294.50 773.08
295.00 714.39
295.50 765.11
296.00 129.44
296.50 213.61
297.00 0.00
297.50 717.90
298.00 741.79
298.50 364.50
299.00 707.64
299.50 711.90
