0.00 750.24
0.50 482.42
1.00 767.68
1.50 539.25
2.00 0.00
2.50 488.70
3.00 680.69
3.50 685.86
4.00 876.28
4.50 701.62
5.00 733.09
5.50 693.32
6.00 715.53
6.50 604.08
7.00 648.56
7.50 861.88
8.00 730.01
8.50 723.53
9.00 706.82
9.50 746.03
10.00 727.82
10.50 757.75
11.00 755.84
11.50 710.29
12.00 712.68
12.50 708.16
13.00 753.55
13.50 756.52
14.00 719.14
14.50 763.99
15.00 767.22
15.50 750.15
16.00 708.39
16.50 733.58
17.00 864.32
17.50 829.23
18.00 828.03
18.50 882.90
19.00 846.20
19.50 731.82
20.00 861.85
20.50 683.83
21.00 768.91
21.50 734.02
22.00 723.52
22.50 757.98
23.00 730.26
23.50 692.88
24.00 748.69
24.50 726.83
25.00 739.10
25.50 739.41
26.00 736.51
26.50 778.60
27.00 707.77
27.50 731.12
28.00 765.82
28.50 765.62
29.00 741.77
29.50 711.89
30.00 757.58
30.50 765.15
31.00 715.98
31.50 710.32
32.00 757.86
32.50 754.64
33.00 712.65
33.50 739.63
34.00 723.54
34.50 722.73
35.00 725.47
35.50 696.11
36.00 718.30
36.50 771.31
37.00 662.04
37.50 716.71
38.00 761.91
38.50 695.94
39.00 704.70
39.50 767.01
40.00 433.92
40.50 22.94
41.00 0.00
41.50 0.00
42.00 21.69
42.50 5.80
43.00 5.36
43.50 608.55
44.00 315.30
44.50 711.97
45.00 900.00
45.50 722.56
46.00 738.96
46.50 811.51
47.00 705.83
47.50 819.13
48.00 689.39
48.50 756.86
49.00 689.86
49.50 712.17
50.00 712.38
50.50 717.12
51.00 760.19
51.50 785.53
52.00 695.74
52.50 691.47
53.00 756.87
53.50 708.72
54.00 756.75
54.50 748.84
55.00 691.68
55.50 698.47
56.00 759.76
56.50 727.55
57.00 744.58
57.50 705.07
58.00 728.15
58.50 746.54
59.00 774.39
59.50 758.74
60.00 712.79
60.50 764.59
61.00 728.05
61.50 724.21
62.00 857.25
62.50 882.20
63.00 827.21
63.50 843.28
64.00 856.79
64.50 834.06
65.00 827.44
65.50 826.46
66.00 867.40
66.50 817.29
67.00 841.82
67.50 837.48
68.00 812.56
68.50 288.01
69.00 722.16
69.50 727.47
70.00 672.43
70.50 226.74
71.00 5.21
71.50 4.25
72.00 699.92
72.50 697.61
73.00 711.50
73.50 703.49
74.00 710.53
74.50 724.20
75.00 700.65
75.50 685.13
76.00 706.38
76.50 674.37
77.00 721.45
77.50 728.54
78.00 756.23
78.50 800.13
79.00 838.84
79.50 869.54
80.00 832.32
80.50 835.93
81.00 665.34
81.50 731.87
82.00 722.84
82.50 753.83
83.00 779.31
83.50 712.51
84.00 724.15
84.50 739.91
85.00 767.17
85.50 742.82
86.00 748.13
86.50 720.33
87.00 756.00
87.50 732.05
88.00 738.23
88.50 694.61
89.00 752.93
89.50 474.12
90.00 246.58
90.50 162.73
91.00 323.12
91.50 786.35
92.00 834.13
92.50 712.29
93.00 715.29
93.50 786.10
94.00 825.84
94.50 720.49
95.00 693.61
95.50 818.65
96.00 725.30
96.50 825.80
97.00 800.91
97.50 735.74
98.00 714.82
98.50 730.69
99.00 863.73
99.50 799.59
100.00 882.89
100.50 701.52
101.00 705.72
101.50 736.28
102.00 722.57
102.50 675.05
103.00 680.59
103.50 825.86
104.00 785.87
104.50 830.93
105.00 768.74
105.50 451.88
106.00 713.38
106.50 733.87
107.00 716.78
107.50 744.03
108.00 718.80
108.50 710.78
109.00 721.57
109.50 781.52
110.00 706.44
110.50 704.32
111.00 682.31
111.50 840.02
112.00 690.25
112.50 273.83
113.00 0.00
113.50 383.82
114.00 175.44
114.50 0.15
115.00 900.00
115.50 398.15
116.00 332.14
116.50 403.77
117.00 467.77
117.50 320.73
118.00 540.11
118.50 194.04
119.00 10.10
119.50 0.00
120.00 24.20
120.50 10.40
121.00 759.41
121.50 795.56
122.00 727.81
122.50 694.40
123.00 108.10
123.50 765.60
124.00 749.37
124.50 694.35
125.00 121.31
125.50 61.70
126.00 685.38
126.50 697.96
127.00 830.53
127.50 811.08
128.00 893.37
128.50 730.42
129.00 710.63
129.50 853.07
130.00 856.27
130.50 838.42
131.00 806.86
131.50 842.79
132.00 766.55
132.50 844.18
133.00 719.39
133.50 759.12
134.00 727.69
134.50 726.12
135.00 721.37
135.50 745.05
136.00 747.31
136.50 769.30
137.00 704.98
137.50 740.27
138.00 699.59
138.50 762.95
139.00 760.92
139.50 709.27
140.00 703.62
140.50 727.29
141.00 709.28
141.50 768.23
142.00 750.88
142.50 756.38
143.00 739.88
143.50 780.12
144.00 746.03
144.50 762.85
145.00 845.24
145.50 838.45
146.00 853.88
146.50 229.96
147.00 265.96
147.50 810.23
148.00 230.02
148.50 745.02
149.00 706.13
149.50 839.12
150.00 835.63
150.50 169.80
151.00 696.57
151.50 703.21
152.00 748.08
152.50 691.71
153.00 704.14
153.50 789.08
154.00 825.25
154.50 812.70
155.00 738.44
155.50 647.60
156.00 679.70
156.50 799.01
157.00 796.25
157.50 705.40
158.00 738.43
158.50 745.89
159.00 709.05
159.50 712.82
160.00 717.21
160.50 710.32
161.00 690.30
161.50 702.38
162.00 776.13
162.50 765.94
163.00 780.14
163.50 694.54
164.00 705.11
164.50 688.52
165.00 715.22
165.50 655.49
166.00 536.12
166.50 728.89
167.00 748.21
167.50 697.52
168.00 670.27
168.50 771.09
169.00 759.62
169.50 717.27
170.00 699.17
170.50 680.32
171.00 746.87
171.50 758.99
172.00 690.79
172.50 738.85
173.00 713.87
173.50 737.19
174.00 777.60
174.50 730.62
175.00 701.99
175.50 733.76
176.00 705.74
176.50 742.96
177.00 700.75
177.50 756.86
178.00 738.51
178.50 752.04
179.00 748.40
179.50 715.81
180.00 708.56
180.50 734.17
181.00 726.89
181.50 737.11
182.00 755.87
182.50 758.42
183.00 733.80
183.50 747.59
184.00 713.44
184.50 720.25
185.00 728.73
185.50 744.63
186.00 765.87
186.50 721.40
187.00 767.69
187.50 753.42
188.00 713.93
188.50 781.44
189.00 688.97
189.50 697.79
190.00 679.37
190.50 753.83
191.00 502.86
191.50 326.60
192.00 205.30
192.50 0.51
193.00 230.71
193.50 415.78
194.00 768.55
194.50 851.03
195.00 851.30
195.50 795.16
196.00 840.29
196.50 851.76
197.00 670.44
197.50 773.76
198.00 745.24
198.50 715.41
199.00 319.79
199.50 244.43
200.00 9.78
200.50 11.63
201.00 343.78
201.50 206.40
202.00 701.13
202.50 700.29
203.00 742.24
203.50 709.51
204.00 771.37
204.50 749.19
205.00 694.29
205.50 728.24
206.00 731.68
206.50 815.79
207.00 728.22
207.50 727.90
208.00 694.84
208.50 702.03
209.00 738.53
209.50 697.25
210.00 208.67
210.50 43.14
211.00 691.62
211.50 686.50
212.00 748.52
212.50 767.96
213.00 697.21
213.50 734.32
214.00 669.02
214.50 757.22
215.00 719.14
215.50 727.08
216.00 716.77
216.50 772.98
217.00 786.65
217.50 765.65
218.00 707.39
218.50 690.02
219.00 727.74
219.50 710.48
220.00 821.54
220.50 744.54
221.00 767.34
221.50 736.62
222.00 725.66
222.50 744.72
223.00 727.75
223.50 773.79
224.00 760.38
224.50 750.65
225.00 742.34
225.50 743.65
226.00 729.13
226.50 696.22
227.00 668.76
227.50 688.05
228.00 702.28
228.50 752.03
229.00 670.14
229.50 746.18
230.00 781.43
230.50 679.34
231.00 751.88
231.50 733.54
232.00 727.22
232.50 755.29
233.00 689.37
233.50 776.95
234.00 734.47
234.50 719.81
235.00 700.73
235.50 753.96
236.00 766.93
236.50 765.42
237.00 747.71
237.50 766.30
238.00 724.33
238.50 730.74
239.00 725.39
239.50 725.62
240.00 785.25
240.50 748.74
241.00 673.14
241.50 768.39
242.00 755.61
242.50 782.52
243.00 284.44
243.50 767.95
244.00 711.79
244.50 708.36
245.00 754.24
245.50 779.11
246.00 735.46
246.50 727.47
247.00 762.07
247.50 807.21
248.00 701.79
248.50 722.04
249.00 696.33
249.50 718.60
250.00 674.97
250.50 697.60
251.00 473.42
251.50 731.52
252.00 840.42
252.50 733.72
253.00 723.39
253.50 873.26
254.00 792.65
254.50 714.62
255.00 813.01
255.50 862.88
256.00 716.59
256.50 672.50
257.00 693.44
257.50 801.04
258.00 853.50
258.50 824.20
259.00 755.95
259.50 746.78
260.00 827.72
260.50 161.02
261.00 700.11
261.50 707.75
262.00 729.31
262.50 685.60
263.00 718.20
263.50 744.15
264.00 891.91
264.50 688.48
265.00 849.50
265.50 673.55
266.00 726.82
266.50 773.93
267.00 706.17
267.50 790.67
268.00 732.49
268.50 725.04
269.00 750.86
269.50 707.05
270.00 842.16
270.50 723.05
271.00 847.93
271.50 719.08
272.00 770.33
272.50 810.77
273.00 770.99
273.50 661.60
274.00 744.34
274.50 777.53
275.00 385.57
275.50 696.40
276.00 692.59
276.50 749.20
277.00 688.32
277.50 693.72
278.00 822.00
278.50 718.93
279.00 171.48
279.50 0.00
280.00 439.97
280.50 235.72
281.00 614.60
281.50 497.13
282.00 481.45
282.50 735.92
283.00 712.50
283.50 737.35
284.00 131.68
284.50 217.60
285.00 77.19
285.50 534.79
286.00 597.95
286.50 460.67
287.00 12.76
287.50 437.10
288.00 647.65
288.50 740.89
289.00 812.88
289.50 251.53
290.00 7.68
290.50 0.00
291.00 22.35
291.50 0.00
292.00 757.13
292.50 701.74
293.00 695.43
293.50 746.42
294.00 679.86
294.50 762.71
295.00 746.42
295.50 827.44
296.00 757.12
296.50 697.08
297.00 677.02
297.50 724.74
298.00 780.50
298.50 795.84
299.00 689.59
299.50 726.56
