0.00 736.46
0.50 841.35
1.00 846.82
1.50 372.77
2.00 9.76
2.50 0.00
3.00 731.44
3.50 841.07
4.00 698.02
4.50 733.82
5.00 671.23
5.50 212.43
6.00 550.74
6.50 762.49
7.00 391.10
7.50 717.24
8.00 700.89
8.50 743.65
9.00 704.09
9.50 774.66
10.00 789.91
10.50 721.82
11.00 734.38
11.50 726.05
12.00 706.06
12.50 766.70
13.00 761.30
13.50 688.29
14.00 756.57
14.50 715.44
15.00 677.35
15.50 750.85
16.00 696.71
16.50 749.67
17.00 750.10
17.50 729.73
18.00 692.73
18.50 707.14
19.00 730.81
19.50 504.91
20.00 694.39
20.50 804.30
21.00 713.15
21.50 545.07
22.00 710.08
22.50 719.51
23.00 753.86
23.50 701.72
24.00 392.21
24.50 768.31
25.00 837.12
25.50 697.45
26.00 720.08
26.50 698.52
27.00 723.45
27.50 751.06
28.00 725.95
28.50 826.59
29.00 706.79
29.50 718.40
30.00 696.36
30.50 768.03
31.00 713.48
31.50 730.06
32.00 688.40
32.50 687.39
33.00 771.27
33.50 693.54
34.00 859.13
34.50 674.23
35.00 859.74
35.50 711.08
36.00 588.80
36.50 472.81
37.00 691.58
37.50 751.71
38.00 679.86
38.50 842.02
39.00 750.28
39.50 719.35
40.00 698.21
40.50 689.87
41.00 690.23
41.50 673.40
42.00 718.16
42.50 676.72
43.00 715.87
43.50 820.90
44.00 675.29
44.50 595.05
45.00 723.58
45.50 584.98
46.00 407.08
46.50 400.72
47.00 753.18
47.50 758.47
48.00 725.94
48.50 757.60
49.00 754.59
49.50 711.10
50.00 709.69
50.50 720.26
51.00 743.94
51.50 800.18
52.00 747.31
52.50 707.00
53.00 766.76
53.50 736.65
54.00 780.68
54.50 765.32
55.00 698.23
55.50 766.17
56.00 756.03
56.50 743.75
57.00 729.87
57.50 742.39
58.00 765.31
58.50 177.76
59.00 721.71
59.50 835.25
60.00 837.07
60.50 833.96
61.00 805.81
61.50 686.40
62.00 829.57
62.50 730.02
63.00 716.40
63.50 694.09
64.00 713.68
64.50 726.20
65.00 4.73
65.50 298.51
66.00 302.65
66.50 743.65
67.00 725.74
67.50 725.18
68.00 732.62
68.50 866.67
69.00 653.29
69.50 794.59
70.00 730.08
70.50 0.00
71.00 2.84
71.50 253.41
72.00 447.22
72.50 761.12
73.00 692.81
73.50 722.53
74.00 701.44
74.50 685.44
75.00 873.63
75.50 739.63
76.00 764.71
76.50 735.31
77.00 748.36
77.50 745.15
78.00 727.73
78.50 741.72
79.00 739.21
79.50 723.72
80.00 735.13
80.50 799.22
81.00 756.93
81.50 708.69
82.00 716.97
82.50 749.59
83.00 729.41
83.50 714.13
84.00 713.31
84.50 763.75
85.00 762.40
85.50 746.72
86.00 705.50
86.50 741.07
87.00 790.32
87.50 845.13
88.00 718.94
88.50 749.33
89.00 432.20
89.50 696.14
90.00 666.03
90.50 704.52
91.00 751.84
91.50 455.42
92.00 807.26
92.50 707.40
93.00 717.18
93.50 711.09
94.00 692.67
94.50 682.33
95.00 698.55
95.50 728.19
96.00 720.24
96.50 24.18
97.00 716.17
97.50 756.17
98.00 765.35
98.50 749.22
99.00 731.53
99.50 685.18
100.00 779.50
100.50 788.40
101.00 730.02
101.50 704.85
102.00 746.01
102.50 744.76
103.00 761.81
103.50 822.99
104.00 824.46
104.50 861.09
105.00 876.28
105.50 303.32
106.00 792.63
106.50 817.29
107.00 779.49
107.50 704.13
108.00 854.59
108.50 665.45
109.00 717.06
109.50 880.52
110.00 788.83
110.50 706.74
111.00 687.07
111.50 589.18
112.00 718.87
112.50 830.92
113.00 699.02
113.50 689.43
114.00 737.52
114.50 733.28
115.00 738.59
115.50 702.34
116.00 710.20
116.50 763.53
117.00 814.56
117.50 783.46
118.00 700.57
118.50 734.51
119.00 819.94
119.50 839.35
120.00 867.97
120.50 889.22
121.00 820.29
121.50 854.00
122.00 836.44
122.50 843.62
123.00 843.89
123.50 829.21
124.00 840.18
124.50 680.94
125.00 756.67
125.50 718.50
126.00 835.60
126.50 829.58
127.00 804.14
127.50 739.89
128.00 828.46
128.50 811.76
129.00 26.30
129.50 733.27
130.00 862.68
130.50 808.29
131.00 713.77
131.50 679.68
132.00 709.45
132.50 686.24
133.00 527.23
133.50 726.03
134.00 805.20
134.50 764.81
135.00 648.63
135.50 692.82
136.00 615.84
136.50 24.10
137.00 0.04
137.50 281.90
138.00 413.26
138.50 742.92
139.00 852.87
139.50 707.09
140.00 681.33
140.50 709.80
141.00 0.00
141.50 4.94
142.00 16.03
142.50 338.14
143.00 427.09
143.50 0.00
144.00 395.77
144.50 326.65
145.00 650.46
145.50 288.47
146.00 0.00
146.50 287.79
147.00 777.80
147.50 148.53
148.00 418.62
148.50 732.29
149.00 552.55
149.50 900.00
150.00 484.11
150.50 773.53
151.00 780.62
151.50 708.29
152.00 788.76
152.50 723.50
153.00 717.73
153.50 695.64
154.00 759.94
154.50 763.92
155.00 707.96
155.50 742.18
156.00 740.54
156.50 707.11
157.00 731.49
157.50 732.41
158.00 708.21
158.50 724.21
159.00 712.71
159.50 739.42
160.00 742.90
160.50 787.04
161.00 708.58
161.50 717.26
162.00 712.32
162.50 749.53
163.00 766.05
163.50 735.96
164.00 730.44
164.50 704.46
165.00 735.16
165.50 731.94
166.00 781.14
166.50 710.38
167.00 713.42
167.50 756.30
168.00 694.74
168.50 759.99
169.00 764.69
169.50 755.60
170.00 744.37
170.50 655.82
171.00 822.36
171.50 749.40
172.00 365.11
172.50 566.80
173.00 747.97
173.50 439.37
174.00 830.96
174.50 865.92
175.00 828.13
175.50 779.65
176.00 690.90
176.50 777.44
177.00 695.78
177.50 0.00
178.00 284.38
178.50 409.27
179.00 0.00
179.50 462.15
180.00 735.14
180.50 148.63
181.00 809.60
181.50 727.08
182.00 96.79
182.50 520.24
183.00 702.79
183.50 900.00
184.00 729.40
184.50 719.08
185.00 708.47
185.50 752.08
186.00 584.94
186.50 153.37
187.00 720.53
187.50 708.75
188.00 692.72
188.50 739.32
189.00 697.22
189.50 809.72
190.00 648.70
190.50 689.79
191.00 718.41
191.50 709.43
192.00 746.51
192.50 705.71
193.00 761.77
193.50 709.87
194.00 683.50
194.50 787.81
195.00 716.94
195.50 779.28
196.00 709.08
196.50 704.66
197.00 697.73
197.50 692.93
198.00 846.97
198.50 697.18
199.00 698.75
199.50 700.42
200.00 770.37
200.50 702.46
201.00 708.48
201.50 6.07
202.00 89.07
202.50 715.75
203.00 724.14
203.50 749.82
204.00 795.60
204.50 713.99
205.00 720.22
205.50 743.45
206.00 825.86
206.50 823.94
207.00 812.88
207.50 873.25
208.00 854.24
208.50 821.67
209.00 828.03
209.50 843.75
210.00 867.60
210.50 670.89
211.00 410.06
211.50 13.06
212.00 676.62
212.50 254.81
213.00 34.37
213.50 28.44
214.00 13.46
214.50 3.51
215.00 296.27
215.50 14.35
216.00 598.94
216.50 667.53
217.00 846.24
217.50 819.30
218.00 859.89
218.50 825.03
219.00 828.95
219.50 719.74
220.00 852.74
220.50 823.39
221.00 843.19
221.50 722.98
222.00 754.48
222.50 813.78
223.00 743.28
223.50 789.35
224.00 779.12
224.50 684.42
225.00 767.19
225.50 753.83
226.00 716.85
226.50 738.35
227.00 746.29
227.50 709.52
228.00 790.28
228.50 728.02
229.00 712.86
229.50 755.93
230.00 736.35
230.50 735.57
231.00 762.86
231.50 735.26
232.00 734.93
232.50 719.46
233.00 732.43
233.50 754.39
234.00 727.46
234.50 709.66
235.00 727.64
235.50 747.67
236.00 705.41
236.50 738.81
237.00 717.31
237.50 696.23
238.00 720.04
238.50 451.57
239.00 694.14
239.50 672.70
240.00 843.57
240.50 677.40
241.00 800.35
241.50 709.17
242.00 724.76
242.50 716.75
243.00 687.14
243.50 734.52
244.00 825.11
244.50 698.64
245.00 753.35
245.50 838.22
246.00 826.64
246.50 171.50
247.00 591.34
247.50 444.73
248.00 227.61
248.50 778.54
249.00 740.30
249.50 634.22
250.00 748.24
250.50 733.05
251.00 714.33
251.50 705.80
252.00 693.97
252.50 751.68
253.00 709.96
253.50 718.46
254.00 474.16
254.50 450.12
255.00 690.56
255.50 690.53
256.00 874.82
256.50 710.66
257.00 729.03
257.50 832.19
258.00 861.78
258.50 717.35
259.00 737.39
259.50 749.31
260.00 809.62
260.50 900.00
261.00 712.93
261.50 733.53
262.00 734.34
262.50 710.51
263.00 797.76
263.50 782.39
264.00 871.59
264.50 836.80
265.00 713.10
265.50 704.66
266.00 805.26
266.50 756.47
267.00 704.10
267.50 875.42
268.00 855.62
268.50 844.22
269.00 839.28
269.50 805.39
270.00 322.02
270.50 859.95
271.00 859.76
271.50 694.81
272.00 819.77
272.50 861.76
273.00 900.00
273.50 838.11
274.00 861.15
274.50 702.87
275.00 727.97
275.50 749.82
276.00 725.69
276.50 787.45
277.00 750.46
277.50 714.64
278.00 752.05
278.50 767.74
279.00 673.20
279.50 752.48
280.00 736.69
280.50 743.57
281.00 760.48
281.50 671.26
282.00 763.98
282.50 746.42
283.00 748.35
283.50 765.25
284.00 724.12
284.50 761.64
285.00 764.58
285.50 724.81
286.00 738.10
286.50 900.00
287.00 497.96
287.50 849.75
288.00 296.73
288.50 510.69
289.00 754.68
289.50 817.97
290.00 713.17
290.50 692.19
291.00 707.54
291.50 725.32
292.00 828.34
292.50 682.96
293.00 743.41
293.50 875.74
294.00 725.94
294.50 687.21
295.00 734.04
295.50 576.69
296.00 831.61
296.50 706.56
297.00 822.58
297.50 673.08
298.00 681.49
298.50 700.35
299.00 743.90
299.50 846.55
