0.00 754.32
0.50 783.10
1.00 768.42
1.50 691.73
2.00 710.39
2.50 701.67
3.00 761.39
3.50 753.98
4.00 707.61
4.50 768.18
5.00 746.73
5.50 505.16
6.00 801.22
6.50 745.56
7.00 768.92
7.50 735.46
8.00 760.64
8.50 776.00
9.00 804.23
9.50 708.89
10.00 721.88
10.50 708.15
11.00 775.05
11.50 725.17
12.00 720.14
12.50 834.00
13.00 745.76
13.50 704.56
14.00 767.36
14.50 753.64
15.00 772.76
15.50 727.16
16.00 731.78
16.50 757.66
17.00 728.55
17.50 733.09
18.00 780.33
18.50 760.85
19.00 723.92
19.50 744.39
20.00 696.87
20.50 746.05
21.00 727.37
21.50 706.20
22.00 738.05
22.50 735.60
23.00 723.73
23.50 693.16
24.00 741.92
24.50 786.66
25.00 710.28
25.50 727.31
26.00 747.17
26.50 738.62
27.00 697.49
27.50 735.76
28.00 732.67
28.50 720.47
29.00 736.36
29.50 685.18
30.00 793.35
30.50 729.56
31.00 767.71
31.50 732.02
32.00 721.72
32.50 705.42
33.00 721.96
33.50 743.92
34.00 737.18
34.50 719.66
35.00 680.54
35.50 797.41
36.00 773.14
36.50 665.88
37.00 723.25
37.50 839.90
38.00 858.59
38.50 811.94
39.00 900.00
39.50 856.84
40.00 814.24
40.50 820.60
41.00 719.81
41.50 857.76
42.00 864.50
42.50 843.65
43.00 836.89
43.50 844.00
44.00 865.77
44.50 844.42
45.00 833.04
45.50 830.96
46.00 863.68
46.50 866.13
47.00 818.19
47.50 833.17
48.00 828.76
48.50 553.41
49.00 746.06
49.50 750.53
50.00 756.78
50.50 744.80
51.00 721.96
51.50 762.26
52.00 762.82
52.50 742.02
53.00 758.57
53.50 709.06
54.00 738.47
54.50 709.77
55.00 733.17
55.50 747.01
56.00 730.87
56.50 757.70
57.00 742.33
57.50 430.41
58.00 802.75
58.50 259.59
59.00 175.80
59.50 720.24
60.00 768.15
60.50 674.78
61.00 728.31
61.50 679.04
62.00 696.57
62.50 744.19
63.00 691.62
63.50 888.30
64.00 703.58
64.50 733.51
65.00 722.47
65.50 641.03
66.00 668.57
66.50 822.29
67.00 806.72
67.50 892.12
68.00 782.66
68.50 797.05
69.00 741.53
69.50 874.67
70.00 759.35
70.50 791.04
71.00 699.11
71.50 714.75
72.00 698.22
72.50 717.67
73.00 743.95
73.50 754.61
74.00 717.32
74.50 782.27
75.00 739.96
75.50 772.74
76.00 793.45
76.50 465.52
77.00 590.22
77.50 164.26
78.00 3.53
78.50 5.05
79.00 1.37
79.50 17.08
80.00 763.31
80.50 794.44
81.00 739.12
81.50 730.73
82.00 710.28
82.50 718.20
83.00 759.21
83.50 688.28
84.00 877.35
84.50 713.88
85.00 676.99
85.50 868.52
86.00 775.66
86.50 825.56
87.00 727.67
87.50 704.07
88.00 900.00
88.50 843.10
89.00 666.50
89.50 746.72
90.00 700.46
90.50 803.56
91.00 748.16
91.50 714.51
92.00 738.39
92.50 769.48
93.00 775.61
93.50 737.70
94.00 737.20
94.50 788.70
95.00 702.25
95.50 752.64
96.00 745.10
96.50 734.13
97.00 734.48
97.50 711.74
98.00 769.64
98.50 719.93
99.00 791.12
99.50 760.66
100.00 763.84
100.50 749.49
101.00 775.68
101.50 714.09
102.00 787.00
102.50 693.87
103.00 692.70
103.50 848.85
104.00 658.92
104.50 748.60
105.00 678.75
105.50 707.10
106.00 781.43
106.50 811.65
107.00 756.23
107.50 786.40
108.00 676.81
108.50 707.01
109.00 718.18
109.50 713.74
110.00 788.32
110.50 756.17
111.00 689.95
111.50 681.94
112.00 720.80
112.50 737.59
113.00 708.74
113.50 739.23
114.00 711.00
114.50 746.63
115.00 731.07
115.50 738.03
116.00 724.48
116.50 731.18
117.00 720.37
117.50 799.75
118.00 863.19
118.50 677.65
119.00 738.87
119.50 676.66
120.00 859.02
120.50 710.09
121.00 671.04
121.50 688.46
122.00 715.56
122.50 763.98
123.00 724.94
123.50 765.45
124.00 726.92
124.50 703.20
125.00 743.37
125.50 745.16
126.00 726.31
126.50 716.66
127.00 701.95
127.50 779.70
128.00 725.37
128.50 692.74
129.00 730.38
129.50 670.35
130.00 696.54
130.50 738.80
131.00 762.24
131.50 764.04
132.00 732.96
132.50 727.24
133.00 761.57
133.50 735.96
134.00 728.71
134.50 754.02
135.00 757.58
135.50 716.95
136.00 662.89
136.50 700.61
137.00 716.67
137.50 800.51
138.00 646.99
138.50 846.67
139.00 749.15
139.50 695.74
140.00 691.00
140.50 710.13
141.00 767.72
141.50 382.49
142.00 338.69
142.50 785.54
143.00 804.46
143.50 429.40
144.00 0.00
144.50 8.33
145.00 0.00
145.50 0.00
146.00 354.54
146.50 830.37
147.00 830.74
147.50 737.36
148.00 695.63
148.50 717.11
149.00 712.57
149.50 727.68
150.00 689.44
150.50 703.89
151.00 601.85
151.50 523.17
152.00 704.60
152.50 711.11
153.00 712.81
153.50 759.28
154.00 822.05
154.50 761.06
155.00 701.32
155.50 857.98
156.00 667.13
156.50 722.12
157.00 688.16
157.50 702.31
158.00 678.28
158.50 669.01
159.00 681.76
159.50 817.02
160.00 838.00
160.50 693.56
161.00 694.60
161.50 686.55
162.00 734.61
162.50 708.21
163.00 711.35
163.50 719.85
164.00 684.55
164.50 709.91
165.00 691.88
165.50 373.65
166.00 695.64
166.50 652.38
167.00 772.33
167.50 731.22
168.00 730.71
168.50 719.53
169.00 776.65
169.50 734.01
170.00 691.58
170.50 746.74
171.00 720.74
171.50 732.31
172.00 697.66
172.50 699.02
173.00 733.39
173.50 675.70
174.00 771.01
174.50 703.43
175.00 832.38
175.50 832.47
176.00 702.36
176.50 690.47
177.00 736.35
177.50 601.05
178.00 710.26
178.50 709.41
179.00 878.92
179.50 724.13
180.00 688.83
180.50 726.60
181.00 680.80
181.50 700.58
182.00 790.96
182.50 853.59
183.00 702.77
183.50 699.36
184.00 865.50
184.50 677.84
185.00 698.23
185.50 691.05
186.00 691.16
186.50 733.19
187.00 702.07
187.50 876.31
188.00 834.42
188.50 900.00
189.00 744.10
189.50 714.50
190.00 725.55
190.50 700.57
191.00 676.62
191.50 744.81
192.00 768.41
192.50 332.00
193.00 802.45
193.50 676.92
194.00 701.35
194.50 683.11
195.00 812.88
195.50 734.27
196.00 743.59
196.50 801.65
197.00 744.66
197.50 730.47
198.00 782.98
198.50 766.65
199.00 743.91
199.50 687.09
200.00 727.58
200.50 725.86
201.00 747.66
201.50 751.32
202.00 716.28
202.50 643.81
203.00 730.03
203.50 758.21
204.00 756.41
204.50 787.47
205.00 649.99
205.50 706.59
206.00 761.07
206.50 723.89
207.00 765.72
207.50 730.53
208.00 733.23
208.50 768.93
209.00 774.24
209.50 721.05
210.00 671.88
210.50 781.60
211.00 726.95
211.50 764.88
212.00 796.44
212.50 861.95
213.00 743.25
213.50 803.98
214.00 766.63
214.50 734.99
215.00 696.20
215.50 706.78
216.00 776.70
216.50 777.63
217.00 725.00
217.50 769.86
218.00 718.26
218.50 744.08
219.00 704.38
219.50 721.87
220.00 699.21
220.50 688.41
221.00 750.54
221.50 734.07
222.00 739.50
222.50 739.57
223.00 572.78
223.50 201.53
224.00 754.14
224.50 762.87
225.00 751.67
225.50 695.65
226.00 799.42
226.50 670.00
227.00 784.93
227.50 698.23
228.00 843.48
228.50 725.93
229.00 361.34
229.50 384.25
230.00 668.73
230.50 708.39
231.00 804.69
231.50 754.08
232.00 804.37
232.50 786.53
233.00 472.61
233.50 744.52
234.00 727.81
234.50 798.83
235.00 736.39
235.50 742.43
236.00 687.64
236.50 696.76
237.00 788.01
237.50 707.65
238.00 742.52
238.50 673.11
239.00 800.53
239.50 717.97
240.00 715.26
240.50 706.10
241.00 669.37
241.50 727.53
242.00 713.75
242.50 688.97
243.00 728.51
243.50 724.18
244.00 668.72
244.50 744.25
245.00 780.55
245.50 731.43
246.00 767.10
246.50 853.41
247.00 718.50
247.50 885.86
248.00 820.79
248.50 737.83
249.00 693.70
249.50 680.88
250.00 680.05
250.50 700.03
251.00 797.64
251.50 742.37
252.00 758.03
252.50 838.60
253.00 716.80
253.50 723.22
254.00 798.20
254.50 709.36
255.00 709.83
255.50 704.45
256.00 750.36
256.50 716.78
257.00 756.74
257.50 693.09
258.00 754.58
258.50 734.81
259.00 820.49
259.50 826.96
260.00 870.98
260.50 840.82
261.00 837.11
261.50 845.71
262.00 695.03
262.50 761.58
263.00 840.32
263.50 793.77
264.00 816.54
264.50 494.19
265.00 574.79
265.50 444.16
266.00 0.00
266.50 7.25
267.00 6.48
267.50 6.79
268.00 14.23
268.50 520.30
269.00 141.48
269.50 102.46
270.00 34.94
270.50 397.23
271.00 734.52
271.50 761.80
272.00 690.50
272.50 743.34
273.00 634.75
273.50 743.45
274.00 442.42
274.50 675.09
275.00 695.00
275.50 806.08
276.00 727.42
276.50 721.71
277.00 726.58
277.50 696.47
278.00 682.50
278.50 708.20
279.00 696.44
279.50 754.23
280.00 770.71
280.50 753.92
281.00 687.68
281.50 764.15
282.00 744.38
282.50 764.38
283.00 734.36
283.50 771.78
284.00 756.46
284.50 790.78
285.00 722.78
285.50 762.26
286.00 722.05
286.50 669.12
287.00 851.67
287.50 896.54
288.00 785.05
288.50 883.54
289.00 814.80
289.50 865.68
290.00 834.44
290.50 852.06
291.00 825.53
291.50 757.75
292.00 746.28
292.50 835.98
293.00 842.05
293.50 705.43
294.00 813.52
294.50 851.59
295.00 841.06
295.50 812.16
296.00 729.25
296.50 711.81
297.00 669.18
297.50 709.74
298.00 729.04
298.50 727.59
299.00 780.14
299.50 698.18
