0.00 702.97
0.50 724.40
1.00 718.21
1.50 767.46
2.00 719.35
2.50 729.85
3.00 725.97
3.50 767.50
4.00 744.29
4.50 716.64
5.00 729.85
5.50 726.35
6.00 727.18
6.50 677.55
7.00 730.71
7.50 690.11
8.00 761.55
8.50 738.43
9.00 696.79
9.50 750.02
10.00 715.28
10.50 746.64
11.00 705.39
11.50 713.40
12.00 747.39
12.50 751.97
13.00 773.81
13.50 701.33
14.00 806.86
14.50 851.82
15.00 843.95
15.50 843.96
16.00 862.86
16.50 838.20
17.00 820.43
17.50 695.40
18.00 825.72
18.50 840.09
19.00 235.24
19.50 721.70
20.00 702.87
20.50 706.75
21.00 715.54
21.50 691.22
22.00 733.21
22.50 745.48
23.00 702.58
23.50 754.70
24.00 708.67
24.50 752.83
25.00 680.32
25.50 749.44
26.00 720.27
26.50 787.94
27.00 759.62
27.50 712.48
28.00 463.60
28.50 725.86
29.00 700.91
29.50 737.78
30.00 772.81
30.50 763.01
31.00 815.52
31.50 732.67
32.00 732.75
32.50 866.47
33.00 686.09
33.50 712.27
34.00 715.04
34.50 752.30
35.00 676.95
35.50 697.06
36.00 687.49
36.50 729.29
37.00 767.88
37.50 814.94
38.00 756.75
38.50 866.13
39.00 5.21
39.50 9.88
40.00 3.44
40.50 0.00
41.00 358.08
41.50 719.26
42.00 782.34
42.50 778.13
43.00 782.43
43.50 674.72
44.00 689.10
44.50 714.56
45.00 781.40
45.50 807.63
46.00 469.32
46.50 454.95
47.00 300.27
47.50 678.30
48.00 687.26
48.50 745.70
49.00 765.85
49.50 739.49
50.00 709.77
50.50 260.08
51.00 65.63
51.50 788.70
52.00 838.08
52.50 836.07
53.00 831.85
53.50 852.05
54.00 851.75
54.50 799.85
55.00 847.42
55.50 699.19
56.00 730.37
56.50 725.37
57.00 736.47
57.50 696.47
58.00 714.10
58.50 750.32
59.00 786.03
59.50 776.32
60.00 795.95
60.50 735.32
61.00 719.30
61.50 772.34
62.00 713.92
62.50 814.17
63.00 750.18
63.50 692.02
64.00 776.70
64.50 804.51
65.00 869.71
65.50 721.38
66.00 804.05
66.50 682.18
67.00 705.59
67.50 754.91
68.00 737.85
68.50 737.55
69.00 732.73
69.50 758.09
70.00 761.18
70.50 763.43
71.00 696.88
71.50 745.32
72.00 753.72
72.50 761.40
73.00 713.63
73.50 682.12
74.00 759.82
74.50 691.36
75.00 764.31
75.50 799.55
76.00 692.11
76.50 752.05
77.00 3.03
77.50 0.80
78.00 0.00
78.50 0.00
79.00 25.12
79.50 360.15
80.00 744.82
80.50 691.33
81.00 759.59
81.50 761.41
82.00 749.26
82.50 715.81
83.00 710.33
83.50 776.73
84.00 693.20
84.50 69.43
85.00 831.40
85.50 817.01
86.00 812.94
86.50 826.22
87.00 695.51
87.50 713.90
88.00 737.95
88.50 698.83
89.00 807.43
89.50 706.86
90.00 764.67
90.50 724.05
91.00 0.99
91.50 522.73
92.00 160.31
92.50 765.74
93.00 467.14
93.50 811.14
94.00 684.81
94.50 728.39
95.00 756.03
95.50 900.00
96.00 806.48
96.50 831.82
97.00 851.31
97.50 797.45
98.00 850.62
98.50 847.42
99.00 851.49
99.50 821.31
100.00 773.07
100.50 729.72
101.00 786.38
101.50 798.29
102.00 759.47
102.50 885.08
103.00 720.38
103.50 776.20
104.00 764.50
104.50 711.05
105.00 719.03
105.50 716.39
106.00 763.96
106.50 658.74
107.00 711.59
107.50 711.99
108.00 744.27
108.50 727.11
109.00 790.45
109.50 735.23
110.00 870.27
110.50 818.50
111.00 829.01
111.50 873.48
112.00 882.83
112.50 485.94
113.00 357.57
113.50 747.72
114.00 770.35
114.50 745.03
115.00 870.26
115.50 833.28
116.00 856.45
116.50 844.09
117.00 836.49
117.50 845.77
118.00 709.03
118.50 709.33
119.00 560.58
119.50 17.18
120.00 0.00
120.50 0.00
121.00 2.15
121.50 10.54
122.00 530.79
122.50 579.81
123.00 164.02
123.50 0.00
124.00 779.52
124.50 676.79
125.00 686.21
125.50 793.37
126.00 688.71
126.50 693.31
127.00 667.11
127.50 699.67
128.00 670.47
128.50 729.57
129.00 767.69
129.50 738.81
130.00 824.69
130.50 686.37
131.00 786.16
131.50 739.72
132.00 727.14
132.50 718.73
133.00 687.73
133.50 729.52
134.00 706.95
134.50 720.12
135.00 697.23
135.50 768.93
136.00 809.31
136.50 684.40
137.00 727.39
137.50 751.52
138.00 696.24
138.50 696.38
139.00 864.76
139.50 810.63
140.00 836.39
140.50 754.89
141.00 779.51
141.50 762.80
142.00 506.31
142.50 669.00
143.00 900.00
143.50 252.82
144.00 709.89
144.50 795.37
145.00 801.97
145.50 745.60
146.00 786.16
146.50 685.70
147.00 830.53
147.50 768.78
148.00 733.85
148.50 658.87
149.00 719.58
149.50 713.37
150.00 438.80
150.50 706.91
151.00 723.05
151.50 730.70
152.00 776.34
152.50 698.96
153.00 701.29
153.50 191.43
154.00 757.12
154.50 722.17
155.00 744.68
155.50 769.85
156.00 760.44
156.50 667.49
157.00 701.62
157.50 842.17
158.00 797.42
158.50 715.65
159.00 870.41
159.50 860.05
160.00 814.74
160.50 845.10
161.00 854.54
161.50 851.69
162.00 803.58
162.50 858.00
163.00 812.06
163.50 851.22
164.00 867.55
164.50 808.53
165.00 716.31
165.50 706.37
166.00 748.08
166.50 731.52
167.00 686.87
167.50 718.26
168.00 683.00
168.50 717.51
169.00 821.35
169.50 761.61
170.00 671.41
170.50 722.83
171.00 780.04
171.50 722.51
172.00 765.22
172.50 719.91
173.00 704.68
173.50 682.93
174.00 840.09
174.50 676.14
175.00 705.21
175.50 700.75
176.00 745.98
176.50 751.50
177.00 772.33
177.50 788.03
178.00 759.30
178.50 705.65
179.00 729.36
179.50 781.89
180.00 707.00
180.50 744.44
181.00 710.11
181.50 710.21
182.00 754.34
182.50 730.18
183.00 711.14
183.50 754.96
184.00 770.03
184.50 767.56
185.00 773.07
185.50 747.49
186.00 757.26
186.50 696.76
187.00 747.53
187.50 702.42
188.00 762.08
188.50 781.18
189.00 781.95
189.50 700.17
190.00 768.58
190.50 837.65
191.00 805.09
191.50 822.40
192.00 818.19
192.50 840.48
193.00 850.99
193.50 65.09
194.00 747.36
194.50 785.79
195.00 770.40
195.50 680.99
196.00 741.37
196.50 768.56
197.00 730.23
197.50 690.33
198.00 568.94
198.50 608.78
199.00 705.72
199.50 756.69
200.00 637.80
200.50 9.62
201.00 537.76
201.50 778.56
202.00 719.21
202.50 159.45
203.00 483.93
203.50 308.45
204.00 305.14
204.50 871.58
205.00 877.07
205.50 137.29
206.00 189.87
206.50 222.85
207.00 384.74
207.50 5.82
208.00 277.63
208.50 684.02
209.00 668.41
209.50 775.44
210.00 677.82
210.50 742.87
211.00 707.57
211.50 744.71
212.00 791.56
212.50 766.91
213.00 772.99
213.50 757.43
214.00 693.31
214.50 686.40
215.00 774.34
215.50 764.83
216.00 527.17
216.50 825.37
217.00 709.25
217.50 742.46
218.00 778.32
218.50 821.77
219.00 673.38
219.50 701.33
220.00 722.58
220.50 746.70
221.00 750.09
221.50 658.09
222.00 760.71
222.50 813.84
223.00 850.81
223.50 878.73
224.00 845.94
224.50 828.63
225.00 829.54
225.50 836.58
226.00 170.61
226.50 721.10
227.00 827.23
227.50 847.65
228.00 812.49
228.50 872.48
229.00 841.80
229.50 843.86
230.00 732.94
230.50 850.11
231.00 852.97
231.50 869.01
232.00 854.48
232.50 850.49
233.00 869.05
233.50 606.05
234.00 699.55
234.50 815.22
235.00 705.85
235.50 687.77
236.00 838.75
236.50 762.44
237.00 754.30
237.50 762.38
238.00 694.72
238.50 763.71
239.00 698.90
239.50 721.88
240.00 695.41
240.50 717.22
241.00 699.71
241.50 734.12
242.00 721.42
242.50 829.26
243.00 707.42
243.50 697.23
244.00 792.22
244.50 724.05
245.00 798.91
245.50 780.79
246.00 712.37
246.50 728.20
247.00 792.22
247.50 674.16
248.00 715.38
248.50 714.53
249.00 752.20
249.50 749.60
250.00 696.34
250.50 738.47
251.00 733.65
251.50 723.09
252.00 749.38
252.50 864.38
253.00 832.95
253.50 797.41
254.00 689.08
254.50 758.38
255.00 805.18
255.50 721.64
256.00 726.87
256.50 758.49
257.00 757.52
257.50 771.64
258.00 761.65
258.50 724.86
259.00 723.87
259.50 764.04
260.00 735.84
260.50 763.71
261.00 723.31
261.50 700.31
262.00 685.19
262.50 785.37
263.00 773.77
263.50 765.44
264.00 783.48
264.50 757.20
265.00 769.77
265.50 777.64
266.00 742.46
266.50 770.04
267.00 722.25
267.50 744.94
268.00 730.97
268.50 762.58
269.00 725.30
269.50 750.34
270.00 21.93
270.50 331.67
271.00 795.12
271.50 293.30
272.00 249.54
272.50 433.41
273.00 705.70
273.50 322.57
274.00 836.60
274.50 836.67
275.00 857.16
275.50 855.55
276.00 845.36
276.50 826.15
277.00 850.59
277.50 826.25
278.00 787.55
278.50 658.54
279.00 693.50
279.50 700.89
280.00 723.55
280.50 705.23
281.00 784.72
281.50 706.78
282.00 799.49
282.50 663.52
283.00 776.15
283.50 618.27
284.00 861.26
284.50 843.88
285.00 842.78
285.50 709.09
286.00 732.80
286.50 639.01
287.00 799.17
287.50 774.10
288.00 429.80
288.50 278.85
289.00 5.80
289.50 377.52
290.00 53.35
290.50 134.54
291.00 768.16
291.50 564.87
292.00 784.32
292.50 693.25
293.00 718.85
293.50 709.76
294.00 685.57
294.50 727.12
295.00 900.00
295.50 819.44
296.00 704.28
296.50 712.09
297.00 823.22
297.50 821.25
298.00 841.99
298.50 683.42
299.00 730.55
299.50 808.45
