0.00 714.35
0.50 765.42
1.00 692.97
1.50 673.90
2.00 766.09
2.50 736.61
3.00 769.14
3.50 739.77
4.00 682.21
4.50 673.48
5.00 755.60
5.50 758.24
6.00 757.32
6.50 723.32
7.00 734.95
7.50 718.93
8.00 816.88
8.50 846.13
9.00 739.40
9.50 853.46
10.00 707.27
10.50 801.10
11.00 752.31
11.50 834.97
12.00 736.53
12.50 700.08
13.00 502.35
13.50 687.93
14.00 787.83
14.50 718.63
15.00 738.42
15.50 761.45
16.00 705.10
16.50 742.10
17.00 706.71
17.50 900.00
18.00 681.75
18.50 672.58
19.00 711.66
19.50 704.35
20.00 708.73
20.50 676.05
21.00 717.38
21.50 699.06
22.00 799.73
22.50 728.61
23.00 694.18
23.50 772.63
24.00 740.13
24.50 707.27
25.00 757.51
25.50 724.71
26.00 748.40
26.50 744.64
27.00 685.48
27.50 764.37
28.00 708.48
28.50 746.50
29.00 774.68
29.50 775.20
30.00 508.92
30.50 609.85
31.00 722.86
31.50 705.71
32.00 739.86
32.50 716.70
33.00 738.25
33.50 734.43
34.00 725.44
34.50 682.85
35.00 709.84
35.50 430.48
36.00 236.09
36.50 668.32
37.00 722.72
37.50 692.89
38.00 719.83
38.50 707.19
39.00 752.23
39.50 787.11
40.00 714.37
40.50 758.90
41.00 687.88
41.50 744.40
42.00 749.40
42.50 693.60
43.00 749.67
43.50 758.57
44.00 733.65
44.50 772.54
45.00 754.75
45.50 686.64
46.00 727.02
46.50 663.90
47.00 819.18
47.50 850.07
48.00 721.90
48.50 822.12
49.00 509.24
49.50 295.45
50.00 723.01
50.50 837.30
51.00 692.43
51.50 682.81
52.00 671.86
52.50 871.15
53.00 741.13
53.50 688.66
54.00 710.24
54.50 740.37
55.00 710.73
55.50 731.96
56.00 700.27
56.50 708.92
57.00 716.81
57.50 717.94
58.00 559.84
58.50 710.37
59.00 707.09
59.50 900.00
60.00 815.80
60.50 699.09
61.00 758.96
61.50 872.19
62.00 846.36
62.50 853.69
63.00 788.58
63.50 681.75
64.00 702.04
64.50 0.00
65.00 737.29
65.50 845.08
66.00 849.10
66.50 682.79
67.00 657.58
67.50 15.49
68.00 0.00
68.50 402.58
69.00 133.73
69.50 693.69
70.00 687.91
70.50 747.14
71.00 729.77
71.50 711.15
72.00 746.25
72.50 683.34
73.00 745.93
73.50 728.77
74.00 727.66
74.50 723.48
75.00 672.76
75.50 720.65
76.00 757.18
76.50 713.48
77.00 710.87
77.50 700.14
78.00 718.64
78.50 766.32
79.00 751.81
79.50 769.79
80.00 755.26
80.50 677.33
81.00 756.80
81.50 692.45
82.00 755.49
82.50 744.91
83.00 521.82
83.50 0.00
84.00 3.39
84.50 900.00
85.00 749.20
85.50 565.38
86.00 1.92
86.50 5.67
87.00 3.85
87.50 184.70
88.00 450.14
88.50 126.44
89.00 0.00
89.50 1.28
90.00 25.15
90.50 600.53
91.00 292.66
91.50 807.78
92.00 844.35
92.50 831.89
93.00 726.28
93.50 851.67
94.00 505.44
94.50 286.95
95.00 21.39
95.50 6.64
96.00 7.89
96.50 797.69
97.00 690.58
97.50 726.89
98.00 734.16
98.50 696.00
99.00 886.58
99.50 705.84
100.00 830.34
100.50 728.46
101.00 794.78
101.50 707.35
102.00 732.68
102.50 727.99
103.00 689.58
103.50 812.10
104.00 753.01
104.50 221.15
105.00 708.49
105.50 724.42
106.00 796.94
106.50 701.83
107.00 0.00
107.50 763.29
108.00 700.33
108.50 299.02
109.00 743.49
109.50 707.97
110.00 706.15
110.50 504.48
111.00 183.26
111.50 323.71
112.00 6.27
112.50 262.10
113.00 271.20
113.50 11.09
114.00 4.34
114.50 16.00
115.00 0.00
115.50 303.74
116.00 789.60
116.50 900.00
117.00 731.78
117.50 844.01
118.00 764.13
118.50 670.81
119.00 681.27
119.50 709.58
120.00 765.21
120.50 733.44
121.00 809.50
121.50 786.17
122.00 727.34
122.50 788.35
123.00 738.34
123.50 701.83
124.00 840.34
124.50 840.60
125.00 819.21
125.50 708.54
126.00 746.39
126.50 758.46
127.00 719.73
127.50 665.97
128.00 681.52
128.50 684.61
129.00 780.37
129.50 693.76
130.00 691.27
130.50 815.95
131.00 689.91
131.50 721.77
132.00 684.14
132.50 716.37
133.00 763.40
133.50 695.91
134.00 889.37
134.50 459.08
135.00 493.48
135.50 742.44
136.00 789.02
136.50 845.03
137.00 774.39
137.50 771.28
138.00 815.46
138.50 667.38
139.00 704.46
139.50 680.87
140.00 777.12
140.50 692.55
141.00 686.40
141.50 665.59
142.00 727.06
142.50 831.07
143.00 727.20
143.50 715.60
144.00 794.32
144.50 730.27
145.00 111.33
145.50 731.82
146.00 783.34
146.50 732.00
147.00 748.77
147.50 688.04
148.00 685.75
148.50 719.01
149.00 345.16
149.50 833.80
150.00 667.70
150.50 772.35
151.00 694.58
151.50 698.49
152.00 727.72
152.50 680.13
153.00 832.03
153.50 724.15
154.00 633.81
154.50 680.98
155.00 685.53
155.50 729.45
156.00 748.54
156.50 728.20
157.00 720.26
157.50 708.93
158.00 726.34
158.50 692.08
159.00 746.49
159.50 768.71
160.00 693.68
160.50 742.82
161.00 703.64
161.50 730.41
162.00 741.01
162.50 749.23
163.00 732.63
163.50 767.67
164.00 725.25
164.50 772.17
165.00 751.24
165.50 694.56
166.00 729.70
166.50 762.77
167.00 753.71
167.50 752.15
168.00 726.36
168.50 762.45
169.00 761.35
169.50 865.17
170.00 873.07
170.50 711.40
171.00 685.50
171.50 689.17
172.00 848.10
172.50 718.29
173.00 717.88
173.50 692.73
174.00 724.26
174.50 766.20
175.00 720.60
175.50 662.54
176.00 716.74
176.50 717.99
177.00 733.04
177.50 711.47
178.00 724.21
178.50 722.82
179.00 722.38
179.50 741.08
180.00 719.08
180.50 706.06
181.00 728.59
181.50 800.43
182.00 719.67
182.50 718.07
183.00 809.30
183.50 868.90
184.00 250.04
184.50 830.51
185.00 717.96
185.50 756.22
186.00 668.69
186.50 718.60
187.00 689.34
187.50 695.48
188.00 759.92
188.50 739.20
189.00 766.79
189.50 826.09
190.00 851.02
190.50 742.98
191.00 733.10
191.50 847.86
192.00 839.38
192.50 849.44
193.00 833.54
193.50 822.49
194.00 713.33
194.50 761.71
195.00 743.69
195.50 749.43
196.00 695.02
196.50 315.88
197.00 371.97
197.50 395.26
198.00 514.46
198.50 805.88
199.00 770.45
199.50 850.18
200.00 894.25
200.50 814.64
201.00 851.62
201.50 860.72
202.00 854.88
202.50 862.76
203.00 857.17
203.50 675.91
204.00 803.22
204.50 829.08
205.00 733.05
205.50 685.93
206.00 184.85
206.50 237.46
207.00 449.92
207.50 692.02
208.00 738.65
208.50 777.24
209.00 683.46
209.50 733.34
210.00 752.47
210.50 466.82
211.00 772.99
211.50 748.86
212.00 757.98
212.50 573.20
213.00 431.51
213.50 116.37
214.00 588.09
214.50 729.57
215.00 694.12
215.50 842.86
216.00 844.87
216.50 822.70
217.00 765.18
217.50 791.82
218.00 683.21
218.50 739.36
219.00 733.09
219.50 710.77
220.00 672.19
220.50 507.31
221.00 550.04
221.50 715.16
222.00 792.40
222.50 724.36
223.00 712.97
223.50 606.27
224.00 703.98
224.50 697.49
225.00 720.35
225.50 734.17
226.00 794.97
226.50 751.06
227.00 722.75
227.50 748.02
228.00 680.83
228.50 763.76
229.00 774.14
229.50 678.64
230.00 736.95
230.50 739.24
231.00 727.12
231.50 750.29
232.00 735.53
232.50 738.81
233.00 775.48
233.50 754.27
234.00 726.92
234.50 722.07
235.00 717.44
235.50 678.25
236.00 704.65
236.50 754.19
237.00 702.15
237.50 741.43
238.00 743.83
238.50 731.00
239.00 743.76
239.50 788.92
240.00 737.75
240.50 727.62
241.00 720.05
241.50 724.60
242.00 754.15
242.50 706.30
243.00 848.62
243.50 828.51
244.00 823.31
244.50 817.58
245.00 833.96
245.50 689.58
246.00 818.46
246.50 699.48
247.00 190.73
247.50 114.38
248.00 413.76
248.50 24.66
249.00 10.83
249.50 12.20
250.00 633.19
250.50 8.60
251.00 17.05
251.50 8.77
252.00 470.92
252.50 187.63
253.00 740.75
253.50 773.12
254.00 639.73
254.50 757.38
255.00 707.04
255.50 579.25
256.00 723.85
256.50 708.83
257.00 0.00
257.50 133.53
258.00 10.56
258.50 0.00
259.00 197.92
259.50 393.94
260.00 525.64
260.50 425.19
261.00 5.63
261.50 305.41
262.00 750.43
262.50 739.09
263.00 705.24
263.50 730.51
264.00 816.81
264.50 745.90
265.00 721.30
265.50 188.46
266.00 756.48
266.50 759.43
267.00 668.48
267.50 694.23
268.00 734.99
268.50 766.13
269.00 845.32
269.50 840.63
270.00 847.58
270.50 853.92
271.00 487.96
271.50 130.08
272.00 504.09
272.50 767.29
273.00 743.65
273.50 762.75
274.00 320.54
274.50 160.68
275.00 725.35
275.50 615.92
276.00 0.00
276.50 0.00
277.00 336.61
277.50 115.38
278.00 407.50
278.50 0.00
279.00 661.73
279.50 494.71
280.00 452.48
280.50 751.46
281.00 720.46
281.50 743.45
282.00 870.15
282.50 0.00
283.00 4.44
283.50 6.05
284.00 453.55
284.50 164.69
285.00 755.34
285.50 754.87
286.00 817.85
286.50 109.51
287.00 233.03
287.50 495.34
288.00 746.00
288.50 703.34
289.00 670.65
289.50 514.96
290.00 677.54
290.50 701.24
291.00 854.85
291.50 705.78
292.00 756.61
292.50 761.87
293.00 618.99
293.50 112.63
294.00 822.93
294.50 698.53
295.00 779.96
295.50 777.94
296.00 708.58
296.50 710.69
297.00 687.13
297.50 789.73
298.00 734.00
298.50 734.84
299.00 772.64
299.50 732.51
