0.00 721.71
0.50 679.16
1.00 694.91
1.50 754.77
2.00 765.00
2.50 750.00
3.00 733.03
3.50 658.25
4.00 733.77
4.50 754.15
5.00 693.45
5.50 689.93
6.00 779.77
6.50 700.07
7.00 760.79
7.50 750.34
8.00 708.41
8.50 766.07
9.00 698.03
9.50 775.00
10.00 767.17
10.50 699.73
11.00 729.36
11.50 704.20
12.00 120.44
12.50 728.78
13.00 780.44
13.50 703.17
14.00 671.64
14.50 737.09
15.00 746.25
15.50 746.43
16.00 748.71
16.50 701.61
17.00 769.94
17.50 224.02
18.00 670.58
18.50 707.19
19.00 727.99
19.50 777.01
20.00 721.35
20.50 765.61
21.00 730.42
21.50 732.43
22.00 713.30
22.50 740.05
23.00 720.88
23.50 744.17
24.00 714.20
24.50 773.09
25.00 736.51
25.50 713.76
26.00 755.59
26.50 713.96
27.00 748.55
27.50 767.12
28.00 748.70
28.50 677.14
29.00 788.66
29.50 809.77
30.00 782.68
30.50 325.50
31.00 762.17
31.50 747.17
32.00 759.83
32.50 748.42
33.00 772.74
33.50 700.81
34.00 783.80
34.50 765.86
35.00 716.34
35.50 695.64
36.00 751.31
36.50 744.49
37.00 767.37
37.50 676.20
38.00 754.79
38.50 760.43
39.00 853.18
39.50 793.07
40.00 691.16
40.50 675.84
41.00 719.72
41.50 702.47
42.00 823.01
42.50 762.67
43.00 705.52
43.50 0.00
44.00 0.00
44.50 344.43
45.00 600.18
45.50 747.24
46.00 748.59
46.50 873.77
47.00 853.95
47.50 839.55
48.00 672.72
48.50 756.20
49.00 868.38
49.50 676.87
50.00 715.59
50.50 791.88
51.00 465.32
51.50 13.14
52.00 614.62
52.50 638.32
53.00 763.72
53.50 659.30
54.00 722.74
54.50 759.69
55.00 503.51
55.50 160.82
56.00 717.76
56.50 706.69
57.00 702.26
57.50 699.37
58.00 708.31
58.50 806.63
59.00 730.74
59.50 827.87
60.00 787.50
60.50 782.36
61.00 699.03
61.50 851.47
62.00 870.17
62.50 827.85
63.00 649.14
63.50 709.30
64.00 707.47
64.50 711.65
65.00 726.70
65.50 127.62
66.00 682.34
66.50 860.48
67.00 789.95
67.50 707.57
68.00 712.57
68.50 727.74
69.00 729.24
69.50 702.83
70.00 838.62
70.50 706.45
71.00 702.17
71.50 493.53
72.00 726.42
72.50 747.67
73.00 855.48
73.50 760.99
74.00 788.18
74.50 770.38
75.00 711.71
75.50 716.98
76.00 744.68
76.50 722.65
77.00 768.23
77.50 766.99
78.00 759.66
78.50 770.02
79.00 719.93
79.50 761.08
80.00 742.99
80.50 785.27
81.00 738.04
81.50 706.99
82.00 695.14
82.50 792.34
83.00 155.03
83.50 0.00
84.00 766.22
84.50 257.00
85.00 316.70
85.50 9.74
86.00 17.09
86.50 0.00
87.00 1.09
87.50 146.66
88.00 0.00
88.50 17.39
89.00 363.70
89.50 480.08
90.00 678.85
90.50 209.76
91.00 141.73
91.50 743.55
92.00 744.99
92.50 700.31
93.00 855.29
93.50 866.64
94.00 713.99
94.50 158.07
95.00 726.01
95.50 777.50
96.00 742.10
96.50 722.89
97.00 771.69
97.50 706.59
98.00 784.94
98.50 737.34
99.00 264.34
99.50 0.00
100.00 90.25
100.50 799.26
101.00 713.76
101.50 700.77
102.00 704.25
102.50 743.11
103.00 749.75
103.50 446.58
104.00 452.48
104.50 20.77
105.00 350.64
105.50 716.43
106.00 689.30
106.50 710.67
107.00 719.13
107.50 825.33
108.00 678.71
108.50 734.74
109.00 709.92
109.50 710.21
110.00 526.44
110.50 0.00
111.00 6.12
111.50 20.81
112.00 14.40
112.50 11.35
113.00 446.35
113.50 225.40
114.00 258.90
114.50 146.39
115.00 0.00
115.50 16.07
116.00 789.37
116.50 696.71
117.00 742.03
117.50 708.81
118.00 813.54
118.50 788.73
119.00 707.61
119.50 413.94
120.00 709.31
120.50 758.87
121.00 759.49
121.50 771.70
122.00 721.22
122.50 653.42
123.00 726.49
123.50 743.32
124.00 772.00
124.50 683.39
125.00 765.84
125.50 701.39
126.00 733.09
126.50 814.13
127.00 698.63
127.50 733.14
128.00 721.87
128.50 782.61
129.00 699.02
129.50 767.31
130.00 767.39
130.50 738.64
131.00 746.03
131.50 701.56
132.00 757.92
132.50 727.40
133.00 702.83
133.50 750.96
134.00 722.63
134.50 730.39
135.00 743.43
135.50 727.30
136.00 730.52
136.50 759.54
137.00 758.20
137.50 725.07
138.00 767.70
138.50 783.65
139.00 691.32
139.50 585.79
140.00 411.92
140.50 900.00
141.00 750.40
141.50 731.42
142.00 766.28
142.50 3.57
143.00 7.27
143.50 753.81
144.00 732.71
144.50 817.68
145.00 806.42
145.50 684.10
146.00 836.87
146.50 744.34
147.00 713.74
147.50 684.92
148.00 757.47
148.50 718.70
149.00 687.04
149.50 699.17
150.00 697.28
150.50 830.17
151.00 710.10
151.50 844.02
152.00 872.63
152.50 714.52
153.00 730.01
153.50 696.09
154.00 693.77
154.50 731.85
155.00 742.26
155.50 766.22
156.00 772.51
156.50 775.73
157.00 738.98
157.50 766.27
158.00 701.40
158.50 751.50
159.00 722.44
159.50 708.80
160.00 760.96
160.50 672.10
161.00 721.39
161.50 764.51
162.00 758.49
162.50 701.84
163.00 737.40
163.50 702.86
164.00 696.90
164.50 897.97
165.00 747.68
165.50 292.11
166.00 747.06
166.50 565.73
167.00 0.00
167.50 15.08
168.00 272.17
168.50 643.59
169.00 778.09
169.50 723.24
170.00 687.83
170.50 707.45
171.00 711.48
171.50 701.79
172.00 688.07
172.50 734.06
173.00 694.73
173.50 671.76
174.00 781.04
174.50 789.63
175.00 714.69
175.50 866.23
176.00 801.80
176.50 669.23
177.00 746.06
177.50 753.38
178.00 708.81
178.50 679.61
179.00 528.41
179.50 0.00
180.00 0.00
180.50 779.74
181.00 726.74
181.50 240.98
182.00 267.64
182.50 452.88
183.00 731.03
183.50 757.61
184.00 708.02
184.50 740.82
185.00 854.11
185.50 816.25
186.00 694.13
186.50 714.56
187.00 755.74
187.50 667.65
188.00 736.68
188.50 712.18
189.00 748.92
189.50 728.36
190.00 765.38
190.50 691.01
191.00 712.90
191.50 722.79
192.00 781.73
192.50 724.53
193.00 676.41
193.50 720.21
194.00 737.95
194.50 712.02
195.00 835.73
195.50 752.06
196.00 689.44
196.50 783.64
197.00 803.65
197.50 873.28
198.00 729.10
198.50 705.02
199.00 675.69
199.50 686.33
200.00 704.07
200.50 824.02
201.00 814.38
201.50 709.52
202.00 778.27
202.50 802.78
203.00 776.24
203.50 709.45
204.00 719.86
204.50 753.22
205.00 731.98
205.50 777.55
206.00 706.94
206.50 778.20
207.00 766.47
207.50 900.00
208.00 8.68
208.50 754.58
209.00 485.77
209.50 790.51
210.00 718.75
210.50 735.12
211.00 696.88
211.50 748.62
212.00 791.47
212.50 706.36
213.00 723.88
213.50 728.69
214.00 752.95
214.50 816.31
215.00 737.92
215.50 728.46
216.00 721.46
216.50 718.07
217.00 720.38
217.50 833.89
218.00 827.11
218.50 751.71
219.00 727.34
219.50 697.05
220.00 895.49
220.50 702.80
221.00 742.72
221.50 675.97
222.00 696.00
222.50 731.84
223.00 729.19
223.50 759.38
224.00 746.74
224.50 861.06
225.00 786.33
225.50 754.64
226.00 740.25
226.50 706.58
227.00 716.06
227.50 740.83
228.00 780.36
228.50 699.25
229.00 704.54
229.50 702.03
230.00 669.92
230.50 738.18
231.00 728.61
231.50 675.31
232.00 509.78
232.50 381.60
233.00 809.59
233.50 703.91
234.00 323.53
234.50 369.66
235.00 11.21
235.50 520.89
236.00 805.47
236.50 763.97
237.00 706.41
237.50 701.41
238.00 732.42
238.50 733.73
239.00 763.41
239.50 756.09
240.00 714.27
240.50 721.12
241.00 702.82
241.50 729.12
242.00 716.89
242.50 780.34
243.00 793.83
243.50 336.72
244.00 686.53
244.50 525.91
245.00 711.17
245.50 853.26
246.00 698.20
246.50 259.23
247.00 830.31
247.50 731.12
248.00 705.61
248.50 700.00
249.00 696.22
249.50 802.48
250.00 653.74
250.50 722.67
251.00 763.92
251.50 822.59
252.00 797.88
252.50 687.30
253.00 706.75
253.50 861.38
254.00 647.98
254.50 704.59
255.00 900.00
255.50 734.92
256.00 698.39
256.50 737.75
257.00 652.90
257.50 819.84
258.00 674.19
258.50 843.03
259.00 722.51
259.50 785.20
260.00 800.49
260.50 701.84
261.00 686.00
261.50 382.87
262.00 718.77
262.50 851.80
263.00 684.41
263.50 712.03
264.00 327.10
264.50 782.53
265.00 661.11
265.50 362.70
266.00 645.90
266.50 726.04
267.00 100.54
267.50 427.76
268.00 7.98
268.50 717.67
269.00 726.52
269.50 697.87
270.00 735.99
270.50 707.71
271.00 777.07
271.50 737.72
272.00 709.94
272.50 742.03
273.00 725.42
273.50 692.88
274.00 733.77
274.50 739.35
275.00 752.73
275.50 699.75
276.00 714.27
276.50 726.99
277.00 734.37
277.50 700.24
278.00 698.67
278.50 707.12
279.00 844.20
279.50 431.57
280.00 460.78
280.50 75.39
281.00 393.85
281.50 94.14
282.00 2.14
282.50 363.05
283.00 775.08
283.50 736.19
284.00 703.15
284.50 717.45
285.00 758.07
285.50 789.45
286.00 713.64
286.50 705.43
287.00 696.31
287.50 689.66
288.00 699.12
288.50 794.85
289.00 683.41
289.50 727.17
290.00 724.47
290.50 732.87
291.00 726.24
291.50 742.50
292.00 701.89
292.50 713.85
293.00 717.20
293.50 703.79
294.00 789.41
294.50 727.10
295.00 731.59
295.50 754.98
296.00 688.39
296.50 809.94
297.00 751.95
297.50 705.78
298.00 700.18
298.50 717.05
299.00 771.93
299.50 741.00
