0.00 735.30
0.50 749.48
1.00 725.37
1.50 651.99
2.00 661.89
2.50 732.18
3.00 732.74
3.50 708.85
4.00 738.79
4.50 729.76
5.00 720.83
5.50 730.22
6.00 735.53
6.50 760.14
7.00 781.08
7.50 685.50
8.00 712.40
8.50 687.44
9.00 698.11
9.50 761.49
10.00 767.35
10.50 697.91
11.00 731.72
11.50 746.57
12.00 728.27
12.50 740.01
13.00 749.89
13.50 717.78
14.00 736.98
14.50 666.47
15.00 704.42
15.50 754.06
16.00 713.69
16.50 774.85
17.00 694.69
17.50 653.96
18.00 800.75
18.50 716.55
19.00 836.80
19.50 845.22
20.00 683.47
20.50 867.81
21.00 813.44
21.50 830.72
22.00 867.83
22.50 806.67
23.00 709.26
23.50 747.19
24.00 724.82
24.50 734.17
25.00 690.81
25.50 680.10
26.00 720.48
26.50 770.32
27.00 775.37
27.50 748.62
28.00 676.81
28.50 289.05
29.00 687.43
29.50 725.38
30.00 335.13
30.50 716.96
31.00 370.65
31.50 717.87
32.00 718.88
32.50 765.87
33.00 727.96
33.50 748.50
34.00 773.72
34.50 208.83
35.00 14.64
35.50 12.25
36.00 11.01
36.50 7.83
37.00 22.43
37.50 340.16
38.00 713.93
38.50 599.63
39.00 707.13
39.50 695.36
40.00 820.27
40.50 761.50
41.00 848.14
41.50 653.47
42.00 702.15
42.50 731.62
43.00 690.88
43.50 721.40
44.00 718.62
44.50 802.13
45.00 655.37
45.50 709.36
46.00 894.08
46.50 692.49
47.00 201.20
47.50 695.62
48.00 695.00
48.50 710.45
49.00 538.01
49.50 379.58
50.00 858.81
50.50 860.24
51.00 859.61
51.50 873.49
52.00 715.40
52.50 772.99
53.00 56.54
53.50 355.73
54.00 679.62
54.50 664.98
55.00 790.97
55.50 815.73
56.00 717.86
56.50 703.30
57.00 394.29
57.50 592.49
58.00 111.44
58.50 534.63
59.00 482.49
59.50 710.85
60.00 830.53
60.50 703.16
61.00 711.40
61.50 741.91
62.00 718.04
62.50 719.61
63.00 866.11
63.50 731.18
64.00 766.30
64.50 858.43
65.00 863.38
65.50 720.45
66.00 514.84
66.50 734.07
67.00 684.97
67.50 418.71
68.00 701.89
68.50 722.88
69.00 410.78
69.50 799.00
70.00 591.97
70.50 839.07
71.00 844.42
71.50 838.73
72.00 846.53
72.50 824.17
73.00 292.25
73.50 850.75
74.00 840.14
74.50 864.97
75.00 775.94
75.50 694.97
76.00 687.10
76.50 781.70
77.00 762.95
77.50 734.17
78.00 758.26
78.50 642.72
79.00 742.05
79.50 666.09
80.00 779.52
80.50 766.59
81.00 723.12
81.50 725.56
82.00 692.41
82.50 697.02
83.00 734.12
83.50 728.07
84.00 777.35
84.50 735.57
85.00 733.18
85.50 720.66
86.00 747.52
86.50 707.19
87.00 443.80
87.50 728.40
88.00 733.12
88.50 732.92
89.00 688.08
89.50 730.77
90.00 716.88
90.50 755.16
91.00 742.27
91.50 693.54
92.00 718.59
92.50 648.53
93.00 805.35
93.50 853.60
94.00 844.56
94.50 9.20
95.00 683.31
95.50 36.80
96.00 743.73
96.50 761.81
97.00 727.77
97.50 641.80
98.00 718.07
98.50 804.26
99.00 716.60
99.50 774.96
100.00 681.63
100.50 768.46
101.00 693.09
101.50 710.86
102.00 695.18
102.50 833.51
103.00 728.83
103.50 704.54
104.00 692.10
104.50 688.73
105.00 723.12
105.50 864.76
106.00 816.12
106.50 814.42
107.00 607.45
107.50 688.69
108.00 812.96
108.50 692.82
109.00 715.57
109.50 629.09
110.00 671.03
110.50 757.98
111.00 729.98
111.50 747.40
112.00 805.74
112.50 825.87
113.00 707.91
113.50 728.58
114.00 725.61
114.50 702.13
115.00 730.21
115.50 900.00
116.00 696.50
116.50 713.93
117.00 93.30
117.50 5.81
118.00 6.10
118.50 493.37
119.00 273.86
119.50 18.73
120.00 707.66
120.50 686.46
121.00 730.30
121.50 733.80
122.00 734.22
122.50 725.81
123.00 735.48
123.50 761.02
124.00 778.51
124.50 728.70
125.00 721.06
125.50 762.19
126.00 661.21
126.50 704.05
127.00 724.68
127.50 758.55
128.00 755.09
128.50 737.25
129.00 678.31
129.50 716.43
130.00 701.70
130.50 709.09
131.00 715.73
131.50 772.28
132.00 743.62
132.50 714.36
133.00 689.55
133.50 692.32
134.00 748.24
134.50 728.52
135.00 758.31
135.50 726.19
136.00 742.55
136.50 698.53
137.00 745.61
137.50 773.23
138.00 729.23
138.50 707.06
139.00 718.39
139.50 744.26
140.00 760.89
140.50 756.95
141.00 773.48
141.50 694.74
142.00 693.53
142.50 724.79
143.00 725.23
143.50 655.98
144.00 715.80
144.50 736.31
145.00 701.31
145.50 726.83
146.00 803.92
146.50 873.16
147.00 261.54
147.50 252.78
148.00 162.36
148.50 193.00
149.00 0.00
149.50 736.53
150.00 720.48
150.50 696.45
151.00 751.78
151.50 670.74
152.00 719.02
152.50 708.06
153.00 730.49
153.50 718.27
154.00 713.28
154.50 723.02
155.00 661.71
155.50 746.10
156.00 702.14
156.50 718.65
157.00 738.99
157.50 721.87
158.00 763.72
158.50 760.98
159.00 709.80
159.50 720.25
160.00 669.96
160.50 739.98
161.00 772.93
161.50 764.49
162.00 641.88
162.50 735.25
163.00 900.00
163.50 697.65
164.00 710.55
164.50 729.73
165.00 823.18
165.50 877.27
166.00 685.88
166.50 685.23
167.00 796.63
167.50 789.38
168.00 840.44
168.50 830.97
169.00 841.74
169.50 794.55
170.00 713.24
170.50 735.32
171.00 719.07
171.50 410.55
172.00 664.54
172.50 802.04
173.00 774.19
173.50 696.65
174.00 734.34
174.50 668.40
175.00 714.14
175.50 342.52
176.00 271.32
176.50 715.26
177.00 696.57
177.50 707.66
178.00 728.30
178.50 666.49
179.00 778.99
179.50 677.72
180.00 740.44
180.50 708.01
181.00 691.84
181.50 751.46
182.00 713.72
182.50 714.69
183.00 750.72
183.50 744.04
184.00 793.87
184.50 751.78
185.00 722.77
185.50 743.71
186.00 723.58
186.50 629.53
187.00 747.38
187.50 737.23
188.00 717.11
188.50 767.45
189.00 677.81
189.50 708.64
190.00 741.32
190.50 786.88
191.00 756.28
191.50 787.65
192.00 857.79
192.50 810.02
193.00 848.96
193.50 829.48
194.00 476.49
194.50 734.54
195.00 695.07
195.50 727.92
196.00 756.21
196.50 726.41
197.00 712.81
197.50 752.79
198.00 813.93
198.50 842.12
199.00 815.27
199.50 855.18
200.00 845.55
200.50 69.02
201.00 768.56
201.50 686.90
202.00 698.35
202.50 204.90
203.00 532.49
203.50 86.26
204.00 341.99
204.50 658.75
205.00 92.73
205.50 329.65
206.00 733.27
206.50 871.26
207.00 844.02
207.50 877.53
208.00 806.68
208.50 721.96
209.00 696.14
209.50 741.87
210.00 713.17
210.50 792.17
211.00 412.16
211.50 279.78
212.00 6.95
212.50 18.87
213.00 0.00
213.50 0.00
214.00 229.02
214.50 744.57
215.00 760.06
215.50 742.77
216.00 727.90
216.50 677.80
217.00 218.91
217.50 707.29
218.00 474.60
218.50 668.38
219.00 75.69
219.50 715.96
220.00 681.21
220.50 777.41
221.00 737.10
221.50 682.21
222.00 725.70
222.50 678.32
223.00 761.10
223.50 556.66
224.00 496.26
224.50 12.04
225.00 0.00
225.50 17.88
226.00 19.30
226.50 0.00
227.00 24.48
227.50 0.00
228.00 719.57
228.50 692.13
229.00 777.23
229.50 743.88
230.00 712.80
230.50 682.08
231.00 780.35
231.50 720.59
232.00 739.27
232.50 703.45
233.00 723.15
233.50 772.59
234.00 734.32
234.50 700.83
235.00 699.46
235.50 750.04
236.00 773.06
236.50 709.98
237.00 731.16
237.50 689.21
238.00 682.75
238.50 727.46
239.00 737.67
239.50 742.92
240.00 789.78
240.50 847.79
241.00 836.58
241.50 836.93
242.00 856.00
242.50 803.08
243.00 875.80
243.50 832.54
244.00 752.44
244.50 844.69
245.00 743.38
245.50 853.91
246.00 706.21
246.50 668.63
247.00 864.04
247.50 851.01
248.00 856.09
248.50 830.79
249.00 774.20
249.50 768.75
250.00 744.11
250.50 706.12
251.00 701.35
251.50 767.50
252.00 722.92
252.50 469.27
253.00 471.64
253.50 362.77
254.00 900.00
254.50 696.53
255.00 697.55
255.50 527.09
256.00 593.68
256.50 712.14
257.00 700.37
257.50 690.28
258.00 683.59
258.50 719.44
259.00 712.64
259.50 713.26
260.00 700.20
260.50 843.53
261.00 812.90
261.50 689.73
262.00 729.48
262.50 830.14
263.00 710.09
263.50 730.58
264.00 709.38
264.50 702.02
265.00 750.44
265.50 782.94
266.00 769.94
266.50 727.94
267.00 801.65
267.50 724.40
268.00 669.84
268.50 695.90
269.00 694.73
269.50 732.04
270.00 727.41
270.50 740.05
271.00 813.72
271.50 858.57
272.00 713.45
272.50 733.94
273.00 729.75
273.50 900.00
274.00 844.97
274.50 839.70
275.00 734.55
275.50 708.15
276.00 776.03
276.50 881.77
277.00 680.43
277.50 718.36
278.00 684.58
278.50 737.58
279.00 727.20
279.50 818.69
280.00 732.87
280.50 717.00
281.00 707.95
281.50 819.23
282.00 167.16
282.50 699.07
283.00 333.89
283.50 690.56
284.00 676.54
284.50 735.00
285.00 712.81
285.50 811.37
286.00 831.68
286.50 840.44
287.00 868.15
287.50 778.79
288.00 848.07
288.50 736.88
289.00 745.34
289.50 739.58
290.00 726.64
290.50 719.77
291.00 757.86
291.50 699.64
292.00 767.66
292.50 721.94
293.00 715.34
293.50 743.08
294.00 747.65
294.50 717.22
295.00 735.40
295.50 752.96
296.00 555.25
296.50 712.51
297.00 782.32
297.50 746.28
298.00 801.74
298.50 807.27
299.00 765.35
299.50 800.02
