0.00 792.06
0.50 713.77
1.00 732.60
1.50 708.32
2.00 717.01
2.50 758.55
3.00 773.00
3.50 740.30
4.00 669.78
4.50 639.67
5.00 724.16
5.50 731.84
6.00 707.91
6.50 705.57
7.00 695.73
7.50 741.55
8.00 726.61
8.50 749.83
9.00 733.44
9.50 777.54
10.00 741.08
10.50 720.64
11.00 698.98
11.50 727.69
12.00 272.25
12.50 684.06
13.00 667.70
13.50 847.50
14.00 846.30
14.50 805.81
15.00 846.75
15.50 836.93
16.00 774.29
16.50 760.01
17.00 777.93
17.50 757.07
18.00 763.93
18.50 735.11
19.00 731.74
19.50 746.01
20.00 729.98
20.50 717.03
21.00 742.60
21.50 670.88
22.00 728.59
22.50 684.25
23.00 749.72
23.50 752.87
24.00 744.15
24.50 742.76
25.00 741.11
25.50 777.63
26.00 338.54
26.50 238.63
27.00 679.90
27.50 721.44
28.00 744.34
28.50 766.37
29.00 649.50
29.50 216.36
30.00 340.86
30.50 769.30
31.00 680.20
31.50 775.75
32.00 711.00
32.50 704.16
33.00 414.99
33.50 686.66
34.00 715.16
34.50 699.80
35.00 797.12
35.50 798.99
36.00 863.02
36.50 773.12
37.00 716.57
37.50 705.41
38.00 739.68
38.50 681.14
39.00 849.45
39.50 693.98
40.00 702.12
40.50 859.16
41.00 847.91
41.50 810.68
42.00 884.83
42.50 775.49
43.00 716.21
43.50 766.27
44.00 767.60
44.50 7.46
45.00 13.74
45.50 3.74
46.00 13.89
46.50 7.09
47.00 9.28
47.50 169.90
48.00 693.13
48.50 754.67
49.00 692.92
49.50 673.42
50.00 740.55
50.50 809.69
51.00 809.89
51.50 796.23
52.00 886.36
52.50 675.32
53.00 696.46
53.50 675.74
54.00 698.20
54.50 725.74
55.00 723.26
55.50 707.50
56.00 757.13
56.50 713.90
57.00 841.52
57.50 820.64
58.00 705.98
58.50 705.58
59.00 841.10
59.50 718.91
60.00 689.84
60.50 361.39
61.00 778.29
61.50 695.95
62.00 697.18
62.50 585.80
63.00 725.60
63.50 694.15
64.00 732.01
64.50 726.68
65.00 772.01
65.50 747.50
66.00 715.85
66.50 768.95
67.00 721.41
67.50 744.96
68.00 787.37
68.50 742.76
69.00 756.86
69.50 718.24
70.00 735.12
70.50 777.45
71.00 760.26
71.50 731.46
72.00 736.51
72.50 416.84
73.00 710.62
73.50 697.17
74.00 826.89
74.50 514.16
75.00 718.97
75.50 769.68
76.00 728.99
76.50 152.46
77.00 9.96
77.50 7.59
78.00 374.00
78.50 15.63
79.00 16.48
79.50 77.59
80.00 699.54
80.50 736.81
81.00 672.56
81.50 744.43
82.00 706.43
82.50 78.54
83.00 759.96
83.50 706.75
84.00 747.67
84.50 725.35
85.00 801.71
85.50 794.14
86.00 707.98
86.50 711.63
87.00 673.46
87.50 744.69
88.00 696.13
88.50 763.04
89.00 737.77
89.50 773.03
90.00 743.92
90.50 747.10
91.00 728.03
91.50 709.07
92.00 723.42
92.50 759.44
93.00 751.44
93.50 749.10
94.00 801.95
94.50 689.95
95.00 749.63
95.50 862.34
96.00 713.27
96.50 670.67
97.00 693.86
97.50 589.59
98.00 827.00
98.50 738.88
99.00 707.27
99.50 835.30
100.00 714.93
100.50 732.05
101.00 717.68
101.50 811.77
102.00 724.61
102.50 748.35
103.00 723.20
103.50 688.64
104.00 745.99
104.50 683.42
105.00 717.33
105.50 768.91
106.00 803.88
106.50 685.21
107.00 766.33
107.50 685.15
108.00 765.44
108.50 707.41
109.00 739.27
109.50 669.00
110.00 436.49
110.50 9.58
111.00 4.76
111.50 1.11
112.00 156.50
112.50 728.74
113.00 687.75
113.50 799.46
114.00 713.60
114.50 764.77
115.00 681.99
115.50 813.66
116.00 701.15
116.50 743.11
117.00 765.20
117.50 717.98
118.00 816.21
118.50 771.42
119.00 708.24
119.50 709.69
120.00 714.92
120.50 698.21
121.00 900.00
121.50 698.42
122.00 18.52
122.50 372.32
123.00 766.70
123.50 739.70
124.00 685.02
124.50 745.88
125.00 809.16
125.50 722.72
126.00 712.82
126.50 746.48
127.00 662.37
127.50 758.68
128.00 519.14
128.50 698.14
129.00 853.93
129.50 753.16
130.00 775.40
130.50 701.88
131.00 745.81
131.50 770.59
132.00 796.26
132.50 729.27
133.00 695.50
133.50 711.92
134.00 796.21
134.50 782.96
135.00 664.49
135.50 742.69
136.00 757.56
136.50 753.67
137.00 738.37
137.50 747.22
138.00 823.70
138.50 855.02
139.00 826.23
139.50 803.95
140.00 847.02
140.50 849.94
141.00 853.09
141.50 795.97
142.00 883.29
142.50 828.18
143.00 765.21
143.50 637.10
144.00 733.08
144.50 716.80
145.00 493.18
145.50 499.76
146.00 167.30
146.50 493.43
147.00 1.45
147.50 11.75
148.00 22.98
148.50 9.87
149.00 757.59
149.50 753.93
150.00 823.01
150.50 697.89
151.00 730.12
151.50 782.08
152.00 790.65
152.50 531.34
153.00 0.00
153.50 203.78
154.00 644.52
154.50 752.05
155.00 676.59
155.50 641.74
156.00 333.13
156.50 631.55
157.00 776.04
157.50 786.82
158.00 760.07
158.50 369.95
159.00 637.79
159.50 709.41
160.00 861.44
160.50 812.82
161.00 747.75
161.50 852.04
162.00 861.14
162.50 819.19
163.00 701.74
163.50 748.00
164.00 880.06
164.50 821.58
165.00 829.49
165.50 836.45
166.00 245.71
166.50 242.69
167.00 255.99
167.50 271.17
168.00 754.12
168.50 253.43
169.00 184.43
169.50 717.51
170.00 773.51
170.50 536.32
171.00 1.60
171.50 4.63
172.00 15.75
172.50 350.81
173.00 17.07
173.50 0.00
174.00 708.54
174.50 662.82
175.00 719.26
175.50 857.05
176.00 787.10
176.50 747.78
177.00 674.45
177.50 724.21
178.00 726.41
178.50 709.89
179.00 688.70
179.50 713.90
180.00 700.69
180.50 695.98
181.00 717.85
181.50 755.04
182.00 900.00
182.50 683.01
183.00 717.04
183.50 806.76
184.00 789.74
184.50 739.27
185.00 846.26
185.50 737.28
186.00 814.48
186.50 832.09
187.00 689.67
187.50 730.22
188.00 689.44
188.50 670.30
189.00 716.52
189.50 840.52
190.00 0.00
190.50 3.78
191.00 0.00
191.50 0.00
192.00 401.07
192.50 135.84
193.00 748.42
193.50 738.25
194.00 169.42
194.50 725.00
195.00 692.21
195.50 671.28
196.00 443.59
196.50 741.26
197.00 773.42
197.50 719.71
198.00 214.95
198.50 775.66
199.00 780.45
199.50 741.74
200.00 714.28
200.50 803.21
201.00 736.45
201.50 748.53
202.00 776.15
202.50 708.25
203.00 720.15
203.50 724.66
204.00 711.02
204.50 819.78
205.00 709.40
205.50 730.41
206.00 784.43
206.50 787.94
207.00 710.41
207.50 751.33
208.00 715.72
208.50 731.69
209.00 762.41
209.50 714.51
210.00 764.23
210.50 779.89
211.00 693.06
211.50 724.78
212.00 743.17
212.50 794.32
213.00 739.83
213.50 786.42
214.00 730.31
214.50 703.31
215.00 795.14
215.50 693.58
216.00 802.74
216.50 704.95
217.00 856.87
217.50 712.46
218.00 706.85
218.50 697.23
219.00 794.79
219.50 788.46
220.00 711.18
220.50 670.99
221.00 821.91
221.50 694.74
222.00 728.56
222.50 705.39
223.00 757.13
223.50 717.82
224.00 736.54
224.50 733.88
225.00 771.25
225.50 759.04
226.00 736.77
226.50 761.39
227.00 724.95
227.50 768.10
228.00 742.78
228.50 697.93
229.00 781.14
229.50 712.47
230.00 691.55
230.50 757.98
231.00 754.75
231.50 665.87
232.00 742.13
232.50 742.18
233.00 798.75
233.50 695.22
234.00 672.22
234.50 722.16
235.00 708.96
235.50 679.33
236.00 733.02
236.50 721.11
237.00 741.76
237.50 733.03
238.00 747.32
238.50 724.00
239.00 762.16
239.50 750.26
240.00 789.83
240.50 736.34
241.00 752.17
241.50 703.08
242.00 723.36
242.50 741.84
243.00 716.25
243.50 754.61
244.00 701.90
244.50 731.80
245.00 664.43
245.50 823.51
246.00 730.03
246.50 692.17
247.00 764.02
247.50 755.11
248.00 717.80
248.50 734.41
249.00 761.86
249.50 739.43
250.00 792.31
250.50 721.38
251.00 703.36
251.50 691.42
252.00 670.24
252.50 678.51
253.00 712.24
253.50 703.70
254.00 721.16
254.50 749.49
255.00 734.98
255.50 749.15
256.00 707.02
256.50 712.56
257.00 795.33
257.50 728.35
258.00 759.64
258.50 740.39
259.00 701.35
259.50 711.60
260.00 722.16
260.50 746.96
261.00 671.26
261.50 685.82
262.00 717.35
262.50 679.98
263.00 733.58
263.50 822.49
264.00 819.91
264.50 748.65
265.00 835.92
265.50 698.44
266.00 718.33
266.50 855.52
267.00 764.12
267.50 810.08
268.00 772.00
268.50 735.68
269.00 736.56
269.50 745.68
270.00 727.81
270.50 774.27
271.00 718.53
271.50 742.45
272.00 683.22
272.50 704.36
273.00 705.69
273.50 740.41
274.00 700.01
274.50 686.65
275.00 788.71
275.50 715.39
276.00 731.52
276.50 752.92
277.00 694.46
277.50 742.97
278.00 685.16
278.50 226.91
279.00 830.29
279.50 700.59
280.00 745.85
280.50 690.86
281.00 724.04
281.50 677.70
282.00 757.13
282.50 707.55
283.00 710.67
283.50 696.52
284.00 728.29
284.50 793.73
285.00 686.60
285.50 732.87
286.00 799.78
286.50 739.56
287.00 715.65
287.50 715.47
288.00 706.60
288.50 870.59
289.00 671.54
289.50 731.25
290.00 802.13
290.50 772.22
291.00 696.71
291.50 712.61
292.00 749.53
292.50 724.49
293.00 391.01
293.50 705.69
294.00 711.06
294.50 672.62
295.00 669.29
295.50 731.82
296.00 703.32
296.50 331.87
297.00 358.05
297.50 223.04
298.00 705.60
298.50 749.93
299.00 718.58
299.50 717.43
