0.00 718.21
0.50 712.55
1.00 716.04
1.50 779.93
2.00 710.37
2.50 808.89
3.00 885.33
3.50 861.61
4.00 865.23
4.50 845.23
5.00 836.53
5.50 842.22
6.00 687.91
6.50 726.76
7.00 742.86
7.50 750.97
8.00 688.74
8.50 696.35
9.00 697.88
9.50 693.77
10.00 732.01
10.50 811.10
11.00 734.25
11.50 687.60
12.00 713.25
12.50 743.02
13.00 726.67
13.50 746.83
14.00 736.51
14.50 722.18
15.00 778.88
15.50 774.70
16.00 761.22
16.50 762.16
17.00 748.89
17.50 755.41
18.00 679.97
18.50 718.57
19.00 758.59
19.50 745.07
20.00 771.43
20.50 750.57
21.00 726.28
21.50 711.35
22.00 812.18
22.50 763.07
23.00 679.53
23.50 698.75
24.00 787.92
24.50 732.19
25.00 505.94
25.50 283.72
26.00 659.68
26.50 322.83
27.00 523.80
27.50 10.63
28.00 391.65
28.50 742.44
29.00 789.23
29.50 94.62
30.00 251.39
30.50 729.36
31.00 729.17
31.50 732.55
32.00 719.81
32.50 728.67
33.00 799.03
33.50 773.66
34.00 702.59
34.50 723.26
35.00 748.96
35.50 673.80
36.00 713.97
36.50 720.98
37.00 667.70
37.50 731.03
38.00 728.45
38.50 822.12
39.00 841.47
39.50 859.44
40.00 849.39
40.50 836.79
41.00 792.34
41.50 741.28
42.00 751.74
42.50 753.22
43.00 674.87
43.50 736.60
44.00 700.05
44.50 750.67
45.00 703.67
45.50 741.69
46.00 725.29
46.50 725.85
47.00 729.78
47.50 853.24
48.00 667.49
48.50 806.70
49.00 784.74
49.50 563.19
50.00 318.52
50.50 13.76
51.00 759.15
51.50 693.91
52.00 787.83
52.50 686.84
53.00 715.80
53.50 701.10
54.00 734.81
54.50 740.72
55.00 687.83
55.50 635.45
56.00 819.85
56.50 840.90
57.00 712.85
57.50 745.48
58.00 703.27
58.50 740.09
59.00 683.46
59.50 795.25
60.00 743.67
60.50 687.19
61.00 570.89
61.50 717.19
62.00 789.43
62.50 704.97
63.00 697.62
63.50 696.02
64.00 850.29
64.50 711.47
65.00 720.73
65.50 760.55
66.00 694.83
66.50 609.27
67.00 785.45
67.50 738.30
68.00 661.41
68.50 768.09
69.00 695.17
69.50 714.08
70.00 742.46
70.50 705.94
71.00 750.34
71.50 772.27
72.00 716.23
72.50 734.22
73.00 783.85
73.50 717.93
74.00 715.00
74.50 732.87
75.00 722.21
75.50 105.09
76.00 688.18
76.50 768.90
77.00 802.73
77.50 769.05
78.00 734.76
78.50 726.54
79.00 720.71
79.50 852.90
80.00 765.94
80.50 766.22
81.00 732.68
81.50 716.62
82.00 680.68
82.50 688.93
83.00 758.81
83.50 819.40
84.00 703.31
84.50 787.47
85.00 729.65
85.50 720.55
86.00 691.69
86.50 727.60
87.00 676.85
87.50 747.62
88.00 732.15
88.50 714.35
89.00 730.66
89.50 738.17
90.00 691.98
90.50 758.03
91.00 727.45
91.50 712.49
92.00 725.43
92.50 780.23
93.00 774.93
93.50 694.37
94.00 765.40
94.50 789.89
95.00 835.40
95.50 730.42
96.00 715.68
96.50 736.05
97.00 703.11
97.50 889.86
98.00 705.10
98.50 801.16
99.00 900.00
99.50 730.59
100.00 832.24
100.50 702.42
101.00 714.45
101.50 706.18
102.00 799.39
102.50 854.13
103.00 727.01
103.50 714.76
104.00 706.79
104.50 746.32
105.00 786.69
105.50 735.50
106.00 770.41
106.50 699.38
107.00 697.33
107.50 751.37
108.00 668.86
108.50 136.87
109.00 257.38
109.50 744.50
110.00 509.63
110.50 5.49
111.00 436.05
111.50 26.77
112.00 0.00
112.50 1.09
113.00 0.00
113.50 299.89
114.00 795.31
114.50 848.59
115.00 724.91
115.50 685.65
116.00 717.03
116.50 495.96
117.00 473.07
117.50 698.25
118.00 711.80
118.50 0.00
119.00 23.40
119.50 740.50
120.00 12.44
120.50 10.35
121.00 0.00
121.50 566.72
122.00 309.81
122.50 582.47
123.00 91.54
123.50 589.96
124.00 682.55
124.50 409.17
125.00 850.33
125.50 821.71
126.00 810.94
126.50 805.19
127.00 709.45
127.50 696.29
128.00 777.90
128.50 831.80
129.00 725.78
129.50 712.48
130.00 716.34
130.50 671.49
131.00 689.31
131.50 821.22
132.00 712.34
132.50 669.50
133.00 734.20
133.50 769.72
134.00 768.47
134.50 754.60
135.00 697.61
135.50 698.66
136.00 748.37
136.50 769.13
137.00 699.79
137.50 773.32
138.00 751.79
138.50 695.08
139.00 744.57
139.50 711.12
140.00 707.67
140.50 714.53
141.00 746.36
141.50 719.08
142.00 718.16
142.50 760.17
143.00 730.10
143.50 743.61
144.00 742.69
144.50 725.11
145.00 689.10
145.50 739.34
146.00 758.77
146.50 15.73
147.00 143.84
147.50 744.46
148.00 325.95
148.50 727.60
149.00 707.56
149.50 783.98
150.00 724.56
150.50 669.76
151.00 739.45
151.50 535.67
152.00 495.92
152.50 6.56
153.00 14.96
153.50 21.76
154.00 8.82
154.50 10.51
155.00 16.38
155.50 0.00
156.00 143.43
156.50 324.81
157.00 689.29
157.50 700.64
158.00 635.10
158.50 424.85
159.00 640.33
159.50 207.35
160.00 723.89
160.50 691.58
161.00 184.92
161.50 530.09
162.00 732.11
162.50 738.58
163.00 731.27
163.50 735.29
164.00 49.24
164.50 419.22
165.00 801.55
165.50 758.77
166.00 730.35
166.50 780.59
167.00 723.95
167.50 709.19
168.00 815.09
168.50 856.61
169.00 739.50
169.50 664.37
170.00 710.98
170.50 844.89
171.00 864.91
171.50 818.65
172.00 798.38
172.50 730.06
173.00 728.70
173.50 733.46
174.00 725.33
174.50 717.22
175.00 798.67
175.50 688.29
176.00 739.64
176.50 687.73
177.00 766.17
177.50 758.33
178.00 709.88
178.50 708.89
179.00 700.79
179.50 671.96
180.00 715.36
180.50 728.80
181.00 716.20
181.50 738.11
182.00 688.04
182.50 716.79
183.00 713.13
183.50 703.78
184.00 677.18
184.50 663.00
185.00 691.02
185.50 716.14
186.00 733.44
186.50 616.61
187.00 685.79
187.50 698.90
188.00 719.78
188.50 715.41
189.00 814.31
189.50 723.28
190.00 736.25
190.50 740.77
191.00 208.69
191.50 508.26
192.00 689.84
192.50 733.99
193.00 699.40
193.50 753.88
194.00 660.34
194.50 707.95
195.00 759.17
195.50 731.52
196.00 717.83
196.50 758.49
197.00 728.33
197.50 709.35
198.00 745.86
198.50 713.54
199.00 747.53
199.50 748.74
200.00 710.07
200.50 755.98
201.00 765.60
201.50 719.91
202.00 770.00
202.50 689.60
203.00 731.72
203.50 740.33
204.00 687.73
204.50 611.40
205.00 480.12
205.50 721.15
206.00 685.27
206.50 781.60
207.00 785.45
207.50 753.34
208.00 697.38
208.50 713.45
209.00 728.62
209.50 732.40
210.00 746.06
210.50 741.37
211.00 719.03
211.50 771.02
212.00 790.14
212.50 717.74
213.00 741.36
213.50 767.34
214.00 676.49
214.50 0.00
215.00 313.46
215.50 467.73
216.00 155.90
216.50 837.14
217.00 879.02
217.50 764.30
218.00 692.68
218.50 706.05
219.00 666.47
219.50 740.40
220.00 831.45
220.50 691.42
221.00 709.48
221.50 694.21
222.00 849.75
222.50 725.41
223.00 767.04
223.50 812.96
224.00 778.79
224.50 681.22
225.00 726.33
225.50 694.93
226.00 748.50
226.50 390.37
227.00 699.37
227.50 689.21
228.00 702.48
228.50 512.77
229.00 729.99
229.50 700.22
230.00 793.10
230.50 752.38
231.00 854.77
231.50 686.10
232.00 717.15
232.50 532.22
233.00 724.33
233.50 725.21
234.00 738.57
234.50 714.68
235.00 748.35
235.50 834.36
236.00 846.91
236.50 706.71
237.00 820.81
237.50 708.23
238.00 765.31
238.50 695.95
239.00 742.44
239.50 809.68
240.00 4.76
240.50 407.73
241.00 530.89
241.50 395.81
242.00 718.70
242.50 671.27
243.00 721.71
243.50 655.20
244.00 846.51
244.50 814.86
245.00 832.43
245.50 838.51
246.00 814.88
246.50 820.80
247.00 840.30
247.50 859.52
248.00 896.00
248.50 839.25
249.00 831.57
249.50 839.67
250.00 821.17
250.50 865.76
251.00 719.45
251.50 776.71
252.00 493.22
252.50 250.04
253.00 764.83
253.50 742.43
254.00 711.29
254.50 813.45
255.00 437.37
255.50 363.80
256.00 794.41
256.50 744.62
257.00 697.85
257.50 753.56
258.00 764.22
258.50 823.94
259.00 733.15
259.50 785.44
260.00 702.05
260.50 786.97
261.00 747.46
261.50 755.44
262.00 809.66
262.50 764.01
263.00 720.12
263.50 764.13
264.00 716.23
264.50 788.79
265.00 707.43
265.50 739.88
266.00 696.89
266.50 719.40
267.00 717.20
267.50 749.62
268.00 717.56
268.50 706.81
269.00 756.91
269.50 721.06
270.00 746.15
270.50 719.77
271.00 779.92
271.50 432.52
272.00 464.84
272.50 710.79
273.00 718.66
273.50 826.02
274.00 689.31
274.50 668.82
275.00 730.08
275.50 656.52
276.00 216.02
276.50 572.69
277.00 731.36
277.50 723.26
278.00 695.44
278.50 709.14
279.00 690.12
279.50 745.55
280.00 704.18
280.50 716.61
281.00 746.23
281.50 765.94
282.00 756.48
282.50 566.74
283.00 5.97
283.50 220.45
284.00 749.49
284.50 828.26
285.00 861.23
285.50 709.47
286.00 731.59
286.50 723.61
287.00 847.46
287.50 836.12
288.00 824.38
288.50 534.06
289.00 558.92
289.50 751.18
290.00 826.15
290.50 819.48
291.00 812.26
291.50 735.35
292.00 756.51
292.50 742.48
293.00 833.16
293.50 739.35
294.00 701.21
294.50 698.78
295.00 767.52
295.50 825.96
296.00 846.25
296.50 788.21
297.00 704.50
297.50 752.37
298.00 774.52
298.50 710.32
299.00 663.94
299.50 732.61
