0.00 685.00
0.50 756.43
1.00 699.35
1.50 853.41
2.00 787.84
2.50 747.12
3.00 708.59
3.50 636.89
4.00 417.02
4.50 570.07
5.00 708.17
5.50 782.55
6.00 725.46
6.50 712.00
7.00 410.85
7.50 753.43
8.00 760.82
8.50 745.23
9.00 693.44
9.50 819.94
10.00 730.95
10.50 737.45
11.00 727.73
11.50 698.73
12.00 685.21
12.50 718.96
13.00 851.14
13.50 730.60
14.00 678.38
14.50 706.07
15.00 716.86
15.50 411.88
16.00 530.96
16.50 863.60
17.00 688.74
17.50 666.22
18.00 881.07
18.50 707.74
19.00 704.95
19.50 829.25
20.00 807.39
20.50 807.76
21.00 827.40
21.50 820.84
22.00 846.29
22.50 836.47
23.00 814.00
23.50 842.39
24.00 530.05
24.50 688.41
25.00 680.01
25.50 403.20
26.00 690.85
26.50 4.49
27.00 7.77
27.50 0.00
28.00 16.28
28.50 6.15
29.00 518.05
29.50 455.54
30.00 302.90
30.50 711.99
31.00 679.33
31.50 777.97
32.00 767.93
32.50 745.89
33.00 748.96
33.50 715.53
34.00 744.58
34.50 725.77
35.00 799.49
35.50 721.79
36.00 743.40
36.50 744.74
37.00 739.04
37.50 803.68
38.00 725.78
38.50 738.24
39.00 679.28
39.50 754.09
40.00 769.66
40.50 764.07
41.00 778.48
41.50 747.85
42.00 714.59
42.50 742.94
43.00 742.63
43.50 716.56
44.00 715.60
44.50 694.58
45.00 686.57
45.50 722.24
46.00 788.39
46.50 750.86
47.00 699.43
47.50 685.75
48.00 760.56
48.50 779.58
49.00 47.72
49.50 314.34
50.00 694.81
50.50 734.39
51.00 854.57
51.50 838.49
52.00 827.46
52.50 789.51
53.00 670.88
53.50 746.95
54.00 734.53
54.50 767.05
55.00 459.91
55.50 161.64
56.00 378.83
56.50 234.08
57.00 746.63
57.50 746.65
58.00 781.93
58.50 720.07
59.00 763.74
59.50 720.08
60.00 727.18
60.50 682.26
61.00 865.73
61.50 752.67
62.00 853.29
62.50 766.78
63.00 741.44
63.50 895.58
64.00 779.93
64.50 718.58
65.00 719.62
65.50 713.10
66.00 696.84
66.50 678.31
67.00 702.42
67.50 2.85
68.00 594.28
68.50 561.15
69.00 74.40
69.50 752.54
70.00 806.07
70.50 710.69
71.00 747.04
71.50 812.14
72.00 711.31
72.50 695.96
73.00 742.23
73.50 727.50
74.00 735.78
74.50 727.30
75.00 768.76
75.50 735.50
76.00 727.64
76.50 756.75
77.00 777.06
77.50 734.84
78.00 740.46
78.50 766.88
79.00 102.23
79.50 788.53
80.00 564.56
80.50 424.34
81.00 712.77
81.50 696.06
82.00 362.24
82.50 707.46
83.00 739.96
83.50 775.96
84.00 797.40
84.50 670.31
85.00 758.77
85.50 0.00
86.00 712.83
86.50 745.91
87.00 699.29
87.50 0.00
88.00 146.04
88.50 742.79
89.00 717.95
89.50 724.52
90.00 712.89
90.50 820.60
91.00 847.91
91.50 15.09
92.00 761.90
92.50 768.43
93.00 754.38
93.50 714.82
94.00 732.55
94.50 748.38
95.00 766.01
95.50 741.15
96.00 761.72
96.50 766.33
97.00 692.95
97.50 775.09
98.00 748.92
98.50 781.94
99.00 737.66
99.50 681.35
100.00 766.16
100.50 766.61
101.00 726.41
101.50 741.69
102.00 653.69
102.50 745.85
103.00 715.67
103.50 722.64
104.00 760.62
104.50 751.91
105.00 705.97
105.50 748.63
106.00 746.32
106.50 702.70
107.00 698.73
107.50 724.95
108.00 426.36
108.50 685.13
109.00 781.61
109.50 754.36
110.00 723.45
110.50 736.04
111.00 712.62
111.50 816.72
112.00 796.79
112.50 775.98
113.00 692.75
113.50 756.35
114.00 735.85
114.50 782.01
115.00 753.71
115.50 710.67
116.00 669.21
116.50 749.47
117.00 789.39
117.50 699.34
118.00 791.43
118.50 726.29
119.00 724.40
119.50 781.79
120.00 719.02
120.50 704.68
121.00 736.09
121.50 732.24
122.00 731.07
122.50 740.73
123.00 747.51
123.50 714.34
124.00 12.85
124.50 12.03
125.00 0.00
125.50 728.83
126.00 742.04
126.50 732.99
127.00 752.75
127.50 759.38
128.00 682.47
128.50 716.10
129.00 743.23
129.50 782.27
130.00 772.43
130.50 710.46
131.00 721.84
131.50 737.27
132.00 807.64
132.50 739.88
133.00 623.29
133.50 749.98
134.00 759.59
134.50 816.27
135.00 767.83
135.50 752.15
136.00 753.74
136.50 739.99
137.00 725.44
137.50 771.59
138.00 698.88
138.50 743.05
139.00 703.02
139.50 775.52
140.00 715.74
140.50 23.26
141.00 0.92
141.50 0.00
142.00 13.48
142.50 0.00
143.00 5.75
143.50 278.36
144.00 781.99
144.50 758.63
145.00 773.81
145.50 724.66
146.00 747.86
146.50 719.87
147.00 714.81
147.50 665.00
148.00 889.52
148.50 686.21
149.00 746.73
149.50 673.26
150.00 741.56
150.50 773.95
151.00 690.20
151.50 709.18
152.00 698.40
152.50 739.90
153.00 718.53
153.50 723.62
154.00 802.97
154.50 752.54
155.00 695.94
155.50 694.93
156.00 696.94
156.50 243.51
157.00 772.65
157.50 748.36
158.00 698.81
158.50 721.29
159.00 0.00
159.50 685.77
160.00 167.18
160.50 297.75
161.00 386.89
161.50 61.28
162.00 693.72
162.50 752.49
163.00 359.75
163.50 311.84
164.00 235.62
164.50 5.34
165.00 0.54
165.50 764.31
166.00 751.64
166.50 701.56
167.00 661.32
167.50 739.73
168.00 729.79
168.50 749.24
169.00 810.31
169.50 822.49
170.00 689.29
170.50 726.74
171.00 734.12
171.50 259.46
172.00 793.03
172.50 757.02
173.00 837.05
173.50 229.78
174.00 144.97
174.50 623.95
175.00 764.48
175.50 705.44
176.00 720.80
176.50 737.72
177.00 720.97
177.50 717.62
178.00 737.64
178.50 712.32
179.00 761.38
179.50 708.33
180.00 722.02
180.50 766.59
181.00 749.41
181.50 725.26
182.00 750.06
182.50 791.05
183.00 747.15
183.50 743.59
184.00 739.35
184.50 802.68
185.00 833.86
185.50 765.96
186.00 824.31
186.50 695.61
187.00 770.17
187.50 715.23
188.00 670.18
188.50 703.94
189.00 760.32
189.50 746.69
190.00 703.83
190.50 869.13
191.00 709.42
191.50 522.85
192.00 343.63
192.50 741.60
193.00 735.38
193.50 843.70
194.00 721.71
194.50 706.09
195.00 686.47
195.50 722.60
196.00 753.24
196.50 682.41
197.00 740.75
197.50 762.80
198.00 801.18
198.50 655.95
199.00 802.37
199.50 826.11
200.00 744.00
200.50 841.92
201.00 738.30
201.50 735.13
202.00 794.86
202.50 681.73
203.00 702.71
203.50 779.24
204.00 870.77
204.50 736.44
205.00 711.42
205.50 737.35
206.00 727.44
206.50 729.23
207.00 754.39
207.50 759.15
208.00 704.82
208.50 857.63
209.00 753.71
209.50 727.80
210.00 680.24
210.50 691.48
211.00 696.15
211.50 749.35
212.00 740.02
212.50 779.67
213.00 722.63
213.50 721.42
214.00 705.89
214.50 742.02
215.00 724.80
215.50 184.92
216.00 716.10
216.50 731.10
217.00 736.50
217.50 762.24
218.00 733.94
218.50 705.50
219.00 708.87
219.50 838.85
220.00 702.27
220.50 724.27
221.00 722.93
221.50 723.39
222.00 760.13
222.50 768.43
223.00 744.67
223.50 667.92
224.00 537.85
224.50 802.02
225.00 727.64
225.50 750.51
226.00 731.36
226.50 760.61
227.00 751.31
227.50 738.86
228.00 763.01
228.50 717.93
229.00 799.56
229.50 778.43
230.00 756.14
230.50 719.05
231.00 689.67
231.50 837.81
232.00 383.55
232.50 179.30
233.00 384.93
233.50 742.08
234.00 829.02
234.50 21.15
235.00 1.34
235.50 482.75
236.00 363.08
236.50 4.79
237.00 11.44
237.50 312.55
238.00 353.88
238.50 680.16
239.00 787.35
239.50 736.66
240.00 730.69
240.50 719.37
241.00 714.80
241.50 721.29
242.00 708.82
242.50 750.15
243.00 743.92
243.50 754.24
244.00 717.56
244.50 672.65
245.00 736.72
245.50 742.57
246.00 741.82
246.50 765.92
247.00 275.67
247.50 311.48
248.00 760.17
248.50 342.52
249.00 653.45
249.50 725.31
250.00 415.86
250.50 716.48
251.00 658.01
251.50 835.49
252.00 803.90
252.50 673.10
253.00 712.37
253.50 699.87
254.00 823.69
254.50 456.92
255.00 730.73
255.50 713.24
256.00 820.69
256.50 850.36
257.00 666.93
257.50 664.44
258.00 803.22
258.50 809.98
259.00 702.18
259.50 694.54
260.00 824.89
260.50 484.95
261.00 683.06
261.50 694.43
262.00 844.52
262.50 771.70
263.00 675.68
263.50 728.44
264.00 692.54
264.50 713.54
265.00 704.96
265.50 792.17
266.00 713.45
266.50 689.70
267.00 150.88
267.50 667.50
268.00 807.94
268.50 818.79
269.00 722.70
269.50 671.06
270.00 744.27
270.50 762.15
271.00 735.04
271.50 794.00
272.00 169.59
272.50 177.11
273.00 719.37
273.50 605.29
274.00 729.45
274.50 711.49
275.00 440.21
275.50 8.80
276.00 1.02
276.50 415.06
277.00 313.32
277.50 533.64
278.00 774.51
278.50 704.81
279.00 707.21
279.50 769.30
280.00 678.54
280.50 728.40
281.00 789.55
281.50 877.78
282.00 850.42
282.50 858.41
283.00 61.50
283.50 583.56
284.00 374.06
284.50 726.04
285.00 722.63
285.50 670.25
286.00 862.22
286.50 854.25
287.00 833.67
287.50 822.16
288.00 862.72
288.50 713.23
289.00 0.00
289.50 21.80
290.00 683.26
290.50 19.25
291.00 1.17
291.50 465.86
292.00 726.78
292.50 735.08
293.00 570.43
293.50 700.73
294.00 740.03
294.50 730.35
295.00 742.90
295.50 707.59
296.00 0.00
296.50 300.84
297.00 704.61
297.50 741.47
298.00 196.27
298.50 623.14
299.00 549.84
299.50 715.13
