0.00 731.80
0.50 769.59
1.00 776.10
1.50 700.21
2.00 736.72
2.50 714.97
3.00 738.37
3.50 819.94
4.00 847.56
4.50 709.13
5.00 766.68
5.50 753.36
6.00 708.96
6.50 754.24
7.00 761.26
7.50 742.25
8.00 777.54
8.50 738.33
9.00 738.79
9.50 866.49
10.00 822.62
10.50 850.49
11.00 659.06
11.50 717.30
12.00 725.34
12.50 717.33
13.00 700.48
13.50 686.19
14.00 671.53
14.50 799.44
15.00 893.00
15.50 766.16
16.00 681.79
16.50 712.38
17.00 838.47
17.50 733.52
18.00 724.57
18.50 867.73
19.00 674.36
19.50 691.62
20.00 690.31
20.50 759.26
21.00 751.37
21.50 702.98
22.00 719.49
22.50 723.08
23.00 688.70
23.50 698.27
24.00 742.06
24.50 739.32
25.00 765.95
25.50 729.72
26.00 713.16
26.50 727.55
27.00 713.76
27.50 784.65
28.00 712.22
28.50 120.79
29.00 207.74
29.50 736.11
30.00 790.68
30.50 748.33
31.00 788.32
31.50 661.50
32.00 737.42
32.50 701.44
33.00 737.38
33.50 719.70
34.00 707.02
34.50 749.05
35.00 714.54
35.50 698.63
36.00 676.48
36.50 831.60
37.00 693.49
37.50 747.79
38.00 741.06
38.50 659.09
39.00 699.80
39.50 740.35
40.00 738.37
40.50 727.23
41.00 740.62
41.50 721.31
42.00 712.37
42.50 739.91
43.00 456.82
43.50 817.02
44.00 731.59
44.50 769.79
45.00 693.42
45.50 812.88
46.00 738.85
46.50 743.67
47.00 704.35
47.50 661.32
48.00 748.82
48.50 833.17
49.00 767.86
49.50 672.95
50.00 752.78
50.50 739.43
51.00 758.14
51.50 736.73
52.00 719.23
52.50 719.94
53.00 704.58
53.50 763.63
54.00 756.88
54.50 701.68
55.00 863.52
55.50 704.32
56.00 819.07
56.50 742.10
57.00 731.67
57.50 700.31
58.00 717.41
58.50 392.14
59.00 776.79
59.50 301.87
60.00 842.78
60.50 715.35
61.00 755.48
61.50 772.76
62.00 688.80
62.50 743.17
63.00 695.75
63.50 759.90
64.00 718.36
64.50 700.69
65.00 686.80
65.50 736.72
66.00 740.56
66.50 723.81
67.00 673.98
67.50 712.94
68.00 709.34
68.50 689.32
69.00 720.43
69.50 741.51
70.00 725.61
70.50 729.47
71.00 740.45
71.50 733.09
72.00 779.05
72.50 380.08
73.00 219.05
73.50 752.25
74.00 670.60
74.50 427.77
75.00 635.94
75.50 520.72
76.00 372.24
76.50 7.88
77.00 0.00
77.50 210.16
78.00 757.48
78.50 729.15
79.00 657.32
79.50 707.64
80.00 703.80
80.50 228.93
81.00 544.03
81.50 0.47
82.00 754.44
82.50 729.54
83.00 743.66
83.50 699.79
84.00 752.24
84.50 745.89
85.00 794.14
85.50 783.27
86.00 696.51
86.50 745.32
87.00 767.31
87.50 827.47
88.00 701.76
88.50 776.19
89.00 706.53
89.50 887.52
90.00 845.69
90.50 699.76
91.00 694.78
91.50 718.46
92.00 692.46
92.50 814.75
93.00 679.80
93.50 691.21
94.00 764.51
94.50 733.59
95.00 692.60
95.50 758.97
96.00 869.36
96.50 809.69
97.00 872.09
97.50 859.24
98.00 840.27
98.50 724.54
99.00 779.31
99.50 789.62
100.00 756.07
100.50 703.91
101.00 686.61
101.50 695.90
102.00 735.37
102.50 708.67
103.00 739.39
103.50 723.67
104.00 694.17
104.50 811.94
105.00 694.48
105.50 702.60
106.00 684.98
106.50 712.63
107.00 675.66
107.50 53.81
108.00 835.98
108.50 848.30
109.00 810.26
109.50 842.18
110.00 807.83
110.50 203.24
111.00 758.32
111.50 767.41
112.00 528.39
112.50 878.36
113.00 890.29
113.50 778.44
114.00 796.27
114.50 709.52
115.00 855.91
115.50 773.31
116.00 846.67
116.50 747.66
117.00 720.03
117.50 660.44
118.00 752.34
118.50 787.35
119.00 722.30
119.50 690.03
120.00 801.03
120.50 815.26
121.00 695.71
121.50 632.74
122.00 805.57
122.50 662.71
123.00 720.59
123.50 662.71
124.00 798.90
124.50 694.41
125.00 8.66
125.50 193.95
126.00 339.43
126.50 299.64
127.00 577.51
127.50 629.51
128.00 405.14
128.50 399.42
129.00 735.44
129.50 800.60
130.00 715.70
130.50 690.29
131.00 703.06
131.50 689.94
132.00 809.55
132.50 708.99
133.00 674.14
133.50 743.51
134.00 741.58
134.50 716.25
135.00 768.13
135.50 717.25
136.00 675.38
136.50 717.45
137.00 765.54
137.50 762.86
138.00 697.38
138.50 742.48
139.00 731.61
139.50 743.20
140.00 890.13
140.50 837.26
141.00 742.14
141.50 298.71
142.00 0.00
142.50 15.51
143.00 115.31
143.50 231.55
144.00 0.00
144.50 709.88
145.00 523.54
145.50 399.62
146.00 773.12
146.50 742.70
147.00 720.25
147.50 715.57
148.00 761.74
148.50 706.87
149.00 677.95
149.50 763.12
150.00 723.66
150.50 696.13
151.00 699.76
151.50 295.22
152.00 777.56
152.50 725.32
153.00 808.11
153.50 691.52
154.00 825.88
154.50 798.71
155.00 788.74
155.50 733.47
156.00 730.83
156.50 735.75
157.00 844.27
157.50 885.50
158.00 813.43
158.50 854.30
159.00 893.37
159.50 820.42
160.00 669.11
160.50 710.12
161.00 619.57
161.50 445.50
162.00 597.41
162.50 373.29
163.00 244.03
163.50 472.66
164.00 625.88
164.50 40.13
165.00 272.07
165.50 535.73
166.00 524.46
166.50 0.00
167.00 820.88
167.50 841.66
168.00 854.13
168.50 869.93
169.00 742.08
169.50 732.03
170.00 778.86
170.50 741.31
171.00 839.78
171.50 878.04
172.00 814.97
172.50 822.69
173.00 836.70
173.50 818.02
174.00 871.39
174.50 895.53
175.00 827.86
175.50 411.84
176.00 513.50
176.50 803.93
177.00 409.07
177.50 777.20
178.00 720.99
178.50 718.17
179.00 738.10
179.50 746.84
180.00 755.60
180.50 701.21
181.00 732.08
181.50 683.11
182.00 746.52
182.50 845.82
183.00 707.26
183.50 674.89
184.00 800.69
184.50 704.05
185.00 576.89
185.50 832.81
186.00 688.30
186.50 691.41
187.00 736.22
187.50 810.55
188.00 795.58
188.50 838.03
189.00 893.48
189.50 764.01
190.00 703.30
190.50 887.69
191.00 774.88
191.50 789.16
192.00 671.21
192.50 753.15
193.00 779.31
193.50 739.29
194.00 686.89
194.50 719.73
195.00 711.64
195.50 748.36
196.00 785.19
196.50 762.80
197.00 685.48
197.50 711.11
198.00 352.29
198.50 719.15
199.00 674.95
199.50 722.41
200.00 725.91
200.50 854.26
201.00 827.12
201.50 678.20
202.00 778.90
202.50 793.54
203.00 844.57
203.50 697.55
204.00 679.77
204.50 585.90
205.00 748.41
205.50 639.25
206.00 743.31
206.50 756.97
207.00 708.51
207.50 747.95
208.00 736.12
208.50 804.22
209.00 181.20
209.50 10.95
210.00 0.00
210.50 0.00
211.00 5.71
211.50 18.38
212.00 15.22
212.50 429.16
213.00 197.49
213.50 720.33
214.00 808.99
214.50 858.93
215.00 749.72
215.50 777.66
216.00 201.71
216.50 715.00
217.00 0.00
217.50 785.99
218.00 822.99
218.50 887.62
219.00 798.17
219.50 715.11
220.00 0.00
220.50 759.65
221.00 535.83
221.50 11.89
222.00 14.66
222.50 1.30
223.00 728.44
223.50 767.75
224.00 761.35
224.50 776.07
225.00 709.24
225.50 706.65
226.00 655.89
226.50 754.45
227.00 857.62
227.50 745.49
228.00 787.25
228.50 738.03
229.00 782.34
229.50 718.97
230.00 724.73
230.50 703.94
231.00 784.19
231.50 753.69
232.00 791.48
232.50 721.24
233.00 785.25
233.50 732.07
234.00 766.34
234.50 748.82
235.00 724.86
235.50 695.41
236.00 732.33
236.50 753.13
237.00 750.76
237.50 756.66
238.00 709.10
238.50 690.64
239.00 735.83
239.50 757.78
240.00 717.53
240.50 785.48
241.00 709.23
241.50 763.45
242.00 796.02
242.50 703.98
243.00 380.10
243.50 172.89
244.00 364.21
244.50 544.17
245.00 782.08
245.50 874.40
246.00 844.47
246.50 726.96
247.00 723.90
247.50 900.00
248.00 0.00
248.50 0.00
249.00 13.78
249.50 0.00
250.00 275.65
250.50 728.95
251.00 849.96
251.50 841.48
252.00 838.85
252.50 845.04
253.00 851.15
253.50 839.96
254.00 819.21
254.50 522.27
255.00 332.23
255.50 437.83
256.00 259.15
256.50 501.26
257.00 211.52
257.50 273.49
258.00 815.61
258.50 504.53
259.00 741.87
259.50 688.68
260.00 780.42
260.50 693.13
261.00 837.22
261.50 825.67
262.00 898.39
262.50 813.95
263.00 689.62
263.50 679.00
264.00 709.66
264.50 806.46
265.00 796.29
265.50 845.58
266.00 710.51
266.50 715.66
267.00 775.45
267.50 719.00
268.00 834.81
268.50 703.67
269.00 568.19
269.50 818.83
270.00 730.84
270.50 900.00
271.00 791.21
271.50 830.90
272.00 702.51
272.50 709.12
273.00 732.20
273.50 877.79
274.00 720.84
274.50 698.80
275.00 738.83
275.50 869.90
276.00 814.41
276.50 700.61
277.00 289.87
277.50 9.13
278.00 300.89
278.50 689.77
279.00 774.79
279.50 857.07
280.00 822.11
280.50 706.11
281.00 657.81
281.50 404.13
282.00 5.87
282.50 558.67
283.00 757.02
283.50 697.53
284.00 768.39
284.50 734.90
285.00 746.66
285.50 709.09
286.00 697.33
286.50 747.14
287.00 694.73
287.50 777.54
288.00 690.37
288.50 755.20
289.00 751.99
289.50 705.17
290.00 725.08
290.50 524.23
291.00 474.13
291.50 836.64
292.00 733.69
292.50 900.00
293.00 748.18
293.50 700.66
294.00 714.03
294.50 697.47
295.00 704.52
295.50 738.85
296.00 727.79
296.50 831.33
297.00 709.66
297.50 682.44
298.00 767.55
298.50 731.79
299.00 707.82
299.50 784.60
