0.00 740.90
0.50 747.49
1.00 776.10
1.50 728.47
2.00 744.67
2.50 706.71
3.00 700.11
3.50 716.44
4.00 691.05
4.50 730.82
5.00 823.59
5.50 680.62
6.00 817.05
6.50 792.91
7.00 716.81
7.50 746.98
8.00 706.73
8.50 708.05
9.00 689.95
9.50 736.69
10.00 823.46
10.50 830.35
11.00 874.81
11.50 695.16
12.00 787.53
12.50 853.46
13.00 696.69
13.50 788.01
14.00 779.59
14.50 756.95
15.00 767.96
15.50 771.61
16.00 732.71
16.50 723.49
17.00 716.89
17.50 718.33
18.00 699.44
18.50 757.22
19.00 744.30
19.50 744.86
20.00 711.16
20.50 698.02
21.00 749.08
21.50 716.66
22.00 766.51
22.50 692.21
23.00 766.97
23.50 666.17
24.00 745.80
24.50 774.20
25.00 728.38
25.50 725.70
26.00 780.98
26.50 746.14
27.00 756.51
27.50 831.63
28.00 707.40
28.50 672.31
29.00 719.77
29.50 828.15
30.00 717.36
30.50 787.27
31.00 832.65
31.50 778.80
32.00 669.49
32.50 797.61
33.00 90.55
33.50 0.00
34.00 562.62
34.50 593.38
35.00 13.68
35.50 1.76
36.00 0.00
36.50 379.28
37.00 183.17
37.50 207.17
38.00 138.26
38.50 677.61
39.00 794.68
39.50 734.64
40.00 900.00
40.50 862.10
41.00 739.85
41.50 767.45
42.00 713.95
42.50 756.75
43.00 736.13
43.50 754.94
44.00 749.31
44.50 766.23
45.00 725.30
45.50 678.00
46.00 759.41
46.50 787.92
47.00 765.52
47.50 703.98
48.00 679.63
48.50 687.90
49.00 670.96
49.50 700.72
50.00 759.39
50.50 793.42
51.00 715.80
51.50 725.69
52.00 749.58
52.50 799.58
53.00 736.36
53.50 715.76
54.00 721.12
54.50 713.03
55.00 799.78
55.50 742.92
56.00 693.50
56.50 713.33
57.00 708.63
57.50 708.18
58.00 788.37
58.50 707.63
59.00 704.13
59.50 792.02
60.00 758.51
60.50 744.04
61.00 726.96
61.50 721.10
62.00 738.08
62.50 780.30
63.00 879.86
63.50 678.46
64.00 742.34
64.50 797.11
65.00 730.59
65.50 699.60
66.00 715.82
66.50 694.67
67.00 890.84
67.50 855.56
68.00 808.42
68.50 816.39
69.00 850.65
69.50 743.13
70.00 616.20
70.50 702.83
71.00 743.70
71.50 704.86
72.00 765.46
72.50 772.67
73.00 760.61
73.50 775.40
74.00 713.56
74.50 720.53
75.00 715.85
75.50 0.86
76.00 246.49
76.50 735.87
77.00 704.03
77.50 675.61
78.00 655.68
78.50 769.84
79.00 861.23
79.50 841.02
80.00 346.72
80.50 473.72
81.00 618.28
81.50 800.75
82.00 290.01
82.50 552.59
83.00 18.36
83.50 0.78
84.00 0.00
84.50 0.00
85.00 2.39
85.50 643.64
86.00 736.78
86.50 702.72
87.00 728.61
87.50 764.24
88.00 743.09
88.50 731.45
89.00 783.93
89.50 743.69
90.00 682.91
90.50 708.90
91.00 846.65
91.50 843.54
92.00 849.39
92.50 858.29
93.00 854.89
93.50 870.23
94.00 837.96
94.50 855.58
95.00 827.34
95.50 827.64
96.00 849.10
96.50 834.75
97.00 823.86
97.50 852.69
98.00 865.12
98.50 862.39
99.00 841.85
99.50 709.17
100.00 702.76
100.50 271.09
101.00 365.35
101.50 677.32
102.00 777.97
102.50 717.71
103.00 749.36
103.50 580.08
104.00 6.56
104.50 12.96
105.00 496.62
105.50 118.68
106.00 13.53
106.50 44.67
107.00 659.36
107.50 792.29
108.00 326.97
108.50 888.59
109.00 898.11
109.50 758.71
110.00 697.26
110.50 663.75
111.00 681.11
111.50 649.55
112.00 734.63
112.50 733.60
113.00 814.81
113.50 705.24
114.00 777.84
114.50 765.24
115.00 773.00
115.50 758.70
116.00 773.16
116.50 779.37
117.00 702.89
117.50 717.33
118.00 698.62
118.50 452.79
119.00 663.86
119.50 819.90
120.00 734.58
120.50 733.42
121.00 750.19
121.50 768.47
122.00 748.50
122.50 716.23
123.00 760.45
123.50 781.88
124.00 742.43
124.50 777.31
125.00 705.29
125.50 739.48
126.00 723.98
126.50 6.48
127.00 6.48
127.50 474.96
128.00 362.43
128.50 811.38
129.00 704.23
129.50 843.82
130.00 712.23
130.50 708.49
131.00 696.49
131.50 778.35
132.00 698.36
132.50 754.69
133.00 687.35
133.50 681.00
134.00 728.68
134.50 723.59
135.00 715.14
135.50 739.98
136.00 745.59
136.50 721.02
137.00 694.94
137.50 806.90
138.00 704.61
138.50 791.56
139.00 713.30
139.50 712.46
140.00 747.25
140.50 757.36
141.00 746.12
141.50 779.81
142.00 749.13
142.50 766.16
143.00 768.05
143.50 770.26
144.00 759.61
144.50 683.80
145.00 841.54
145.50 705.63
146.00 780.13
146.50 712.43
147.00 0.33
147.50 795.94
148.00 812.72
148.50 770.86
149.00 730.75
149.50 826.10
150.00 825.38
150.50 820.20
151.00 753.03
151.50 745.12
152.00 782.10
152.50 768.09
153.00 706.66
153.50 743.49
154.00 748.73
154.50 759.14
155.00 769.75
155.50 695.73
156.00 747.13
156.50 704.97
157.00 703.72
157.50 845.40
158.00 848.24
158.50 813.51
159.00 832.06
159.50 838.05
160.00 830.92
160.50 767.82
161.00 839.25
161.50 866.36
162.00 712.05
162.50 736.36
163.00 757.98
163.50 750.76
164.00 697.95
164.50 708.59
165.00 731.12
165.50 734.05
166.00 734.26
166.50 748.91
167.00 770.17
167.50 147.01
168.00 148.68
168.50 793.05
169.00 802.71
169.50 440.21
170.00 1.75
170.50 243.06
171.00 12.45
171.50 0.00
172.00 900.00
172.50 392.82
173.00 228.74
173.50 662.18
174.00 728.97
174.50 689.46
175.00 750.57
175.50 751.16
176.00 685.31
176.50 726.85
177.00 694.88
177.50 787.76
178.00 749.22
178.50 694.51
179.00 784.63
179.50 739.83
180.00 722.18
180.50 744.46
181.00 761.35
181.50 748.47
182.00 811.97
182.50 707.50
183.00 809.52
183.50 819.24
184.00 707.41
184.50 665.44
185.00 800.42
185.50 746.52
186.00 700.55
186.50 698.30
187.00 252.48
187.50 678.54
188.00 732.36
188.50 741.49
189.00 758.41
189.50 824.37
190.00 663.60
190.50 683.09
191.00 434.46
191.50 387.74
192.00 717.09
192.50 739.37
193.00 347.76
193.50 745.23
194.00 244.94
194.50 96.29
195.00 736.28
195.50 721.19
196.00 759.35
196.50 660.74
197.00 693.68
197.50 810.56
198.00 741.88
198.50 717.64
199.00 745.00
199.50 738.42
200.00 712.02
200.50 717.28
201.00 727.23
201.50 785.57
202.00 747.94
202.50 752.39
203.00 765.47
203.50 779.50
204.00 766.53
204.50 766.63
205.00 738.56
205.50 727.40
206.00 684.45
206.50 734.38
207.00 692.52
207.50 711.98
208.00 380.84
208.50 325.94
209.00 210.73
209.50 674.56
210.00 697.18
210.50 697.93
211.00 706.24
211.50 737.97
212.00 666.25
212.50 692.36
213.00 691.68
213.50 808.71
214.00 723.92
214.50 751.11
215.00 672.17
215.50 704.86
216.00 733.49
216.50 727.61
217.00 734.11
217.50 733.37
218.00 698.47
218.50 735.62
219.00 808.19
219.50 701.82
220.00 757.66
220.50 834.19
221.00 829.12
221.50 845.89
222.00 871.57
222.50 870.05
223.00 855.25
223.50 834.40
224.00 747.25
224.50 736.86
225.00 738.80
225.50 729.66
226.00 768.23
226.50 748.10
227.00 688.73
227.50 787.74
228.00 711.14
228.50 727.87
229.00 779.76
229.50 732.03
230.00 744.45
230.50 713.85
231.00 739.38
231.50 700.05
232.00 749.86
232.50 708.34
233.00 700.00
233.50 759.08
234.00 684.82
234.50 772.15
235.00 695.51
235.50 839.12
236.00 705.14
236.50 613.12
237.00 705.96
237.50 759.98
238.00 777.86
238.50 743.26
239.00 663.33
239.50 744.78
240.00 695.11
240.50 830.52
241.00 837.01
241.50 792.68
242.00 831.37
242.50 704.45
243.00 765.07
243.50 713.04
244.00 708.64
244.50 695.02
245.00 828.18
245.50 441.36
246.00 699.57
246.50 766.19
247.00 772.87
247.50 745.09
248.00 812.90
248.50 714.74
249.00 707.91
249.50 689.38
250.00 735.58
250.50 708.56
251.00 696.20
251.50 721.89
252.00 721.47
252.50 487.00
253.00 491.13
253.50 429.70
254.00 693.93
254.50 831.14
255.00 763.96
255.50 727.88
256.00 679.74
256.50 737.78
257.00 710.71
257.50 739.24
258.00 731.95
258.50 701.17
259.00 758.14
259.50 725.71
260.00 741.16
260.50 740.22
261.00 726.73
261.50 740.79
262.00 731.62
262.50 754.40
263.00 704.66
263.50 698.49
264.00 740.72
264.50 750.05
265.00 761.48
265.50 725.93
266.00 727.13
266.50 698.25
267.00 763.06
267.50 757.58
268.00 729.20
268.50 699.22
269.00 697.10
269.50 754.67
270.00 720.49
270.50 735.60
271.00 720.55
271.50 730.12
272.00 683.12
272.50 723.53
273.00 778.26
273.50 792.74
274.00 689.49
274.50 753.80
275.00 729.08
275.50 727.03
276.00 759.42
276.50 693.63
277.00 752.56
277.50 728.01
278.00 764.00
278.50 730.74
279.00 785.18
279.50 798.52
280.00 756.69
280.50 733.71
281.00 739.56
281.50 731.71
282.00 781.74
282.50 705.24
283.00 783.02
283.50 685.63
284.00 755.41
284.50 720.53
285.00 702.33
285.50 741.98
286.00 759.42
286.50 732.37
287.00 746.19
287.50 748.33
288.00 698.36
288.50 803.94
289.00 723.22
289.50 750.80
290.00 719.66
290.50 724.95
291.00 671.59
291.50 751.55
292.00 712.60
292.50 784.34
293.00 802.33
293.50 713.48
294.00 786.39
294.50 758.47
295.00 784.59
295.50 716.24
296.00 737.05
296.50 780.36
297.00 698.28
297.50 825.78
298.00 706.23
298.50 713.61
299.00 790.91
299.50 663.33
