0.00 723.29
0.50 725.74
1.00 720.20
1.50 704.53
2.00 741.30
2.50 763.78
3.00 744.10
3.50 735.58
4.00 726.41
4.50 730.96
5.00 709.89
5.50 763.28
6.00 766.29
6.50 664.71
7.00 810.04
7.50 709.01
8.00 451.03
8.50 640.05
9.00 363.88
9.50 285.67
10.00 572.39
10.50 297.77
11.00 694.32
11.50 738.02
12.00 483.96
12.50 684.11
13.00 714.94
13.50 691.16
14.00 854.27
14.50 691.09
15.00 775.78
15.50 784.76
16.00 719.67
16.50 765.09
17.00 774.76
17.50 795.29
18.00 696.42
18.50 521.81
19.00 483.42
19.50 470.03
20.00 721.17
20.50 0.00
21.00 0.13
21.50 492.14
22.00 750.35
22.50 733.91
23.00 775.17
23.50 746.01
24.00 756.78
24.50 842.00
25.00 752.73
25.50 145.44
26.00 744.92
26.50 766.85
27.00 830.61
27.50 721.65
28.00 721.65
28.50 698.96
29.00 739.53
29.50 766.57
30.00 760.36
30.50 667.99
31.00 748.60
31.50 705.87
32.00 758.24
32.50 723.15
33.00 714.83
33.50 763.99
34.00 745.40
34.50 702.01
35.00 714.59
35.50 696.55
36.00 725.19
36.50 708.66
37.00 752.80
37.50 708.13
38.00 738.57
38.50 777.08
39.00 713.36
39.50 709.23
40.00 777.16
40.50 754.63
41.00 723.64
41.50 689.89
42.00 746.20
42.50 746.82
43.00 727.28
43.50 699.11
44.00 696.24
44.50 745.18
45.00 785.00
45.50 723.54
46.00 718.36
46.50 760.97
47.00 720.57
47.50 736.65
48.00 710.97
48.50 709.64
49.00 718.27
49.50 678.43
50.00 709.46
50.50 830.95
51.00 813.70
51.50 846.74
52.00 836.99
52.50 783.34
53.00 716.76
53.50 397.23
54.00 561.29
54.50 267.96
55.00 689.70
55.50 800.95
56.00 741.88
56.50 776.88
57.00 721.60
57.50 660.40
58.00 791.86
58.50 741.74
59.00 773.28
59.50 767.19
60.00 753.12
60.50 715.68
61.00 723.83
61.50 703.66
62.00 707.27
62.50 699.13
63.00 460.15
63.50 2.76
64.00 16.80
64.50 19.45
65.00 8.84
65.50 185.67
66.00 714.46
66.50 757.40
67.00 825.16
67.50 693.08
68.00 751.32
68.50 760.38
69.00 724.74
69.50 683.36
70.00 701.96
70.50 784.28
71.00 722.34
71.50 754.01
72.00 827.01
72.50 873.39
73.00 826.68
73.50 704.84
74.00 894.61
74.50 829.69
75.00 837.73
75.50 785.03
76.00 813.50
76.50 174.31
77.00 337.30
77.50 377.97
78.00 365.75
78.50 419.50
79.00 750.46
79.50 796.57
80.00 691.20
80.50 693.23
81.00 798.77
81.50 733.49
82.00 708.05
82.50 715.87
83.00 699.54
83.50 712.41
84.00 721.26
84.50 719.08
85.00 686.35
85.50 778.35
86.00 693.00
86.50 695.92
87.00 721.33
87.50 732.93
88.00 740.90
88.50 690.05
89.00 755.13
89.50 675.10
90.00 720.42
90.50 701.68
91.00 768.24
91.50 739.95
92.00 671.15
92.50 700.19
93.00 703.11
93.50 727.40
94.00 751.26
94.50 765.87
95.00 723.09
95.50 701.60
96.00 753.06
96.50 605.32
97.00 268.62
97.50 634.59
98.00 844.29
98.50 855.89
99.00 762.60
99.50 735.82
100.00 716.56
100.50 449.86
101.00 815.77
101.50 682.27
102.00 710.14
102.50 720.66
103.00 689.97
103.50 719.04
104.00 723.01
104.50 847.49
105.00 715.60
105.50 710.81
106.00 770.68
106.50 680.18
107.00 703.51
107.50 714.20
108.00 756.54
108.50 789.51
109.00 724.62
109.50 803.22
110.00 696.99
110.50 727.73
111.00 326.47
111.50 719.85
112.00 828.01
112.50 704.89
113.00 615.08
113.50 5.69
114.00 0.00
114.50 192.25
115.00 24.97
115.50 8.86
116.00 8.69
116.50 545.04
117.00 600.61
117.50 649.61
118.00 624.60
118.50 3.08
119.00 14.42
119.50 15.56
120.00 454.43
120.50 72.23
121.00 717.19
121.50 695.43
122.00 673.87
122.50 705.79
123.00 692.84
123.50 730.55
124.00 900.00
124.50 567.43
125.00 6.06
125.50 771.10
126.00 823.32
126.50 789.60
127.00 788.72
127.50 754.70
128.00 735.58
128.50 789.75
129.00 814.99
129.50 859.49
130.00 798.17
130.50 710.80
131.00 783.30
131.50 831.79
132.00 730.33
132.50 679.38
133.00 754.44
133.50 766.65
134.00 696.97
134.50 706.82
135.00 682.39
135.50 784.03
136.00 785.07
136.50 825.40
137.00 714.88
137.50 696.14
138.00 696.72
138.50 693.61
139.00 886.69
139.50 474.61
140.00 705.84
140.50 692.22
141.00 244.30
141.50 729.51
142.00 768.37
142.50 733.93
143.00 695.71
143.50 749.79
144.00 766.38
144.50 772.50
145.00 750.97
145.50 712.77
146.00 735.26
146.50 821.79
147.00 738.96
147.50 729.83
148.00 715.92
148.50 679.35
149.00 716.13
149.50 743.90
150.00 732.94
150.50 736.81
151.00 743.00
151.50 727.80
152.00 760.61
152.50 763.02
153.00 732.73
153.50 705.00
154.00 709.17
154.50 765.19
155.00 735.70
155.50 733.61
156.00 724.71
156.50 755.09
157.00 807.07
157.50 684.98
158.00 878.65
158.50 822.53
159.00 839.09
159.50 829.30
160.00 862.78
160.50 874.22
161.00 853.99
161.50 854.07
162.00 852.17
162.50 852.97
163.00 825.58
163.50 760.30
164.00 279.40
164.50 854.74
165.00 823.24
165.50 859.57
166.00 873.26
166.50 871.56
167.00 869.53
167.50 822.68
168.00 861.74
168.50 843.33
169.00 848.14
169.50 846.18
170.00 829.00
170.50 838.66
171.00 734.40
171.50 756.55
172.00 826.44
172.50 769.61
173.00 689.93
173.50 799.53
174.00 719.12
174.50 716.26
175.00 618.57
175.50 697.57
176.00 731.63
176.50 611.20
177.00 66.05
177.50 682.34
178.00 674.97
178.50 780.25
179.00 700.53
179.50 495.71
180.00 798.92
180.50 821.04
181.00 711.47
181.50 710.10
182.00 739.25
182.50 697.21
183.00 856.40
183.50 711.24
184.00 684.36
184.50 238.16
185.00 766.38
185.50 678.92
186.00 684.32
186.50 753.28
187.00 829.35
187.50 868.77
188.00 832.61
188.50 838.66
189.00 844.22
189.50 681.26
190.00 704.18
190.50 684.48
191.00 723.26
191.50 743.00
192.00 695.98
192.50 870.09
193.00 852.38
193.50 858.97
194.00 832.54
194.50 842.92
195.00 827.73
195.50 891.31
196.00 683.86
196.50 696.51
197.00 852.61
197.50 541.65
198.00 374.32
198.50 735.91
199.00 715.45
199.50 684.77
200.00 699.40
200.50 703.65
201.00 791.39
201.50 727.59
202.00 692.00
202.50 856.24
203.00 798.85
203.50 699.06
204.00 363.60
204.50 798.36
205.00 693.23
205.50 731.11
206.00 369.06
206.50 762.92
207.00 560.08
207.50 695.68
208.00 737.88
208.50 674.67
209.00 760.16
209.50 709.91
210.00 680.52
210.50 694.61
211.00 785.16
211.50 687.26
212.00 728.25
212.50 712.78
213.00 726.09
213.50 701.45
214.00 737.89
214.50 209.71
215.00 378.25
215.50 694.32
216.00 668.21
216.50 713.57
217.00 705.67
217.50 460.79
218.00 768.76
218.50 826.75
219.00 795.82
219.50 712.16
220.00 664.12
220.50 693.57
221.00 197.09
221.50 866.39
222.00 690.98
222.50 174.32
223.00 686.60
223.50 689.33
224.00 520.33
224.50 833.16
225.00 359.29
225.50 723.50
226.00 759.60
226.50 748.91
227.00 700.80
227.50 696.28
228.00 899.21
228.50 762.56
229.00 705.49
229.50 692.12
230.00 753.11
230.50 710.77
231.00 468.03
231.50 699.31
232.00 724.04
232.50 675.41
233.00 703.81
233.50 195.82
234.00 359.27
234.50 778.76
235.00 821.69
235.50 719.72
236.00 786.49
236.50 771.42
237.00 749.26
237.50 885.34
238.00 794.77
238.50 770.71
239.00 94.38
239.50 842.12
240.00 40.83
240.50 595.14
241.00 799.44
241.50 873.43
242.00 723.01
242.50 737.75
243.00 712.84
243.50 711.97
244.00 705.68
244.50 680.24
245.00 714.57
245.50 741.47
246.00 700.33
246.50 746.83
247.00 711.30
247.50 728.62
248.00 742.04
248.50 715.14
249.00 722.32
249.50 795.34
250.00 879.73
250.50 844.27
251.00 690.92
251.50 763.93
252.00 749.02
252.50 722.66
253.00 562.40
253.50 734.90
254.00 755.76
254.50 698.15
255.00 658.23
255.50 725.89
256.00 681.55
256.50 722.57
257.00 680.50
257.50 702.25
258.00 735.43
258.50 729.84
259.00 681.46
259.50 762.58
260.00 739.53
260.50 849.28
261.00 863.41
261.50 830.84
262.00 847.55
262.50 867.91
263.00 119.44
263.50 171.42
264.00 14.55
264.50 5.15
265.00 14.71
265.50 179.22
266.00 5.00
266.50 474.06
267.00 504.92
267.50 764.65
268.00 15.77
268.50 643.09
269.00 35.93
269.50 695.26
270.00 674.28
270.50 894.12
271.00 725.02
271.50 668.00
272.00 719.56
272.50 713.40
273.00 686.49
273.50 712.61
274.00 685.94
274.50 710.36
275.00 725.50
275.50 699.57
276.00 896.94
276.50 762.81
277.00 717.64
277.50 649.21
278.00 803.80
278.50 834.11
279.00 856.32
279.50 687.02
280.00 786.38
280.50 882.66
281.00 714.80
281.50 753.27
282.00 492.72
282.50 713.16
283.00 811.66
283.50 716.48
284.00 695.10
284.50 309.88
285.00 221.95
285.50 741.81
286.00 831.55
286.50 718.76
287.00 662.80
287.50 746.29
288.00 808.55
288.50 778.90
289.00 669.68
289.50 703.11
290.00 791.30
290.50 698.08
291.00 690.74
291.50 756.39
292.00 708.71
292.50 746.71
293.00 683.88
293.50 735.81
294.00 823.97
294.50 706.10
295.00 800.44
295.50 895.72
296.00 900.00
296.50 773.51
297.00 789.88
297.50 671.28
298.00 759.99
298.50 764.86
299.00 764.86
299.50 753.70
