0.00 767.05
0.50 745.26
1.00 708.95
1.50 741.07
2.00 773.86
2.50 707.93
3.00 699.86
3.50 787.58
4.00 715.36
4.50 760.20
5.00 742.03
5.50 717.38
6.00 704.43
6.50 721.47
7.00 706.37
7.50 678.51
8.00 693.12
8.50 745.08
9.00 767.79
9.50 850.36
10.00 817.56
10.50 699.04
11.00 773.18
11.50 703.24
12.00 714.98
12.50 815.53
13.00 766.66
13.50 718.78
14.00 753.53
14.50 858.70
15.00 720.23
15.50 751.03
16.00 735.88
16.50 676.53
17.00 168.59
17.50 679.64
18.00 692.05
18.50 718.54
19.00 697.07
19.50 686.39
20.00 700.37
20.50 779.70
21.00 729.70
21.50 743.08
22.00 769.28
22.50 673.91
23.00 727.98
23.50 759.25
24.00 793.45
24.50 825.38
25.00 841.96
25.50 715.92
26.00 694.11
26.50 894.89
27.00 756.16
27.50 679.41
28.00 774.98
28.50 753.32
29.00 741.38
29.50 600.31
30.00 843.01
30.50 842.34
31.00 849.84
31.50 866.29
32.00 789.35
32.50 815.20
33.00 733.45
33.50 710.87
34.00 799.87
34.50 694.44
35.00 769.58
35.50 762.34
36.00 710.67
36.50 707.06
37.00 765.47
37.50 734.62
38.00 767.44
38.50 715.24
39.00 705.53
39.50 799.55
40.00 864.15
40.50 823.88
41.00 865.50
41.50 835.66
42.00 861.64
42.50 844.09
43.00 854.76
43.50 800.81
44.00 846.07
44.50 737.15
45.00 537.46
45.50 833.44
46.00 737.35
46.50 670.82
47.00 776.19
47.50 459.52
48.00 723.30
48.50 741.79
49.00 738.30
49.50 673.73
50.00 698.38
50.50 756.73
51.00 713.54
51.50 701.07
52.00 732.22
52.50 711.64
53.00 719.91
53.50 751.42
54.00 777.78
54.50 712.97
55.00 675.40
55.50 677.12
56.00 450.55
56.50 827.57
57.00 718.80
57.50 868.52
58.00 733.66
58.50 705.70
59.00 681.18
59.50 785.19
60.00 768.15
60.50 720.79
61.00 784.04
61.50 769.79
62.00 732.42
62.50 748.32
63.00 773.39
63.50 776.85
64.00 707.98
64.50 727.07
65.00 721.41
65.50 693.29
66.00 697.27
66.50 814.47
67.00 824.97
67.50 810.60
68.00 829.52
68.50 240.75
69.00 0.00
69.50 6.60
70.00 696.95
70.50 695.81
71.00 728.57
71.50 718.58
72.00 744.38
72.50 684.88
73.00 713.97
73.50 709.92
74.00 751.74
74.50 757.23
75.00 723.69
75.50 730.20
76.00 754.69
76.50 728.56
77.00 358.59
77.50 703.02
78.00 759.74
78.50 831.03
79.00 804.93
79.50 846.53
80.00 845.01
80.50 750.19
81.00 853.84
81.50 860.78
82.00 661.92
82.50 900.00
83.00 814.13
83.50 741.96
84.00 138.82
84.50 692.10
85.00 740.87
85.50 691.48
86.00 355.90
86.50 722.12
87.00 724.75
87.50 797.38
88.00 672.51
88.50 704.22
89.00 708.41
89.50 705.77
90.00 815.86
90.50 717.26
91.00 698.66
91.50 843.78
92.00 692.43
92.50 735.08
93.00 737.32
93.50 707.19
94.00 785.44
94.50 801.57
95.00 723.67
95.50 704.37
96.00 713.50
96.50 713.91
97.00 619.07
97.50 359.48
98.00 650.42
98.50 735.99
99.00 365.17
99.50 150.84
100.00 2.34
100.50 5.56
101.00 523.19
101.50 392.36
102.00 439.16
102.50 24.75
103.00 188.19
103.50 133.39
104.00 745.50
104.50 826.59
105.00 849.74
105.50 692.12
106.00 787.64
106.50 633.39
107.00 686.06
107.50 652.40
108.00 713.19
108.50 728.68
109.00 735.46
109.50 900.00
110.00 685.04
110.50 710.06
111.00 770.42
111.50 777.70
112.00 726.76
112.50 525.45
113.00 544.56
113.50 830.91
114.00 889.46
114.50 784.93
115.00 900.00
115.50 695.24
116.00 685.96
116.50 524.98
117.00 724.56
117.50 712.82
118.00 769.14
118.50 768.37
119.00 672.06
119.50 711.36
120.00 689.31
120.50 771.05
121.00 729.67
121.50 758.73
122.00 728.55
122.50 706.56
123.00 716.70
123.50 835.96
124.00 833.02
124.50 900.00
125.00 0.00
125.50 60.27
126.00 722.51
126.50 691.73
127.00 786.65
127.50 684.68
128.00 739.43
128.50 709.35
129.00 850.61
129.50 875.09
130.00 856.50
130.50 403.81
131.00 205.52
131.50 694.67
132.00 762.41
132.50 735.79
133.00 689.03
133.50 778.31
134.00 757.23
134.50 793.28
135.00 798.67
135.50 710.51
136.00 834.81
136.50 868.04
137.00 830.64
137.50 869.62
138.00 841.77
138.50 784.64
139.00 847.65
139.50 440.15
140.00 816.70
140.50 727.14
141.00 803.45
141.50 692.31
142.00 683.55
142.50 716.86
143.00 789.47
143.50 719.47
144.00 736.47
144.50 759.90
145.00 777.57
145.50 606.85
146.00 375.05
146.50 181.64
147.00 668.32
147.50 786.10
148.00 744.98
148.50 628.62
149.00 467.53
149.50 24.31
150.00 12.01
150.50 10.99
151.00 309.86
151.50 723.30
152.00 72.96
152.50 714.83
153.00 567.17
153.50 665.84
154.00 764.45
154.50 702.95
155.00 653.10
155.50 737.42
156.00 871.66
156.50 722.68
157.00 681.15
157.50 741.44
158.00 518.13
158.50 500.55
159.00 138.42
159.50 0.81
160.00 0.00
160.50 873.75
161.00 729.71
161.50 726.68
162.00 738.45
162.50 687.80
163.00 858.97
163.50 839.09
164.00 677.40
164.50 776.20
165.00 339.01
165.50 728.46
166.00 827.44
166.50 831.17
167.00 840.22
167.50 780.79
168.00 828.05
168.50 839.11
169.00 871.88
169.50 836.39
170.00 716.13
170.50 817.67
171.00 424.21
171.50 349.67
172.00 747.44
172.50 751.95
173.00 836.30
173.50 787.27
174.00 762.44
174.50 684.01
175.00 754.60
175.50 718.27
176.00 858.49
176.50 822.18
177.00 763.71
177.50 736.65
178.00 716.60
178.50 781.99
179.00 739.96
179.50 693.56
180.00 755.28
180.50 504.37
181.00 439.53
181.50 544.51
182.00 408.95
182.50 734.84
183.00 743.84
183.50 811.87
184.00 712.78
184.50 687.83
185.00 769.77
185.50 663.16
186.00 776.98
186.50 810.11
187.00 715.17
187.50 706.16
188.00 719.92
188.50 773.41
189.00 772.10
189.50 713.54
190.00 715.71
190.50 752.78
191.00 716.79
191.50 720.46
192.00 746.33
192.50 790.49
193.00 706.67
193.50 747.56
194.00 712.10
194.50 840.15
195.00 723.88
195.50 744.97
196.00 727.04
196.50 754.44
197.00 682.85
197.50 778.23
198.00 672.71
198.50 845.47
199.00 711.39
199.50 692.64
200.00 729.64
200.50 769.26
201.00 689.87
201.50 699.75
202.00 844.77
202.50 710.99
203.00 793.23
203.50 745.84
204.00 669.10
204.50 350.37
205.00 657.63
205.50 652.80
206.00 679.10
206.50 346.45
207.00 718.70
207.50 749.33
208.00 706.28
208.50 703.83
209.00 729.18
209.50 673.78
210.00 700.10
210.50 771.22
211.00 696.77
211.50 788.68
212.00 745.83
212.50 732.21
213.00 718.29
213.50 864.81
214.00 750.83
214.50 741.38
215.00 731.36
215.50 729.18
216.00 723.39
216.50 705.50
217.00 722.57
217.50 725.25
218.00 704.54
218.50 812.61
219.00 746.30
219.50 707.27
220.00 762.46
220.50 691.47
221.00 787.51
221.50 718.55
222.00 728.94
222.50 774.86
223.00 747.10
223.50 784.12
224.00 744.78
224.50 705.36
225.00 714.96
225.50 724.43
226.00 767.25
226.50 770.08
227.00 714.41
227.50 768.03
228.00 690.02
228.50 727.68
229.00 712.87
229.50 746.92
230.00 748.24
230.50 793.70
231.00 747.77
231.50 770.09
232.00 685.86
232.50 721.56
233.00 718.57
233.50 762.23
234.00 760.01
234.50 753.39
235.00 853.22
235.50 826.49
236.00 850.71
236.50 703.40
237.00 712.38
237.50 713.77
238.00 799.21
238.50 730.43
239.00 698.88
239.50 670.76
240.00 774.60
240.50 739.79
241.00 702.31
241.50 707.62
242.00 738.73
242.50 778.51
243.00 773.84
243.50 703.94
244.00 748.80
244.50 715.59
245.00 751.30
245.50 710.65
246.00 757.77
246.50 726.49
247.00 762.19
247.50 710.75
248.00 737.01
248.50 726.49
249.00 739.59
249.50 744.19
250.00 760.16
250.50 734.35
251.00 695.08
251.50 731.13
252.00 865.48
252.50 869.57
253.00 815.70
253.50 794.42
254.00 286.67
254.50 726.28
255.00 721.01
255.50 766.50
256.00 687.08
256.50 209.54
257.00 530.95
257.50 833.80
258.00 727.20
258.50 73.20
259.00 812.94
259.50 28.33
260.00 336.56
260.50 94.89
261.00 748.68
261.50 775.33
262.00 761.22
262.50 865.79
263.00 834.63
263.50 847.96
264.00 824.47
264.50 803.31
265.00 859.77
265.50 705.59
266.00 739.32
266.50 715.95
267.00 823.33
267.50 807.64
268.00 687.82
268.50 707.09
269.00 742.20
269.50 360.04
270.00 702.30
270.50 737.80
271.00 661.43
271.50 194.30
272.00 683.87
272.50 685.50
273.00 782.72
273.50 385.61
274.00 691.86
274.50 801.93
275.00 736.98
275.50 683.13
276.00 693.61
276.50 693.80
277.00 842.86
277.50 862.01
278.00 840.90
278.50 842.98
279.00 693.78
279.50 756.22
280.00 704.83
280.50 772.58
281.00 773.12
281.50 732.67
282.00 722.61
282.50 723.57
283.00 733.23
283.50 845.47
284.00 808.36
284.50 763.15
285.00 681.81
285.50 675.46
286.00 733.58
286.50 819.89
287.00 699.96
287.50 786.74
288.00 779.20
288.50 6.10
289.00 12.97
289.50 9.58
290.00 224.19
290.50 738.10
291.00 734.67
291.50 352.90
292.00 734.92
292.50 887.87
293.00 786.34
293.50 734.63
294.00 686.67
294.50 738.18
295.00 813.97
295.50 701.35
296.00 726.49
296.50 712.13
297.00 751.81
297.50 362.21
298.00 801.12
298.50 854.44
299.00 821.75
299.50 827.40
