0.00 737.39
0.50 715.39
1.00 669.32
1.50 709.82
2.00 699.80
2.50 885.45
3.00 732.10
3.50 712.22
4.00 429.70
4.50 145.05
5.00 0.00
5.50 383.16
6.00 758.79
6.50 723.88
7.00 721.35
7.50 656.86
8.00 733.04
8.50 836.97
9.00 840.23
9.50 766.11
10.00 717.46
10.50 730.40
11.00 9.68
11.50 473.32
12.00 755.74
12.50 768.60
13.00 844.03
13.50 725.19
14.00 726.74
14.50 1.00
15.00 1.46
15.50 266.18
16.00 711.27
16.50 652.84
17.00 747.65
17.50 701.15
18.00 670.15
18.50 740.25
19.00 679.26
19.50 701.86
20.00 708.10
20.50 754.04
21.00 712.60
21.50 697.22
22.00 754.26
22.50 791.96
23.00 756.98
23.50 723.08
24.00 736.38
24.50 739.15
25.00 722.83
25.50 702.87
26.00 751.73
26.50 671.03
27.00 777.68
27.50 728.90
28.00 718.52
28.50 824.81
29.00 694.78
29.50 691.12
30.00 841.64
30.50 752.99
31.00 818.83
31.50 848.38
32.00 878.22
32.50 813.56
33.00 697.41
33.50 710.23
34.00 694.91
34.50 693.97
35.00 697.48
35.50 745.89
36.00 724.22
36.50 690.48
37.00 792.58
37.50 250.18
38.00 723.38
38.50 774.99
39.00 700.65
39.50 711.88
40.00 793.39
40.50 784.26
41.00 796.08
41.50 817.20
42.00 786.27
42.50 753.97
43.00 713.51
43.50 689.37
44.00 723.95
44.50 736.62
45.00 692.81
45.50 0.00
46.00 597.64
46.50 692.92
47.00 734.14
47.50 723.55
48.00 688.24
48.50 720.07
49.00 670.90
49.50 683.83
50.00 708.32
50.50 746.12
51.00 722.65
51.50 788.52
52.00 740.89
52.50 734.51
53.00 679.64
53.50 716.68
54.00 707.60
54.50 723.51
55.00 671.22
55.50 688.30
56.00 826.32
56.50 822.04
57.00 900.00
57.50 846.90
58.00 733.63
58.50 712.58
59.00 712.20
59.50 791.12
60.00 705.75
60.50 732.48
61.00 789.83
61.50 755.35
62.00 727.06
62.50 735.07
63.00 778.48
63.50 744.55
64.00 774.90
64.50 731.50
65.00 767.96
65.50 737.69
66.00 701.91
66.50 685.14
67.00 721.07
67.50 831.48
68.00 803.58
68.50 704.00
69.00 704.17
69.50 746.89
70.00 747.18
70.50 741.61
71.00 685.14
71.50 698.74
72.00 809.90
72.50 657.48
73.00 689.34
73.50 754.58
74.00 745.56
74.50 796.26
75.00 725.08
75.50 698.17
76.00 702.01
76.50 733.92
77.00 729.85
77.50 683.77
78.00 762.97
78.50 686.45
79.00 720.07
79.50 748.21
80.00 784.56
80.50 678.86
81.00 730.78
81.50 700.44
82.00 843.14
82.50 850.24
83.00 836.47
83.50 792.02
84.00 790.96
84.50 893.21
85.00 683.08
85.50 724.86
86.00 719.76
86.50 431.56
87.00 710.04
87.50 591.54
88.00 0.00
88.50 604.53
89.00 304.26
89.50 774.16
90.00 836.55
90.50 735.19
91.00 143.14
91.50 618.94
92.00 420.04
92.50 0.00
93.00 730.01
93.50 650.97
94.00 729.63
94.50 722.82
95.00 742.61
95.50 704.78
96.00 715.84
96.50 706.47
97.00 766.21
97.50 704.71
98.00 688.84
98.50 714.66
99.00 803.06
99.50 845.13
100.00 845.00
100.50 705.73
101.00 734.71
101.50 817.02
102.00 782.42
102.50 715.03
103.00 710.29
103.50 757.46
104.00 710.61
104.50 807.49
105.00 858.43
105.50 818.27
106.00 779.04
106.50 744.87
107.00 736.92
107.50 708.13
108.00 690.62
108.50 729.78
109.00 0.00
109.50 4.56
110.00 24.76
110.50 14.74
111.00 13.88
111.50 131.38
112.00 651.23
112.50 382.54
113.00 276.64
113.50 709.71
114.00 711.61
114.50 726.67
115.00 767.72
115.50 721.87
116.00 782.12
116.50 707.44
117.00 773.89
117.50 717.99
118.00 700.23
118.50 751.46
119.00 284.68
119.50 0.00
120.00 0.00
120.50 706.58
121.00 623.52
121.50 694.35
122.00 778.91
122.50 842.16
123.00 767.82
123.50 767.88
124.00 747.02
124.50 817.82
125.00 721.25
125.50 703.64
126.00 712.94
126.50 794.60
127.00 707.25
127.50 684.84
128.00 809.78
128.50 770.31
129.00 805.14
129.50 807.42
130.00 724.40
130.50 710.35
131.00 765.06
131.50 720.78
132.00 818.45
132.50 679.03
133.00 722.51
133.50 699.14
134.00 744.63
134.50 715.02
135.00 762.90
135.50 815.36
136.00 757.36
136.50 700.97
137.00 717.23
137.50 732.12
138.00 831.98
138.50 832.11
139.00 807.53
139.50 325.52
140.00 778.14
140.50 720.53
141.00 684.01
141.50 715.06
142.00 729.36
142.50 900.00
143.00 739.23
143.50 700.56
144.00 734.22
144.50 22.57
145.00 690.97
145.50 682.11
146.00 726.66
146.50 714.58
147.00 699.56
147.50 702.71
148.00 732.43
148.50 620.45
149.00 474.08
149.50 113.40
150.00 687.98
150.50 767.68
151.00 806.46
151.50 669.95
152.00 405.49
152.50 712.86
153.00 757.76
153.50 698.80
154.00 817.72
154.50 744.41
155.00 699.26
155.50 716.14
156.00 691.76
156.50 742.06
157.00 715.59
157.50 739.47
158.00 668.49
158.50 704.11
159.00 722.78
159.50 727.41
160.00 733.57
160.50 747.71
161.00 732.69
161.50 727.62
162.00 712.72
162.50 728.45
163.00 733.59
163.50 758.55
164.00 740.27
164.50 707.43
165.00 748.58
165.50 759.73
166.00 853.96
166.50 869.57
167.00 833.60
167.50 829.25
168.00 788.54
168.50 698.50
169.00 684.20
169.50 704.80
170.00 701.92
170.50 662.02
171.00 790.83
171.50 749.17
172.00 727.93
172.50 741.33
173.00 815.03
173.50 867.57
174.00 827.37
174.50 207.43
175.00 414.43
175.50 273.33
176.00 451.03
176.50 0.00
177.00 0.00
177.50 0.00
178.00 634.33
178.50 838.93
179.00 790.07
179.50 530.15
180.00 364.37
180.50 476.95
181.00 663.15
181.50 710.45
182.00 362.64
182.50 0.00
183.00 494.00
183.50 601.27
184.00 760.65
184.50 736.96
185.00 838.15
185.50 803.30
186.00 841.34
186.50 861.06
187.00 755.89
187.50 706.85
188.00 831.80
188.50 839.44
189.00 868.02
189.50 428.90
190.00 778.29
190.50 724.11
191.00 777.31
191.50 770.28
192.00 351.11
192.50 858.63
193.00 845.25
193.50 823.85
194.00 836.85
194.50 856.33
195.00 646.06
195.50 742.87
196.00 676.86
196.50 732.24
197.00 540.53
197.50 731.91
198.00 420.61
198.50 718.81
199.00 712.44
199.50 680.64
200.00 648.18
200.50 749.41
201.00 820.60
201.50 469.56
202.00 755.55
202.50 760.30
203.00 808.34
203.50 890.58
204.00 730.55
204.50 735.20
205.00 701.56
205.50 720.18
206.00 749.19
206.50 736.30
207.00 682.96
207.50 880.09
208.00 287.32
208.50 545.88
209.00 900.00
209.50 835.21
210.00 808.68
210.50 676.23
211.00 707.86
211.50 745.64
212.00 729.42
212.50 698.45
213.00 719.32
213.50 721.78
214.00 714.67
214.50 718.67
215.00 673.47
215.50 719.86
216.00 664.59
216.50 747.57
217.00 755.97
217.50 779.51
218.00 733.57
218.50 724.73
219.00 699.95
219.50 737.87
220.00 712.91
220.50 714.18
221.00 693.73
221.50 717.74
222.00 762.37
222.50 718.61
223.00 817.22
223.50 747.36
224.00 689.14
224.50 696.20
225.00 635.99
225.50 729.17
226.00 736.73
226.50 130.66
227.00 749.56
227.50 734.63
228.00 650.33
228.50 168.93
229.00 601.71
229.50 9.22
230.00 774.45
230.50 693.54
231.00 729.75
231.50 718.79
232.00 818.44
232.50 706.15
233.00 855.72
233.50 698.49
234.00 777.65
234.50 900.00
235.00 796.66
235.50 683.29
236.00 773.76
236.50 686.73
237.00 723.13
237.50 838.50
238.00 818.47
238.50 845.58
239.00 858.73
239.50 854.51
240.00 835.47
240.50 858.77
241.00 895.41
241.50 730.45
242.00 849.33
242.50 705.58
243.00 712.06
243.50 731.57
244.00 802.66
244.50 728.99
245.00 736.33
245.50 687.82
246.00 663.22
246.50 685.52
247.00 828.45
247.50 862.95
248.00 709.50
248.50 862.79
249.00 822.20
249.50 814.59
250.00 683.17
250.50 811.99
251.00 664.29
251.50 236.35
252.00 779.38
252.50 755.37
253.00 739.02
253.50 630.47
254.00 3.64
254.50 1.13
255.00 353.09
255.50 829.43
256.00 721.20
256.50 705.24
257.00 667.50
257.50 658.85
258.00 696.30
258.50 790.06
259.00 711.03
259.50 659.06
260.00 802.98
260.50 765.49
261.00 721.25
261.50 713.04
262.00 728.76
262.50 713.27
263.00 759.11
263.50 765.59
264.00 242.99
264.50 728.56
265.00 787.38
265.50 706.43
266.00 836.68
266.50 845.17
267.00 855.89
267.50 864.42
268.00 779.44
268.50 819.25
269.00 402.00
269.50 163.06
270.00 15.03
270.50 5.47
271.00 0.00
271.50 5.85
272.00 656.46
272.50 261.20
273.00 685.63
273.50 798.27
274.00 841.06
274.50 707.28
275.00 698.13
275.50 774.40
276.00 695.67
276.50 715.17
277.00 528.21
277.50 538.55
278.00 681.45
278.50 398.00
279.00 678.41
279.50 717.68
280.00 715.22
280.50 689.48
281.00 725.42
281.50 719.80
282.00 751.16
282.50 784.12
283.00 702.70
283.50 684.28
284.00 690.14
284.50 749.09
285.00 809.02
285.50 878.81
286.00 733.06
286.50 778.50
287.00 745.06
287.50 742.16
288.00 788.48
288.50 725.02
289.00 775.70
289.50 758.92
290.00 741.61
290.50 709.00
291.00 724.51
291.50 739.68
292.00 713.67
292.50 674.86
293.00 743.85
293.50 715.89
294.00 717.80
294.50 809.37
295.00 737.01
295.50 900.00
296.00 714.22
296.50 724.84
297.00 85.51
297.50 156.40
298.00 0.00
298.50 2.73
299.00 0.00
299.50 8.60
