0.00 756.87
0.50 771.86
1.00 730.68
1.50 697.00
2.00 739.54
2.50 720.37
3.00 682.32
3.50 678.78
4.00 681.95
4.50 791.78
5.00 717.83
5.50 706.28
6.00 756.87
6.50 844.03
7.00 867.24
7.50 876.39
8.00 817.66
8.50 818.10
9.00 853.17
9.50 259.01
10.00 266.20
10.50 764.09
11.00 742.14
11.50 848.47
12.00 707.31
12.50 85.59
13.00 234.83
13.50 751.26
14.00 712.71
14.50 689.07
15.00 686.22
15.50 660.52
16.00 829.46
16.50 714.38
17.00 689.62
17.50 580.89
18.00 719.62
18.50 897.91
19.00 780.92
19.50 719.68
20.00 849.33
20.50 816.94
21.00 707.16
21.50 808.60
22.00 829.22
22.50 818.61
23.00 667.48
23.50 716.04
24.00 745.57
24.50 870.04
25.00 838.15
25.50 834.72
26.00 870.04
26.50 855.14
27.00 841.35
27.50 742.85
28.00 730.72
28.50 763.80
29.00 776.26
29.50 733.02
30.00 738.89
30.50 707.02
31.00 670.81
31.50 657.59
32.00 725.04
32.50 683.81
33.00 841.58
33.50 132.97
34.00 900.00
34.50 829.02
35.00 705.69
35.50 697.11
36.00 726.88
36.50 800.85
37.00 805.11
37.50 766.87
38.00 822.10
38.50 706.96
39.00 670.57
39.50 875.99
40.00 815.94
40.50 713.81
41.00 664.13
41.50 708.27
42.00 687.31
42.50 777.37
43.00 753.03
43.50 734.25
44.00 759.56
44.50 747.75
45.00 711.61
45.50 708.13
46.00 703.27
46.50 652.85
47.00 790.85
47.50 674.22
48.00 765.83
48.50 728.49
49.00 695.97
49.50 770.38
50.00 748.23
50.50 709.53
51.00 738.66
51.50 707.72
52.00 684.74
52.50 747.05
53.00 782.02
53.50 714.76
54.00 687.88
54.50 762.43
55.00 732.74
55.50 713.15
56.00 742.66
56.50 763.46
57.00 693.61
57.50 332.47
58.00 148.78
58.50 462.01
59.00 750.17
59.50 837.10
60.00 761.93
60.50 724.22
61.00 727.13
61.50 757.01
62.00 730.78
62.50 758.16
63.00 742.84
63.50 713.48
64.00 771.58
64.50 794.00
65.00 710.10
65.50 800.80
66.00 745.61
66.50 702.17
67.00 296.52
67.50 720.39
68.00 741.03
68.50 696.37
69.00 291.96
69.50 344.59
70.00 681.28
70.50 687.88
71.00 729.97
71.50 718.53
72.00 738.51
72.50 749.28
73.00 727.54
73.50 712.57
74.00 720.96
74.50 692.86
75.00 733.45
75.50 730.55
76.00 718.78
76.50 745.36
77.00 807.37
77.50 864.88
78.00 750.01
78.50 774.05
79.00 719.63
79.50 848.57
80.00 751.79
80.50 738.94
81.00 724.83
81.50 721.29
82.00 688.93
82.50 724.02
83.00 740.17
83.50 702.65
84.00 785.31
84.50 731.03
85.00 726.79
85.50 706.45
86.00 686.89
86.50 661.13
87.00 732.59
87.50 735.49
88.00 702.24
88.50 725.05
89.00 734.49
89.50 3.16
90.00 444.29
90.50 501.51
91.00 337.35
91.50 737.48
92.00 781.38
92.50 731.90
93.00 98.32
93.50 106.29
94.00 604.63
94.50 0.00
95.00 514.13
95.50 648.90
96.00 495.47
96.50 352.62
97.00 0.00
97.50 0.00
98.00 11.42
98.50 228.06
99.00 269.10
99.50 290.95
100.00 9.04
100.50 778.30
101.00 410.38
101.50 321.26
102.00 777.38
102.50 759.40
103.00 693.12
103.50 759.16
104.00 760.30
104.50 708.35
105.00 720.31
105.50 685.16
106.00 841.87
106.50 745.78
107.00 701.38
107.50 872.07
108.00 706.19
108.50 701.17
109.00 834.31
109.50 738.76
110.00 697.72
110.50 725.34
111.00 710.41
111.50 701.54
112.00 716.77
112.50 680.45
113.00 673.73
113.50 686.28
114.00 626.95
114.50 738.73
115.00 713.84
115.50 802.89
116.00 680.49
116.50 716.36
117.00 719.23
117.50 689.90
118.00 12.99
118.50 17.44
119.00 485.94
119.50 122.81
120.00 767.28
120.50 346.59
121.00 379.55
121.50 6.55
122.00 774.08
122.50 700.46
123.00 723.62
123.50 685.95
124.00 782.39
124.50 781.89
125.00 731.36
125.50 726.09
126.00 774.41
126.50 694.71
127.00 749.58
127.50 749.23
128.00 772.86
128.50 738.62
129.00 737.17
129.50 704.62
130.00 841.06
130.50 529.05
131.00 532.68
131.50 2.95
132.00 324.97
132.50 250.74
133.00 741.48
133.50 658.53
134.00 714.60
134.50 754.96
135.00 743.74
135.50 781.99
136.00 696.21
136.50 697.38
137.00 349.14
137.50 723.97
138.00 716.62
138.50 649.64
139.00 705.78
139.50 294.06
140.00 406.76
140.50 207.90
141.00 569.33
141.50 727.12
142.00 746.00
142.50 269.56
143.00 5.20
143.50 0.00
144.00 432.50
144.50 7.03
145.00 0.00
145.50 7.04
146.00 0.00
146.50 536.11
147.00 789.99
147.50 838.36
148.00 834.05
148.50 781.68
149.00 860.53
149.50 749.03
150.00 723.46
150.50 707.00
151.00 671.69
151.50 683.14
152.00 709.91
152.50 702.30
153.00 717.11
153.50 717.89
154.00 714.38
154.50 741.65
155.00 717.17
155.50 679.47
156.00 711.64
156.50 701.52
157.00 775.08
157.50 652.53
158.00 692.23
158.50 857.33
159.00 705.18
159.50 762.70
160.00 793.03
160.50 612.32
161.00 705.97
161.50 711.94
162.00 704.00
162.50 747.72
163.00 842.57
163.50 754.40
164.00 154.53
164.50 1.26
165.00 9.41
165.50 318.78
166.00 786.32
166.50 709.97
167.00 691.67
167.50 684.66
168.00 700.50
168.50 754.41
169.00 702.41
169.50 708.63
170.00 719.84
170.50 697.69
171.00 729.25
171.50 708.14
172.00 697.95
172.50 720.03
173.00 736.04
173.50 754.57
174.00 652.82
174.50 833.19
175.00 807.90
175.50 691.13
176.00 588.67
176.50 731.96
177.00 719.12
177.50 688.98
178.00 617.50
178.50 821.25
179.00 711.67
179.50 723.77
180.00 752.28
180.50 783.69
181.00 744.85
181.50 679.88
182.00 488.49
182.50 435.30
183.00 713.37
183.50 726.05
184.00 826.33
184.50 769.27
185.00 702.71
185.50 732.11
186.00 702.16
186.50 719.08
187.00 693.28
187.50 746.01
188.00 672.15
188.50 749.96
189.00 862.24
189.50 765.71
190.00 730.45
190.50 675.15
191.00 688.82
191.50 833.47
192.00 447.01
192.50 252.23
193.00 527.90
193.50 132.74
194.00 786.15
194.50 750.83
195.00 876.29
195.50 730.50
196.00 752.88
196.50 830.25
197.00 698.83
197.50 718.49
198.00 760.10
198.50 697.87
199.00 757.93
199.50 749.97
200.00 752.59
200.50 698.43
201.00 685.99
201.50 730.68
202.00 736.30
202.50 697.58
203.00 776.73
203.50 741.89
204.00 735.19
204.50 709.90
205.00 702.58
205.50 772.88
206.00 147.95
206.50 741.21
207.00 734.04
207.50 746.70
208.00 227.08
208.50 721.18
209.00 131.07
209.50 733.74
210.00 624.12
210.50 13.08
211.00 18.91
211.50 8.32
212.00 16.32
212.50 0.00
213.00 181.15
213.50 664.11
214.00 774.38
214.50 701.54
215.00 856.51
215.50 744.09
216.00 839.01
216.50 652.78
217.00 725.59
217.50 799.87
218.00 715.64
218.50 709.53
219.00 756.87
219.50 735.97
220.00 705.15
220.50 797.38
221.00 720.40
221.50 722.70
222.00 734.26
222.50 746.53
223.00 734.50
223.50 696.03
224.00 724.48
224.50 719.53
225.00 754.63
225.50 682.82
226.00 719.78
226.50 714.05
227.00 712.47
227.50 772.20
228.00 734.59
228.50 731.09
229.00 756.38
229.50 724.49
230.00 741.32
230.50 779.55
231.00 49.32
231.50 776.86
232.00 815.59
232.50 844.02
233.00 838.39
233.50 5.39
234.00 130.65
234.50 42.65
235.00 775.17
235.50 759.42
236.00 643.52
236.50 721.98
237.00 684.39
237.50 686.14
238.00 743.01
238.50 736.36
239.00 757.97
239.50 701.11
240.00 802.11
240.50 680.93
241.00 776.03
241.50 693.79
242.00 707.66
242.50 707.54
243.00 730.94
243.50 886.17
244.00 806.39
244.50 276.71
245.00 490.36
245.50 719.05
246.00 715.39
246.50 782.58
247.00 814.34
247.50 792.17
248.00 726.87
248.50 714.90
249.00 803.24
249.50 677.98
250.00 697.00
250.50 723.69
251.00 742.84
251.50 700.96
252.00 386.77
252.50 781.45
253.00 704.19
253.50 838.17
254.00 765.36
254.50 692.03
255.00 727.13
255.50 709.92
256.00 761.89
256.50 743.61
257.00 705.21
257.50 723.84
258.00 695.25
258.50 727.03
259.00 764.79
259.50 645.59
260.00 721.93
260.50 739.17
261.00 737.34
261.50 735.73
262.00 709.18
262.50 752.70
263.00 353.65
263.50 679.17
264.00 749.17
264.50 799.06
265.00 796.85
265.50 739.45
266.00 714.75
266.50 715.54
267.00 737.26
267.50 711.55
268.00 747.99
268.50 747.99
269.00 769.43
269.50 714.23
270.00 746.87
270.50 661.93
271.00 731.87
271.50 725.95
272.00 701.30
272.50 696.71
273.00 734.24
273.50 727.69
274.00 726.07
274.50 750.62
275.00 341.82
275.50 873.63
276.00 831.43
276.50 841.10
277.00 582.10
277.50 407.10
278.00 184.33
278.50 720.62
279.00 705.00
279.50 745.39
280.00 709.96
280.50 647.03
281.00 757.97
281.50 563.54
282.00 713.86
282.50 734.60
283.00 690.45
283.50 718.60
284.00 684.20
284.50 723.80
285.00 876.34
285.50 730.18
286.00 811.14
286.50 712.10
287.00 715.56
287.50 782.93
288.00 738.11
288.50 698.81
289.00 697.97
289.50 687.61
290.00 698.82
290.50 691.77
291.00 719.15
291.50 793.14
292.00 703.39
292.50 713.20
293.00 722.42
293.50 689.31
294.00 699.31
294.50 773.17
295.00 741.95
295.50 753.13
296.00 730.41
296.50 693.81
297.00 769.78
297.50 724.17
298.00 673.43
298.50 683.66
299.00 727.45
299.50 794.95
