0.00 725.12
0.50 754.49
1.00 718.87
1.50 739.77
2.00 756.42
2.50 728.89
3.00 749.94
3.50 760.41
4.00 706.19
4.50 844.05
5.00 768.29
5.50 811.11
6.00 712.54
6.50 731.22
7.00 706.56
7.50 714.31
8.00 740.44
8.50 780.45
9.00 755.99
9.50 789.93
10.00 761.89
10.50 701.66
11.00 736.61
11.50 716.01
12.00 744.80
12.50 723.66
13.00 719.63
13.50 745.81
14.00 739.98
14.50 741.34
15.00 689.81
15.50 717.52
16.00 704.00
16.50 701.17
17.00 747.68
17.50 740.46
18.00 836.97
18.50 709.53
19.00 656.91
19.50 799.27
20.00 872.51
20.50 718.34
21.00 720.83
21.50 700.38
22.00 685.06
22.50 779.29
23.00 863.66
23.50 785.92
24.00 745.82
24.50 806.31
25.00 829.28
25.50 691.78
26.00 733.13
26.50 691.97
27.00 733.17
27.50 852.98
28.00 756.46
28.50 756.32
29.00 765.37
29.50 816.79
30.00 721.27
30.50 680.86
31.00 737.37
31.50 746.88
32.00 856.62
32.50 708.20
33.00 817.21
33.50 724.40
34.00 393.74
34.50 0.00
35.00 0.00
35.50 9.06
36.00 708.69
36.50 666.72
37.00 782.75
37.50 829.30
38.00 125.78
38.50 724.38
39.00 705.54
39.50 717.43
40.00 732.61
40.50 771.37
41.00 722.18
41.50 739.79
42.00 730.10
42.50 730.32
43.00 693.56
43.50 770.02
44.00 698.76
44.50 722.47
45.00 738.20
45.50 759.69
46.00 739.38
46.50 703.18
47.00 777.06
47.50 748.48
48.00 722.80
48.50 690.24
49.00 776.04
49.50 831.52
50.00 679.10
50.50 720.83
51.00 820.61
51.50 695.46
52.00 692.11
52.50 379.91
53.00 828.95
53.50 868.69
54.00 842.39
54.50 727.15
55.00 720.30
55.50 733.23
56.00 725.13
56.50 757.76
57.00 705.75
57.50 303.62
58.00 469.32
58.50 310.60
59.00 749.44
59.50 742.43
60.00 843.69
60.50 741.22
61.00 729.56
61.50 219.52
62.00 425.33
62.50 652.76
63.00 784.10
63.50 834.46
64.00 772.95
64.50 848.15
65.00 825.93
65.50 818.48
66.00 71.32
66.50 9.07
67.00 9.04
67.50 4.99
68.00 14.34
68.50 422.74
69.00 213.87
69.50 418.12
70.00 702.47
70.50 695.91
71.00 727.39
71.50 865.21
72.00 816.72
72.50 170.00
73.00 806.22
73.50 550.62
74.00 114.81
74.50 705.56
75.00 727.76
75.50 743.52
76.00 785.05
76.50 773.75
77.00 726.96
77.50 727.44
78.00 690.56
78.50 723.95
79.00 727.19
79.50 779.47
80.00 774.87
80.50 728.14
81.00 743.89
81.50 747.16
82.00 749.49
82.50 751.36
83.00 723.63
83.50 730.67
84.00 675.64
84.50 697.12
85.00 737.98
85.50 738.24
86.00 729.74
86.50 713.03
87.00 707.20
87.50 738.24
88.00 699.96
88.50 714.90
89.00 743.34
89.50 735.58
90.00 736.38
90.50 745.55
91.00 714.49
91.50 809.29
92.00 812.63
92.50 724.48
93.00 822.93
93.50 781.10
94.00 794.49
94.50 688.21
95.00 727.59
95.50 671.35
96.00 737.30
96.50 452.55
97.00 737.42
97.50 704.88
98.00 701.68
98.50 792.91
99.00 835.32
99.50 794.01
100.00 810.26
100.50 740.64
101.00 719.39
101.50 737.37
102.00 728.57
102.50 693.98
103.00 713.95
103.50 748.83
104.00 741.54
104.50 740.32
105.00 816.62
105.50 726.87
106.00 714.95
106.50 692.14
107.00 694.68
107.50 741.63
108.00 716.26
108.50 706.71
109.00 737.52
109.50 696.79
110.00 692.98
110.50 697.00
111.00 734.61
111.50 721.14
112.00 761.47
112.50 754.75
113.00 746.22
113.50 733.03
114.00 767.11
114.50 764.44
115.00 714.98
115.50 778.37
116.00 773.04
116.50 771.29
117.00 735.19
117.50 713.65
118.00 747.54
118.50 774.12
119.00 740.82
119.50 720.21
120.00 738.75
120.50 710.88
121.00 754.59
121.50 733.37
122.00 756.65
122.50 727.43
123.00 718.08
123.50 751.65
124.00 766.37
124.50 761.45
125.00 723.60
125.50 767.92
126.00 760.93
126.50 726.08
127.00 753.65
127.50 696.04
128.00 720.91
128.50 736.94
129.00 760.82
129.50 754.01
130.00 732.08
130.50 686.51
131.00 768.40
131.50 796.24
132.00 779.78
132.50 847.47
133.00 883.44
133.50 846.71
134.00 715.66
134.50 744.62
135.00 617.69
135.50 845.80
136.00 737.08
136.50 665.15
137.00 673.02
137.50 741.40
138.00 721.76
138.50 754.08
139.00 741.22
139.50 715.61
140.00 743.71
140.50 726.66
141.00 748.49
141.50 720.34
142.00 721.04
142.50 672.29
143.00 744.63
143.50 772.92
144.00 708.26
144.50 750.92
145.00 709.27
145.50 705.23
146.00 726.85
146.50 780.35
147.00 764.93
147.50 740.94
148.00 746.32
148.50 733.98
149.00 763.86
149.50 837.90
150.00 822.95
150.50 782.73
151.00 793.16
151.50 775.57
152.00 700.92
152.50 684.07
153.00 750.55
153.50 698.76
154.00 689.94
154.50 705.09
155.00 818.83
155.50 733.46
156.00 742.09
156.50 729.76
157.00 758.45
157.50 718.64
158.00 696.88
158.50 682.55
159.00 708.94
159.50 772.34
160.00 740.12
160.50 688.37
161.00 706.41
161.50 775.38
162.00 745.94
162.50 699.62
163.00 723.57
163.50 742.26
164.00 716.85
164.50 721.11
165.00 716.22
165.50 765.45
166.00 730.05
166.50 759.04
167.00 697.90
167.50 179.18
168.00 323.01
168.50 277.11
169.00 24.84
169.50 740.65
170.00 767.89
170.50 701.11
171.00 816.34
171.50 0.00
172.00 671.33
172.50 384.97
173.00 5.43
173.50 17.64
174.00 2.40
174.50 16.81
175.00 432.01
175.50 587.39
176.00 766.38
176.50 683.91
177.00 736.04
177.50 736.06
178.00 747.70
178.50 742.64
179.00 704.16
179.50 749.27
180.00 784.39
180.50 674.49
181.00 690.98
181.50 652.43
182.00 700.31
182.50 763.39
183.00 645.24
183.50 778.58
184.00 754.83
184.50 741.75
185.00 738.52
185.50 745.69
186.00 758.46
186.50 708.00
187.00 739.40
187.50 708.64
188.00 723.67
188.50 777.68
189.00 259.58
189.50 438.24
190.00 713.02
190.50 700.36
191.00 755.11
191.50 785.14
192.00 824.34
192.50 844.02
193.00 738.94
193.50 757.93
194.00 855.24
194.50 746.23
195.00 728.81
195.50 723.30
196.00 760.00
196.50 762.54
197.00 748.36
197.50 722.34
198.00 697.28
198.50 731.63
199.00 761.50
199.50 712.17
200.00 734.56
200.50 706.03
201.00 734.77
201.50 663.04
202.00 725.09
202.50 747.53
203.00 706.43
203.50 721.42
204.00 711.65
204.50 732.26
205.00 689.00
205.50 267.91
206.00 742.97
206.50 741.64
207.00 729.71
207.50 794.49
208.00 754.02
208.50 731.76
209.00 663.01
209.50 801.34
210.00 759.03
210.50 756.65
211.00 270.80
211.50 900.00
212.00 304.03
212.50 301.57
213.00 522.94
213.50 594.97
214.00 727.93
214.50 582.83
215.00 207.44
215.50 749.34
216.00 800.33
216.50 716.90
217.00 734.14
217.50 720.27
218.00 764.33
218.50 768.76
219.00 692.79
219.50 728.85
220.00 739.12
220.50 785.23
221.00 661.42
221.50 766.79
222.00 717.27
222.50 695.51
223.00 785.74
223.50 679.15
224.00 868.18
224.50 756.94
225.00 722.18
225.50 701.96
226.00 705.71
226.50 699.93
227.00 718.77
227.50 856.72
228.00 822.64
228.50 325.64
229.00 693.06
229.50 729.26
230.00 694.43
230.50 708.42
231.00 686.85
231.50 829.58
232.00 723.32
232.50 685.68
233.00 767.84
233.50 801.90
234.00 754.91
234.50 766.39
235.00 852.96
235.50 798.02
236.00 721.60
236.50 837.64
237.00 739.42
237.50 857.58
238.00 726.56
238.50 700.98
239.00 723.29
239.50 220.86
240.00 376.97
240.50 364.16
241.00 218.19
241.50 780.33
242.00 668.41
242.50 728.10
243.00 392.93
243.50 413.66
244.00 652.99
244.50 25.84
245.00 30.01
245.50 244.90
246.00 682.75
246.50 828.77
247.00 825.10
247.50 767.77
248.00 196.08
248.50 780.23
249.00 725.42
249.50 678.16
250.00 718.90
250.50 714.91
251.00 752.08
251.50 535.42
252.00 453.39
252.50 0.00
253.00 740.34
253.50 781.07
254.00 710.88
254.50 786.13
255.00 271.09
255.50 27.26
256.00 0.00
256.50 0.00
257.00 14.93
257.50 15.94
258.00 10.48
258.50 19.54
259.00 649.31
259.50 534.86
260.00 390.89
260.50 404.80
261.00 717.10
261.50 852.40
262.00 834.24
262.50 834.70
263.00 847.15
263.50 806.03
264.00 833.53
264.50 840.92
265.00 886.41
265.50 852.89
266.00 838.48
266.50 298.63
267.00 792.22
267.50 687.48
268.00 668.13
268.50 317.18
269.00 7.44
269.50 5.07
270.00 338.95
270.50 39.54
271.00 720.97
271.50 30.61
272.00 788.00
272.50 262.36
273.00 340.77
273.50 4.72
274.00 900.00
274.50 0.52
275.00 2.36
275.50 9.44
276.00 244.15
276.50 716.62
277.00 769.78
277.50 900.00
278.00 702.75
278.50 725.51
279.00 748.59
279.50 676.40
280.00 760.26
280.50 694.77
281.00 746.95
281.50 748.34
282.00 720.21
282.50 752.21
283.00 720.12
283.50 729.71
284.00 718.51
284.50 697.00
285.00 673.38
285.50 663.07
286.00 696.24
286.50 705.14
287.00 703.56
287.50 723.90
288.00 692.24
288.50 741.38
289.00 742.88
289.50 704.60
290.00 740.67
290.50 708.42
291.00 758.92
291.50 716.93
292.00 728.15
292.50 766.55
293.00 736.28
293.50 789.30
294.00 747.02
294.50 758.75
295.00 794.90
295.50 84.32
296.00 292.80
296.50 166.37
297.00 15.95
297.50 378.26
298.00 138.69
298.50 473.96
299.00 300.95
299.50 9.06
