0.00 762.43
0.50 746.31
1.00 724.66
1.50 763.06
2.00 633.64
2.50 713.08
3.00 855.40
3.50 661.22
4.00 845.14
4.50 847.36
5.00 872.80
5.50 733.78
6.00 559.60
6.50 451.48
7.00 339.12
7.50 757.22
8.00 444.20
8.50 741.01
9.00 780.45
9.50 656.31
10.00 814.09
10.50 748.63
11.00 660.03
11.50 880.51
12.00 825.67
12.50 876.38
13.00 797.17
13.50 847.33
14.00 863.81
14.50 860.06
15.00 846.02
15.50 868.52
16.00 704.46
16.50 782.06
17.00 747.29
17.50 793.45
18.00 682.97
18.50 749.45
19.00 696.07
19.50 736.76
20.00 772.84
20.50 729.10
21.00 695.65
21.50 728.50
22.00 728.35
22.50 683.93
23.00 752.98
23.50 705.41
24.00 689.71
24.50 732.11
25.00 748.19
25.50 737.66
26.00 707.00
26.50 761.07
27.00 705.37
27.50 748.34
28.00 721.16
28.50 702.33
29.00 741.63
29.50 706.55
30.00 728.19
30.50 729.02
31.00 755.96
31.50 751.40
32.00 675.11
32.50 0.82
33.00 1.68
33.50 558.79
34.00 184.65
34.50 643.93
35.00 753.30
35.50 751.38
36.00 636.04
36.50 683.38
37.00 713.66
37.50 885.45
38.00 702.91
38.50 882.34
39.00 669.59
39.50 732.93
40.00 785.91
40.50 752.39
41.00 900.00
41.50 687.34
42.00 755.25
42.50 773.21
43.00 726.18
43.50 699.28
44.00 742.94
44.50 774.68
45.00 767.28
45.50 763.59
46.00 721.44
46.50 708.10
47.00 772.33
47.50 699.64
48.00 705.78
48.50 767.66
49.00 751.40
49.50 702.71
50.00 731.85
50.50 751.04
51.00 708.03
51.50 744.19
52.00 717.22
52.50 683.50
53.00 715.41
53.50 693.46
54.00 687.40
54.50 724.10
55.00 704.92
55.50 760.98
56.00 700.44
56.50 678.18
57.00 817.56
57.50 713.50
58.00 697.71
58.50 700.05
59.00 670.81
59.50 13.40
60.00 470.30
60.50 12.38
61.00 9.03
61.50 28.57
62.00 0.00
62.50 2.55
63.00 1.61
63.50 689.84
64.00 755.57
64.50 716.90
65.00 746.36
65.50 781.17
66.00 788.49
66.50 760.02
67.00 732.04
67.50 758.09
68.00 94.22
68.50 11.52
69.00 0.00
69.50 6.23
70.00 18.14
70.50 522.73
71.00 196.83
71.50 481.85
72.00 729.87
72.50 769.27
73.00 679.75
73.50 666.95
74.00 230.17
74.50 133.82
75.00 0.00
75.50 653.82
76.00 715.44
76.50 757.33
77.00 280.54
77.50 398.97
78.00 1.18
78.50 228.46
79.00 275.14
79.50 755.64
80.00 744.06
80.50 747.99
81.00 744.05
81.50 753.74
82.00 740.34
82.50 702.49
83.00 688.54
83.50 756.57
84.00 691.71
84.50 764.59
85.00 706.86
85.50 686.19
86.00 716.31
86.50 768.93
87.00 693.01
87.50 713.35
88.00 692.74
88.50 696.89
89.00 784.71
89.50 715.03
90.00 735.65
90.50 715.34
91.00 759.93
91.50 751.48
92.00 769.00
92.50 700.30
93.00 735.48
93.50 742.47
94.00 739.94
94.50 725.82
95.00 733.02
95.50 752.98
96.00 740.17
96.50 744.50
97.00 714.36
97.50 738.80
98.00 721.22
98.50 758.45
99.00 731.80
99.50 685.50
100.00 764.82
100.50 392.84
101.00 285.39
101.50 154.59
102.00 859.19
102.50 820.73
103.00 749.03
103.50 830.88
104.00 685.45
104.50 815.38
105.00 798.63
105.50 820.21
106.00 697.41
106.50 694.86
107.00 838.83
107.50 848.89
108.00 834.53
108.50 825.44
109.00 823.19
109.50 816.70
110.00 830.47
110.50 853.99
111.00 766.18
111.50 762.06
112.00 817.31
112.50 730.56
113.00 752.26
113.50 724.51
114.00 732.25
114.50 733.44
115.00 678.13
115.50 726.85
116.00 741.88
116.50 160.56
117.00 274.15
117.50 700.06
118.00 728.21
118.50 751.91
119.00 715.82
119.50 713.79
120.00 771.81
120.50 642.53
121.00 431.29
121.50 474.28
122.00 546.32
122.50 720.27
123.00 763.89
123.50 803.28
124.00 743.04
124.50 720.12
125.00 692.13
125.50 773.57
126.00 761.06
126.50 738.51
127.00 732.17
127.50 731.54
128.00 695.66
128.50 681.59
129.00 751.49
129.50 775.79
130.00 723.39
130.50 770.77
131.00 755.02
131.50 709.51
132.00 730.21
132.50 722.40
133.00 722.57
133.50 893.57
134.00 734.88
134.50 791.06
135.00 842.58
135.50 722.01
136.00 706.09
136.50 653.52
137.00 700.34
137.50 732.64
138.00 662.61
138.50 739.47
139.00 695.55
139.50 709.31
140.00 695.32
140.50 332.22
141.00 711.66
141.50 796.31
142.00 792.93
142.50 730.35
143.00 697.27
143.50 723.11
144.00 712.64
144.50 787.38
145.00 791.60
145.50 736.07
146.00 712.32
146.50 854.36
147.00 725.53
147.50 490.75
148.00 749.70
148.50 770.24
149.00 769.02
149.50 689.55
150.00 686.59
150.50 731.15
151.00 746.37
151.50 705.26
152.00 707.44
152.50 741.92
153.00 747.03
153.50 649.65
154.00 680.72
154.50 728.08
155.00 749.56
155.50 709.39
156.00 686.13
156.50 730.08
157.00 865.92
157.50 820.01
158.00 706.97
158.50 644.27
159.00 718.20
159.50 749.98
160.00 762.91
160.50 749.58
161.00 751.07
161.50 709.45
162.00 711.13
162.50 716.70
163.00 755.43
163.50 764.02
164.00 760.08
164.50 759.98
165.00 738.22
165.50 733.90
166.00 736.75
166.50 754.49
167.00 751.67
167.50 733.96
168.00 697.89
168.50 736.53
169.00 719.86
169.50 675.50
170.00 830.67
170.50 870.66
171.00 858.19
171.50 691.71
172.00 689.85
172.50 756.51
173.00 775.52
173.50 770.92
174.00 751.01
174.50 694.14
175.00 711.42
175.50 720.47
176.00 275.32
176.50 285.94
177.00 143.38
177.50 240.14
178.00 851.94
178.50 859.40
179.00 836.27
179.50 847.67
180.00 865.84
180.50 680.14
181.00 676.16
181.50 714.86
182.00 725.67
182.50 710.46
183.00 744.49
183.50 746.04
184.00 721.93
184.50 702.43
185.00 735.05
185.50 403.35
186.00 705.83
186.50 678.56
187.00 841.17
187.50 831.78
188.00 832.38
188.50 700.70
189.00 714.41
189.50 705.47
190.00 697.63
190.50 757.37
191.00 708.79
191.50 787.75
192.00 746.94
192.50 755.09
193.00 846.12
193.50 849.48
194.00 898.42
194.50 887.23
195.00 685.09
195.50 310.32
196.00 37.21
196.50 675.77
197.00 773.09
197.50 725.54
198.00 647.10
198.50 694.02
199.00 743.18
199.50 835.75
200.00 798.82
200.50 872.69
201.00 856.82
201.50 846.24
202.00 837.85
202.50 848.31
203.00 829.52
203.50 843.22
204.00 740.63
204.50 709.17
205.00 722.75
205.50 707.95
206.00 811.88
206.50 763.11
207.00 825.28
207.50 801.80
208.00 292.52
208.50 342.14
209.00 690.51
209.50 751.54
210.00 696.37
210.50 771.80
211.00 729.08
211.50 712.76
212.00 720.72
212.50 705.72
213.00 710.80
213.50 669.09
214.00 764.40
214.50 711.30
215.00 738.49
215.50 715.51
216.00 718.73
216.50 682.46
217.00 711.65
217.50 833.96
218.00 730.12
218.50 844.28
219.00 880.29
219.50 306.44
220.00 749.24
220.50 793.66
221.00 737.17
221.50 758.82
222.00 771.25
222.50 723.97
223.00 730.79
223.50 777.64
224.00 761.58
224.50 704.15
225.00 755.21
225.50 754.20
226.00 789.29
226.50 713.34
227.00 703.92
227.50 861.26
228.00 879.83
228.50 841.15
229.00 723.85
229.50 790.79
230.00 833.57
230.50 578.87
231.00 689.76
231.50 697.28
232.00 718.43
232.50 701.84
233.00 665.17
233.50 700.02
234.00 638.39
234.50 827.45
235.00 771.60
235.50 651.54
236.00 690.82
236.50 702.61
237.00 697.78
237.50 733.36
238.00 712.16
238.50 751.70
239.00 851.81
239.50 893.78
240.00 690.47
240.50 753.79
241.00 750.61
241.50 723.45
242.00 753.42
242.50 750.67
243.00 703.15
243.50 704.40
244.00 740.34
244.50 710.20
245.00 772.47
245.50 710.08
246.00 896.23
246.50 868.00
247.00 706.10
247.50 688.64
248.00 689.29
248.50 755.98
249.00 670.89
249.50 715.44
250.00 737.94
250.50 733.92
251.00 764.36
251.50 704.92
252.00 844.65
252.50 881.79
253.00 819.55
253.50 858.54
254.00 822.80
254.50 893.82
255.00 835.64
255.50 827.23
256.00 833.27
256.50 694.74
257.00 712.79
257.50 825.09
258.00 861.10
258.50 685.90
259.00 690.44
259.50 712.80
260.00 723.84
260.50 738.66
261.00 722.95
261.50 799.55
262.00 735.06
262.50 807.53
263.00 709.93
263.50 836.30
264.00 717.50
264.50 722.91
265.00 751.50
265.50 728.77
266.00 748.52
266.50 742.10
267.00 754.51
267.50 692.79
268.00 720.04
268.50 751.88
269.00 720.37
269.50 747.10
270.00 728.54
270.50 749.41
271.00 694.50
271.50 760.56
272.00 776.76
272.50 747.75
273.00 31.99
273.50 331.53
274.00 549.50
274.50 622.07
275.00 131.97
275.50 516.78
276.00 798.01
276.50 792.40
277.00 786.89
277.50 279.34
278.00 608.25
278.50 767.56
279.00 771.11
279.50 682.70
280.00 726.81
280.50 703.99
281.00 729.59
281.50 726.51
282.00 796.07
282.50 359.77
283.00 275.20
283.50 573.84
284.00 0.00
284.50 295.89
285.00 15.22
285.50 16.78
286.00 12.90
286.50 761.47
287.00 497.59
287.50 665.94
288.00 802.85
288.50 781.90
289.00 663.09
289.50 706.75
290.00 760.65
290.50 718.50
291.00 700.98
291.50 704.06
292.00 723.03
292.50 697.51
293.00 706.92
293.50 848.17
294.00 845.27
294.50 757.99
295.00 168.82
295.50 458.04
296.00 758.85
296.50 759.29
297.00 197.77
297.50 787.47
298.00 721.87
298.50 706.06
299.00 740.11
299.50 764.48
