0.00 739.07
0.50 756.87
1.00 732.05
1.50 753.61
2.00 692.63
2.50 781.58
3.00 746.55
3.50 729.25
4.00 735.22
4.50 777.53
5.00 714.41
5.50 768.72
6.00 714.55
6.50 691.37
7.00 751.03
7.50 647.42
8.00 762.37
8.50 741.66
9.00 719.26
9.50 701.83
10.00 691.75
10.50 709.41
11.00 749.56
11.50 742.03
12.00 724.64
12.50 818.54
13.00 678.64
13.50 843.76
14.00 818.53
14.50 872.56
15.00 832.36
15.50 835.95
16.00 863.45
16.50 855.28
17.00 867.80
17.50 531.12
18.00 721.48
18.50 717.28
19.00 678.65
19.50 688.51
20.00 821.20
20.50 91.32
21.00 216.22
21.50 748.95
22.00 761.70
22.50 733.35
23.00 711.76
23.50 731.50
24.00 722.64
24.50 853.27
25.00 731.17
25.50 729.65
26.00 621.47
26.50 837.47
27.00 614.73
27.50 580.76
28.00 83.09
28.50 16.27
29.00 12.78
29.50 0.00
30.00 0.12
30.50 422.11
31.00 336.13
31.50 632.66
32.00 376.93
32.50 471.04
33.00 721.75
33.50 833.72
34.00 844.27
34.50 867.07
35.00 872.08
35.50 861.35
36.00 563.67
36.50 609.96
37.00 0.00
37.50 683.22
38.00 776.71
38.50 730.62
39.00 611.52
39.50 604.02
40.00 709.06
40.50 716.09
41.00 886.61
41.50 775.77
42.00 804.72
42.50 861.56
43.00 771.16
43.50 707.21
44.00 742.19
44.50 748.95
45.00 839.33
45.50 848.27
46.00 825.04
46.50 836.79
47.00 823.58
47.50 873.50
48.00 98.10
48.50 511.17
49.00 697.09
49.50 751.81
50.00 699.70
50.50 730.72
51.00 715.16
51.50 740.69
52.00 722.54
52.50 720.48
53.00 733.92
53.50 714.82
54.00 739.53
54.50 735.38
55.00 800.37
55.50 795.97
56.00 797.44
56.50 797.88
57.00 722.23
57.50 7.45
58.00 19.57
58.50 15.20
59.00 635.95
59.50 0.00
60.00 11.20
60.50 0.00
61.00 2.72
61.50 779.65
62.00 730.98
62.50 732.54
63.00 735.74
63.50 765.81
64.00 733.47
64.50 720.25
65.00 743.29
65.50 754.29
66.00 726.13
66.50 722.92
67.00 698.02
67.50 767.42
68.00 767.61
68.50 708.93
69.00 702.53
69.50 734.28
70.00 750.27
70.50 700.36
71.00 704.82
71.50 749.98
72.00 754.59
72.50 775.96
73.00 699.19
73.50 708.81
74.00 714.87
74.50 833.35
75.00 726.49
75.50 736.30
76.00 789.95
76.50 734.47
77.00 720.57
77.50 761.13
78.00 702.73
78.50 747.13
79.00 745.97
79.50 740.67
80.00 727.37
80.50 698.09
81.00 666.23
81.50 702.28
82.00 766.59
82.50 814.72
83.00 749.35
83.50 714.55
84.00 857.19
84.50 861.35
85.00 376.09
85.50 0.00
86.00 670.78
86.50 770.51
87.00 768.45
87.50 895.51
88.00 665.58
88.50 757.61
89.00 740.09
89.50 742.13
90.00 713.25
90.50 709.19
91.00 803.75
91.50 733.67
92.00 700.18
92.50 777.01
93.00 754.11
93.50 733.96
94.00 756.31
94.50 749.32
95.00 688.04
95.50 826.21
96.00 763.82
96.50 719.10
97.00 703.17
97.50 698.31
98.00 656.39
98.50 674.11
99.00 716.75
99.50 132.65
100.00 765.70
100.50 726.79
101.00 785.31
101.50 804.13
102.00 787.96
102.50 663.16
103.00 739.49
103.50 685.58
104.00 713.75
104.50 839.19
105.00 681.32
105.50 703.97
106.00 404.79
106.50 703.34
107.00 712.41
107.50 874.47
108.00 798.83
108.50 754.50
109.00 419.22
109.50 10.10
110.00 606.63
110.50 872.93
111.00 830.27
111.50 751.31
112.00 727.14
112.50 742.94
113.00 729.22
113.50 719.60
114.00 703.95
114.50 759.71
115.00 694.38
115.50 747.64
116.00 745.08
116.50 706.33
117.00 692.00
117.50 683.83
118.00 735.92
118.50 719.47
119.00 710.99
119.50 685.97
120.00 685.91
120.50 900.00
121.00 855.31
121.50 900.00
122.00 679.14
122.50 751.06
123.00 708.20
123.50 751.01
124.00 768.28
124.50 750.49
125.00 725.22
125.50 710.84
126.00 785.48
126.50 734.08
127.00 777.69
127.50 751.29
128.00 746.21
128.50 737.70
129.00 248.05
129.50 71.53
130.00 345.43
130.50 16.19
131.00 0.00
131.50 0.72
132.00 22.99
132.50 267.28
133.00 483.67
133.50 692.49
134.00 653.80
134.50 739.62
135.00 752.88
135.50 767.10
136.00 713.62
136.50 832.80
137.00 837.59
137.50 843.61
138.00 733.49
138.50 765.16
139.00 720.71
139.50 781.02
140.00 766.58
140.50 820.36
141.00 841.84
141.50 846.74
142.00 853.98
142.50 856.55
143.00 820.84
143.50 855.92
144.00 302.08
144.50 296.88
145.00 298.94
145.50 0.86
146.00 0.00
146.50 361.07
147.00 707.45
147.50 188.02
148.00 766.38
148.50 738.58
149.00 735.91
149.50 750.98
150.00 726.33
150.50 726.74
151.00 740.17
151.50 767.21
152.00 734.04
152.50 743.42
153.00 808.95
153.50 738.74
154.00 706.08
154.50 785.04
155.00 767.63
155.50 783.67
156.00 357.59
156.50 0.00
157.00 412.10
157.50 717.49
158.00 720.76
158.50 766.60
159.00 699.81
159.50 743.53
160.00 723.46
160.50 828.63
161.00 743.15
161.50 730.17
162.00 822.80
162.50 855.31
163.00 856.00
163.50 818.55
164.00 0.00
164.50 726.03
165.00 726.35
165.50 705.90
166.00 703.17
166.50 861.62
167.00 863.68
167.50 743.08
168.00 698.04
168.50 690.09
169.00 709.09
169.50 727.04
170.00 729.92
170.50 739.30
171.00 782.75
171.50 715.65
172.00 336.05
172.50 692.32
173.00 783.07
173.50 741.38
174.00 708.73
174.50 706.22
175.00 684.29
175.50 816.86
176.00 887.85
176.50 763.88
177.00 763.60
177.50 716.55
178.00 796.36
178.50 798.03
179.00 842.96
179.50 832.98
180.00 837.43
180.50 704.28
181.00 749.90
181.50 842.15
182.00 709.94
182.50 764.86
183.00 740.96
183.50 718.77
184.00 716.13
184.50 697.48
185.00 757.07
185.50 691.13
186.00 703.10
186.50 745.41
187.00 721.99
187.50 724.18
188.00 780.51
188.50 700.06
189.00 754.80
189.50 751.20
190.00 717.05
190.50 681.45
191.00 746.28
191.50 726.97
192.00 769.21
192.50 741.68
193.00 0.00
193.50 769.43
194.00 126.82
194.50 831.63
195.00 846.45
195.50 734.64
196.00 703.71
196.50 688.02
197.00 832.73
197.50 839.87
198.00 731.93
198.50 760.30
199.00 753.61
199.50 784.96
200.00 711.46
200.50 889.37
201.00 668.25
201.50 673.05
202.00 760.94
202.50 772.23
203.00 711.29
203.50 750.81
204.00 821.95
204.50 839.49
205.00 858.07
205.50 855.57
206.00 0.00
206.50 709.14
207.00 761.02
207.50 741.43
208.00 758.71
208.50 771.15
209.00 781.27
209.50 717.83
210.00 712.36
210.50 853.69
211.00 836.00
211.50 106.08
212.00 609.52
212.50 684.71
213.00 440.09
213.50 105.05
214.00 723.20
214.50 708.14
215.00 758.54
215.50 826.90
216.00 695.53
216.50 701.80
217.00 727.18
217.50 337.36
218.00 758.52
218.50 557.41
219.00 779.11
219.50 737.31
220.00 717.39
220.50 750.02
221.00 729.59
221.50 678.16
222.00 842.18
222.50 867.87
223.00 823.23
223.50 861.55
224.00 728.37
224.50 806.00
225.00 724.09
225.50 692.44
226.00 783.07
226.50 855.74
227.00 864.34
227.50 857.99
228.00 809.41
228.50 851.37
229.00 825.75
229.50 835.28
230.00 886.86
230.50 737.04
231.00 732.09
231.50 714.97
232.00 708.82
232.50 800.63
233.00 802.59
233.50 776.44
234.00 843.24
234.50 727.06
235.00 871.88
235.50 691.83
236.00 693.07
236.50 687.67
237.00 372.56
237.50 706.60
238.00 723.45
238.50 763.39
239.00 735.95
239.50 729.32
240.00 715.41
240.50 518.54
241.00 11.14
241.50 291.27
242.00 776.88
242.50 60.69
243.00 762.72
243.50 684.44
244.00 753.65
244.50 704.70
245.00 689.83
245.50 746.30
246.00 700.09
246.50 763.87
247.00 765.77
247.50 703.14
248.00 718.53
248.50 743.13
249.00 735.55
249.50 725.47
250.00 760.40
250.50 707.52
251.00 740.18
251.50 719.71
252.00 734.16
252.50 734.56
253.00 750.83
253.50 789.37
254.00 723.36
254.50 711.53
255.00 717.22
255.50 729.67
256.00 835.23
256.50 610.90
257.00 900.00
257.50 807.53
258.00 834.08
258.50 763.17
259.00 777.27
259.50 689.01
260.00 900.00
260.50 782.18
261.00 833.15
261.50 728.06
262.00 686.60
262.50 726.24
263.00 691.14
263.50 721.39
264.00 342.81
264.50 755.98
265.00 721.79
265.50 636.88
266.00 712.32
266.50 607.01
267.00 351.44
267.50 506.88
268.00 755.89
268.50 842.03
269.00 695.72
269.50 776.38
270.00 742.36
270.50 752.07
271.00 705.09
271.50 695.64
272.00 789.12
272.50 726.76
273.00 694.27
273.50 755.68
274.00 663.41
274.50 708.61
275.00 721.61
275.50 753.51
276.00 691.02
276.50 728.96
277.00 723.75
277.50 708.44
278.00 900.00
278.50 762.60
279.00 703.32
279.50 706.93
280.00 720.07
280.50 678.17
281.00 718.60
281.50 786.21
282.00 709.46
282.50 766.54
283.00 811.84
283.50 703.87
284.00 756.17
284.50 814.31
285.00 748.37
285.50 794.97
286.00 746.70
286.50 719.10
287.00 790.69
287.50 688.80
288.00 636.51
288.50 775.64
289.00 692.43
289.50 854.73
290.00 254.60
290.50 682.51
291.00 842.94
291.50 715.90
292.00 882.12
292.50 742.26
293.00 755.23
293.50 795.15
294.00 687.61
294.50 742.28
295.00 734.63
295.50 734.30
296.00 765.22
296.50 341.85
297.00 874.57
297.50 814.50
298.00 852.60
298.50 847.53
299.00 711.84
299.50 758.01
