0.00 781.20
0.50 695.73
1.00 774.09
1.50 699.05
2.00 792.90
2.50 799.54
3.00 760.39
3.50 733.78
4.00 728.72
4.50 730.35
5.00 739.35
5.50 708.68
6.00 755.70
6.50 747.15
7.00 786.08
7.50 688.53
8.00 772.49
8.50 761.08
9.00 720.28
9.50 730.93
10.00 692.12
10.50 776.85
11.00 783.24
11.50 34.72
12.00 8.36
12.50 0.00
13.00 9.52
13.50 0.00
14.00 529.03
14.50 0.00
15.00 83.47
15.50 429.90
16.00 0.00
16.50 13.04
17.00 371.41
17.50 704.48
18.00 740.18
18.50 706.79
19.00 776.92
19.50 756.33
20.00 785.65
20.50 674.53
21.00 871.74
21.50 756.31
22.00 780.29
22.50 786.71
23.00 698.29
23.50 698.28
24.00 766.76
24.50 738.93
25.00 713.97
25.50 656.12
26.00 693.74
26.50 714.91
27.00 733.05
27.50 737.57
28.00 701.13
28.50 777.47
29.00 719.80
29.50 752.00
30.00 739.71
30.50 729.87
31.00 691.84
31.50 853.09
32.00 825.73
32.50 820.00
33.00 831.43
33.50 817.21
34.00 851.11
34.50 802.80
35.00 818.97
35.50 857.15
36.00 714.83
36.50 878.88
37.00 892.54
37.50 679.81
38.00 808.79
38.50 763.31
39.00 726.38
39.50 736.32
40.00 761.21
40.50 711.53
41.00 750.36
41.50 714.66
42.00 735.85
42.50 770.15
43.00 765.12
43.50 738.87
44.00 686.80
44.50 722.77
45.00 717.53
45.50 713.94
46.00 737.42
46.50 709.40
47.00 295.66
47.50 494.33
48.00 22.78
48.50 725.61
49.00 772.55
49.50 726.15
50.00 764.56
50.50 735.35
51.00 829.57
51.50 900.00
52.00 821.58
52.50 836.61
53.00 787.65
53.50 838.70
54.00 745.52
54.50 706.87
55.00 708.01
55.50 693.86
56.00 768.22
56.50 683.06
57.00 685.88
57.50 711.32
58.00 708.08
58.50 773.04
59.00 771.96
59.50 688.05
60.00 799.41
60.50 784.84
61.00 771.81
61.50 0.00
62.00 0.00
62.50 5.68
63.00 0.00
63.50 5.92
64.00 4.38
64.50 2.63
65.00 18.31
65.50 27.92
66.00 547.77
66.50 320.76
67.00 0.57
67.50 14.81
68.00 0.00
68.50 0.00
69.00 542.56
69.50 659.34
70.00 700.66
70.50 727.63
71.00 499.40
71.50 900.00
72.00 422.14
72.50 129.56
73.00 52.78
73.50 446.90
74.00 769.99
74.50 422.55
75.00 740.34
75.50 784.60
76.00 806.05
76.50 809.55
77.00 758.16
77.50 723.74
78.00 726.08
78.50 796.64
79.00 760.19
79.50 703.87
80.00 697.65
80.50 675.52
81.00 110.51
81.50 825.23
82.00 823.35
82.50 750.02
83.00 739.79
83.50 716.33
84.00 722.12
84.50 738.30
85.00 846.02
85.50 21.58
86.00 5.94
86.50 19.17
87.00 384.93
87.50 774.23
88.00 644.22
88.50 712.33
89.00 677.14
89.50 624.96
90.00 708.50
90.50 412.21
91.00 755.27
91.50 831.96
92.00 834.52
92.50 814.89
93.00 758.12
93.50 721.89
94.00 738.99
94.50 758.70
95.00 821.24
95.50 850.17
96.00 692.87
96.50 750.79
97.00 745.35
97.50 756.14
98.00 812.39
98.50 836.26
99.00 810.50
99.50 830.45
100.00 272.84
100.50 341.07
101.00 767.90
101.50 759.14
102.00 745.64
102.50 765.11
103.00 209.34
103.50 730.29
104.00 698.00
104.50 758.78
105.00 885.79
105.50 720.23
106.00 731.47
106.50 744.73
107.00 900.00
107.50 745.31
108.00 753.99
108.50 900.00
109.00 795.88
109.50 792.82
110.00 801.69
110.50 779.19
111.00 870.82
111.50 335.90
112.00 0.00
112.50 0.00
113.00 336.99
113.50 10.18
114.00 759.75
114.50 685.00
115.00 739.31
115.50 856.11
116.00 765.28
116.50 681.40
117.00 241.65
117.50 779.25
118.00 704.45
118.50 702.54
119.00 667.13
119.50 0.00
120.00 424.81
120.50 470.39
121.00 517.01
121.50 728.23
122.00 727.62
122.50 710.06
123.00 758.07
123.50 716.75
124.00 722.95
124.50 5.78
125.00 223.70
125.50 652.61
126.00 855.96
126.50 838.99
127.00 859.48
127.50 786.21
128.00 719.08
128.50 708.43
129.00 734.88
129.50 737.86
130.00 755.03
130.50 685.19
131.00 734.82
131.50 769.48
132.00 795.42
132.50 74.69
133.00 843.01
133.50 414.32
134.00 900.00
134.50 735.02
135.00 728.88
135.50 699.42
136.00 814.11
136.50 843.37
137.00 776.94
137.50 743.64
138.00 709.38
138.50 726.82
139.00 748.33
139.50 704.30
140.00 741.59
140.50 819.33
141.00 694.20
141.50 867.96
142.00 682.34
142.50 680.39
143.00 729.41
143.50 711.84
144.00 256.00
144.50 400.71
145.00 826.85
145.50 886.83
146.00 701.31
146.50 742.67
147.00 857.26
147.50 781.28
148.00 775.19
148.50 698.95
149.00 686.87
149.50 769.30
150.00 762.92
150.50 719.59
151.00 723.04
151.50 716.69
152.00 711.47
152.50 743.60
153.00 695.47
153.50 746.23
154.00 675.32
154.50 755.34
155.00 770.56
155.50 727.25
156.00 760.29
156.50 762.84
157.00 749.02
157.50 745.73
158.00 748.12
158.50 688.76
159.00 863.79
159.50 702.76
160.00 828.91
160.50 894.19
161.00 727.12
161.50 729.31
162.00 721.08
162.50 714.68
163.00 750.81
163.50 725.88
164.00 691.12
164.50 728.85
165.00 723.46
165.50 740.35
166.00 744.66
166.50 741.41
167.00 759.16
167.50 706.06
168.00 750.98
168.50 687.09
169.00 690.24
169.50 777.53
170.00 724.76
170.50 691.42
171.00 675.95
171.50 831.78
172.00 802.03
172.50 697.12
173.00 693.96
173.50 720.33
174.00 748.57
174.50 692.29
175.00 773.54
175.50 704.77
176.00 698.88
176.50 699.72
177.00 737.09
177.50 770.10
178.00 680.12
178.50 351.84
179.00 413.04
179.50 400.59
180.00 703.15
180.50 685.54
181.00 751.77
181.50 673.81
182.00 685.59
182.50 719.25
183.00 742.70
183.50 722.66
184.00 714.23
184.50 692.42
185.00 796.45
185.50 727.36
186.00 648.34
186.50 648.18
187.00 726.11
187.50 750.16
188.00 876.87
188.50 730.48
189.00 733.30
189.50 732.00
190.00 339.77
190.50 349.05
191.00 368.69
191.50 824.71
192.00 654.38
192.50 671.24
193.00 816.73
193.50 842.75
194.00 832.28
194.50 818.08
195.00 743.53
195.50 778.19
196.00 729.34
196.50 728.52
197.00 720.33
197.50 722.34
198.00 723.48
198.50 727.43
199.00 721.47
199.50 768.19
200.00 739.77
200.50 724.90
201.00 749.16
201.50 727.54
202.00 722.97
202.50 786.82
203.00 749.25
203.50 735.56
204.00 709.24
204.50 704.42
205.00 714.03
205.50 723.05
206.00 689.44
206.50 685.33
207.00 741.82
207.50 704.89
208.00 753.87
208.50 726.66
209.00 754.95
209.50 743.32
210.00 680.44
210.50 688.16
211.00 732.62
211.50 731.76
212.00 751.09
212.50 780.02
213.00 686.82
213.50 730.73
214.00 767.29
214.50 749.71
215.00 689.81
215.50 732.16
216.00 746.16
216.50 770.63
217.00 731.91
217.50 766.23
218.00 375.43
218.50 898.01
219.00 841.40
219.50 794.26
220.00 803.75
220.50 697.18
221.00 875.12
221.50 824.85
222.00 856.29
222.50 700.22
223.00 707.69
223.50 757.51
224.00 727.38
224.50 772.45
225.00 732.38
225.50 811.69
226.00 813.89
226.50 320.72
227.00 251.45
227.50 125.99
228.00 295.24
228.50 407.58
229.00 425.88
229.50 788.58
230.00 312.63
230.50 255.00
231.00 426.88
231.50 3.36
232.00 580.51
232.50 805.29
233.00 715.73
233.50 805.80
234.00 417.32
234.50 794.20
235.00 704.33
235.50 729.59
236.00 738.46
236.50 727.57
237.00 0.00
237.50 308.77
238.00 178.89
238.50 741.08
239.00 757.86
239.50 745.95
240.00 782.40
240.50 844.60
241.00 841.83
241.50 783.44
242.00 766.16
242.50 665.77
243.00 740.31
243.50 738.16
244.00 736.61
244.50 762.91
245.00 763.17
245.50 703.22
246.00 697.63
246.50 771.69
247.00 745.52
247.50 716.70
248.00 733.83
248.50 707.55
249.00 732.65
249.50 745.90
250.00 694.08
250.50 751.07
251.00 727.49
251.50 749.18
252.00 765.36
252.50 696.07
253.00 694.33
253.50 702.13
254.00 689.38
254.50 683.91
255.00 527.93
255.50 566.48
256.00 809.45
256.50 681.69
257.00 730.14
257.50 706.48
258.00 735.31
258.50 679.55
259.00 748.42
259.50 690.42
260.00 762.00
260.50 733.83
261.00 737.39
261.50 735.58
262.00 692.22
262.50 709.51
263.00 313.79
263.50 490.71
264.00 52.87
264.50 329.23
265.00 863.81
265.50 852.52
266.00 858.04
266.50 827.07
267.00 847.42
267.50 828.73
268.00 855.71
268.50 829.81
269.00 858.02
269.50 815.74
270.00 850.45
270.50 852.69
271.00 828.74
271.50 857.40
272.00 818.23
272.50 851.81
273.00 826.32
273.50 673.44
274.00 177.02
274.50 307.11
275.00 280.73
275.50 833.81
276.00 726.56
276.50 709.12
277.00 697.59
277.50 719.02
278.00 799.87
278.50 720.77
279.00 732.80
279.50 840.93
280.00 842.16
280.50 812.52
281.00 824.49
281.50 828.68
282.00 316.67
282.50 0.00
283.00 478.78
283.50 0.00
284.00 0.00
284.50 6.56
285.00 11.83
285.50 24.12
286.00 555.85
286.50 407.67
287.00 23.97
287.50 0.00
288.00 11.49
288.50 6.87
289.00 674.35
289.50 285.06
290.00 509.29
290.50 487.94
291.00 771.56
291.50 685.62
292.00 679.89
292.50 794.14
293.00 701.84
293.50 745.63
294.00 750.63
294.50 704.54
295.00 719.04
295.50 698.25
296.00 755.49
296.50 677.63
297.00 707.94
297.50 753.08
298.00 653.49
298.50 773.69
299.00 788.39
299.50 730.09
