0.00 751.57
0.50 738.90
1.00 721.77
1.50 748.31
2.00 846.40
2.50 557.43
3.00 333.82
3.50 725.72
4.00 243.74
4.50 377.54
5.00 751.05
5.50 841.93
6.00 689.67
6.50 607.33
7.00 773.80
7.50 705.59
8.00 752.61
8.50 677.42
9.00 900.00
9.50 849.39
10.00 668.34
10.50 620.66
11.00 782.03
11.50 753.23
12.00 697.59
12.50 753.23
13.00 719.69
13.50 888.13
14.00 743.24
14.50 752.89
15.00 741.68
15.50 703.91
16.00 795.83
16.50 841.92
17.00 888.75
17.50 745.34
18.00 724.06
18.50 724.51
19.00 745.66
19.50 749.99
20.00 669.11
20.50 699.12
21.00 827.41
21.50 752.45
22.00 747.38
22.50 734.82
23.00 750.08
23.50 736.73
24.00 718.43
24.50 689.15
25.00 760.21
25.50 719.84
26.00 683.60
26.50 767.93
27.00 729.42
27.50 720.53
28.00 707.61
28.50 740.48
29.00 697.48
29.50 717.71
30.00 698.01
30.50 728.39
31.00 744.01
31.50 417.96
32.00 785.80
32.50 726.48
33.00 719.21
33.50 697.42
34.00 685.17
34.50 671.63
35.00 730.49
35.50 733.37
36.00 835.82
36.50 870.35
37.00 811.06
37.50 866.28
38.00 682.47
38.50 15.10
39.00 0.00
39.50 14.95
40.00 564.77
40.50 258.87
41.00 246.52
41.50 26.94
42.00 8.02
42.50 0.00
43.00 343.41
43.50 763.89
44.00 782.33
44.50 408.41
45.00 787.08
45.50 204.35
46.00 784.90
46.50 787.20
47.00 0.00
47.50 727.25
48.00 762.49
48.50 736.37
49.00 698.81
49.50 794.77
50.00 753.70
50.50 779.68
51.00 722.65
51.50 703.39
52.00 703.53
52.50 757.43
53.00 779.87
53.50 688.26
54.00 703.51
54.50 767.76
55.00 758.40
55.50 708.87
56.00 643.60
56.50 716.41
57.00 719.23
57.50 696.57
58.00 708.57
58.50 696.56
59.00 729.67
59.50 657.39
60.00 546.86
60.50 341.47
61.00 715.07
61.50 703.50
62.00 804.97
62.50 729.29
63.00 732.07
63.50 684.56
64.00 727.07
64.50 832.59
65.00 696.74
65.50 721.59
66.00 711.86
66.50 675.15
67.00 702.45
67.50 684.41
68.00 776.25
68.50 24.57
69.00 380.76
69.50 731.93
70.00 240.94
70.50 486.09
71.00 107.33
71.50 366.38
72.00 530.90
72.50 0.00
73.00 516.89
73.50 331.78
74.00 160.25
74.50 258.51
75.00 753.58
75.50 727.80
76.00 751.06
76.50 720.20
77.00 715.18
77.50 780.18
78.00 716.15
78.50 711.55
79.00 733.74
79.50 688.75
80.00 769.65
80.50 761.58
81.00 706.58
81.50 768.97
82.00 748.78
82.50 732.87
83.00 681.88
83.50 740.08
84.00 683.47
84.50 712.57
85.00 737.37
85.50 715.34
86.00 692.56
86.50 739.52
87.00 764.98
87.50 708.15
88.00 726.44
88.50 750.95
89.00 749.41
89.50 715.93
90.00 663.38
90.50 724.16
91.00 785.21
91.50 698.83
92.00 746.75
92.50 798.79
93.00 157.62
93.50 593.10
94.00 0.00
94.50 371.25
95.00 20.22
95.50 5.97
96.00 12.26
96.50 0.16
97.00 319.12
97.50 248.70
98.00 750.25
98.50 751.45
99.00 779.28
99.50 844.00
100.00 816.15
100.50 750.67
101.00 728.51
101.50 715.15
102.00 703.38
102.50 711.73
103.00 760.25
103.50 713.33
104.00 725.23
104.50 762.87
105.00 672.96
105.50 765.55
106.00 711.23
106.50 711.99
107.00 770.37
107.50 744.76
108.00 710.37
108.50 745.07
109.00 702.66
109.50 749.09
110.00 802.84
110.50 696.89
111.00 698.51
111.50 684.88
112.00 707.58
112.50 745.36
113.00 790.37
113.50 682.60
114.00 724.69
114.50 748.87
115.00 704.66
115.50 771.15
116.00 668.19
116.50 786.02
117.00 683.78
117.50 690.02
118.00 735.89
118.50 775.86
119.00 698.49
119.50 779.71
120.00 774.09
120.50 813.48
121.00 705.05
121.50 748.41
122.00 624.51
122.50 747.44
123.00 176.09
123.50 722.47
124.00 710.20
124.50 818.12
125.00 866.35
125.50 860.41
126.00 825.41
126.50 850.61
127.00 772.15
127.50 714.18
128.00 716.36
128.50 696.76
129.00 792.66
129.50 737.02
130.00 857.83
130.50 819.48
131.00 825.94
131.50 832.24
132.00 830.68
132.50 849.86
133.00 714.01
133.50 687.78
134.00 734.92
134.50 740.97
135.00 748.29
135.50 837.95
136.00 828.34
136.50 837.12
137.00 787.27
137.50 688.84
138.00 689.09
138.50 854.83
139.00 341.44
139.50 0.00
140.00 7.14
140.50 12.85
141.00 39.32
141.50 0.00
142.00 720.25
142.50 793.20
143.00 739.41
143.50 765.23
144.00 747.28
144.50 501.54
145.00 713.31
145.50 735.13
146.00 844.47
146.50 785.61
147.00 689.10
147.50 718.65
148.00 716.93
148.50 657.47
149.00 712.00
149.50 727.70
150.00 896.81
150.50 832.45
151.00 853.08
151.50 857.69
152.00 743.08
152.50 744.19
153.00 744.75
153.50 733.08
154.00 728.94
154.50 852.19
155.00 775.21
155.50 370.83
156.00 772.43
156.50 694.36
157.00 737.40
157.50 720.54
158.00 656.11
158.50 450.26
159.00 779.96
159.50 796.84
160.00 796.89
160.50 814.96
161.00 868.51
161.50 827.03
162.00 770.13
162.50 737.46
163.00 750.23
163.50 740.03
164.00 699.51
164.50 700.57
165.00 695.28
165.50 729.27
166.00 848.55
166.50 826.32
167.00 730.67
167.50 841.67
168.00 704.08
168.50 724.39
169.00 838.23
169.50 827.52
170.00 867.78
170.50 854.17
171.00 723.06
171.50 620.74
172.00 5.37
172.50 834.88
173.00 679.37
173.50 787.42
174.00 705.81
174.50 788.60
175.00 698.59
175.50 0.00
176.00 3.10
176.50 900.00
177.00 649.99
177.50 432.73
178.00 728.11
178.50 740.35
179.00 788.06
179.50 790.46
180.00 849.32
180.50 762.76
181.00 695.55
181.50 791.82
182.00 778.60
182.50 748.41
183.00 739.88
183.50 707.17
184.00 775.35
184.50 731.54
185.00 830.92
185.50 706.11
186.00 674.14
186.50 710.87
187.00 740.59
187.50 683.70
188.00 689.98
188.50 735.95
189.00 732.70
189.50 764.91
190.00 737.70
190.50 658.40
191.00 780.96
191.50 711.28
192.00 760.40
192.50 666.92
193.00 769.28
193.50 748.94
194.00 695.17
194.50 748.65
195.00 800.31
195.50 770.92
196.00 838.16
196.50 806.37
197.00 777.64
197.50 808.95
198.00 761.48
198.50 750.38
199.00 721.96
199.50 708.47
200.00 741.35
200.50 743.21
201.00 736.79
201.50 715.63
202.00 734.05
202.50 743.03
203.00 748.70
203.50 716.79
204.00 737.75
204.50 744.07
205.00 681.55
205.50 767.60
206.00 745.01
206.50 712.33
207.00 750.59
207.50 687.20
208.00 780.30
208.50 722.06
209.00 743.69
209.50 692.81
210.00 721.60
210.50 750.04
211.00 769.04
211.50 762.53
212.00 750.98
212.50 685.75
213.00 798.79
213.50 748.43
214.00 717.55
214.50 674.36
215.00 690.20
215.50 686.16
216.00 721.00
216.50 759.63
217.00 714.85
217.50 741.04
218.00 694.10
218.50 722.89
219.00 727.45
219.50 741.96
220.00 663.58
220.50 708.80
221.00 745.82
221.50 773.43
222.00 755.16
222.50 770.05
223.00 722.79
223.50 720.31
224.00 708.83
224.50 704.71
225.00 717.08
225.50 723.12
226.00 774.79
226.50 781.23
227.00 742.06
227.50 827.38
228.00 898.81
228.50 790.89
229.00 726.33
229.50 681.81
230.00 728.41
230.50 402.31
231.00 750.47
231.50 712.39
232.00 785.26
232.50 712.40
233.00 755.66
233.50 717.12
234.00 707.34
234.50 739.86
235.00 745.10
235.50 58.13
236.00 537.93
236.50 680.44
237.00 716.33
237.50 422.30
238.00 709.34
238.50 738.21
239.00 778.72
239.50 696.54
240.00 735.52
240.50 739.65
241.00 0.00
241.50 14.26
242.00 0.00
242.50 729.75
243.00 690.71
243.50 789.40
244.00 713.78
244.50 669.37
245.00 826.66
245.50 831.72
246.00 830.74
246.50 827.15
247.00 739.65
247.50 719.41
248.00 752.79
248.50 779.64
249.00 708.96
249.50 754.46
250.00 757.56
250.50 760.91
251.00 689.68
251.50 711.53
252.00 765.27
252.50 697.89
253.00 691.88
253.50 719.37
254.00 672.74
254.50 763.68
255.00 798.91
255.50 729.16
256.00 693.72
256.50 761.02
257.00 713.40
257.50 832.48
258.00 856.06
258.50 689.90
259.00 721.67
259.50 710.50
260.00 741.67
260.50 708.21
261.00 743.31
261.50 770.47
262.00 674.70
262.50 720.25
263.00 747.87
263.50 797.18
264.00 747.16
264.50 715.81
265.00 731.79
265.50 822.71
266.00 676.20
266.50 727.05
267.00 767.45
267.50 704.99
268.00 781.67
268.50 749.93
269.00 728.01
269.50 734.77
270.00 748.71
270.50 696.02
271.00 798.02
271.50 750.93
272.00 744.24
272.50 690.00
273.00 758.28
273.50 771.02
274.00 712.95
274.50 737.31
275.00 744.14
275.50 744.72
276.00 692.00
276.50 759.46
277.00 741.15
277.50 705.56
278.00 763.28
278.50 785.67
279.00 728.45
279.50 752.97
280.00 724.47
280.50 732.55
281.00 707.56
281.50 741.00
282.00 722.01
282.50 0.80
283.00 0.84
283.50 7.19
284.00 190.45
284.50 274.95
285.00 19.95
285.50 2.37
286.00 773.71
286.50 750.37
287.00 765.40
287.50 708.81
288.00 711.00
288.50 748.49
289.00 679.81
289.50 712.63
290.00 702.71
290.50 700.93
291.00 805.54
291.50 543.32
292.00 728.12
292.50 696.37
293.00 745.97
293.50 724.84
294.00 696.23
294.50 735.56
295.00 702.94
295.50 689.06
296.00 704.55
296.50 685.76
297.00 736.94
297.50 711.21
298.00 685.75
298.50 775.15
299.00 711.68
299.50 727.33
