0.00 763.59
0.50 749.76
1.00 793.16
1.50 722.06
2.00 700.13
2.50 779.15
3.00 790.79
3.50 796.27
4.00 755.73
4.50 724.06
5.00 731.04
5.50 740.93
6.00 733.32
6.50 736.95
7.00 736.77
7.50 752.24
8.00 764.63
8.50 725.94
9.00 765.72
9.50 778.56
10.00 739.53
10.50 750.86
11.00 784.27
11.50 793.76
12.00 778.89
12.50 713.05
13.00 726.69
13.50 683.74
14.00 777.04
14.50 749.00
15.00 743.94
15.50 737.71
16.00 730.52
16.50 693.54
17.00 749.77
17.50 755.67
18.00 737.75
18.50 781.99
19.00 395.71
19.50 747.60
20.00 498.32
20.50 3.81
21.00 9.82
21.50 25.83
22.00 137.28
22.50 511.15
23.00 334.37
23.50 100.50
24.00 0.00
24.50 5.61
25.00 182.58
25.50 81.29
26.00 689.59
26.50 782.31
27.00 727.49
27.50 782.06
28.00 699.79
28.50 717.91
29.00 770.03
29.50 763.41
30.00 687.14
30.50 729.10
31.00 779.50
31.50 806.59
32.00 723.23
32.50 710.77
33.00 676.35
33.50 756.61
34.00 757.50
34.50 734.46
35.00 736.69
35.50 786.70
36.00 800.21
36.50 713.03
37.00 765.50
37.50 762.56
38.00 781.12
38.50 726.24
39.00 695.88
39.50 723.58
40.00 750.99
40.50 735.26
41.00 695.86
41.50 706.01
42.00 664.40
42.50 658.16
43.00 763.49
43.50 727.96
44.00 708.15
44.50 730.11
45.00 721.04
45.50 751.88
46.00 739.22
46.50 717.41
47.00 747.78
47.50 708.65
48.00 686.42
48.50 701.66
49.00 682.20
49.50 681.01
50.00 767.94
50.50 723.86
51.00 713.27
51.50 767.57
52.00 307.04
52.50 244.36
53.00 216.78
53.50 832.32
54.00 865.10
54.50 691.28
55.00 685.67
55.50 796.67
56.00 830.20
56.50 870.29
57.00 705.79
57.50 793.26
58.00 849.31
58.50 345.70
59.00 678.64
59.50 696.82
60.00 722.62
60.50 771.84
61.00 683.83
61.50 848.52
62.00 823.71
62.50 483.67
63.00 706.69
63.50 720.98
64.00 653.60
64.50 777.25
65.00 675.38
65.50 865.08
66.00 880.62
66.50 719.70
67.00 742.64
67.50 667.65
68.00 700.81
68.50 839.77
69.00 900.00
69.50 805.99
70.00 871.32
70.50 685.48
71.00 718.68
71.50 900.00
72.00 753.08
72.50 669.09
73.00 729.76
73.50 750.92
74.00 699.63
74.50 765.13
75.00 796.50
75.50 732.97
76.00 862.66
76.50 850.24
77.00 864.22
77.50 818.25
78.00 840.72
78.50 203.34
79.00 799.63
79.50 705.86
80.00 656.31
80.50 198.13
81.00 10.97
81.50 829.15
82.00 449.72
82.50 8.01
83.00 12.27
83.50 0.00
84.00 829.19
84.50 141.94
85.00 364.07
85.50 185.66
86.00 725.43
86.50 793.22
87.00 746.58
87.50 874.85
88.00 846.00
88.50 835.39
89.00 793.36
89.50 828.93
90.00 832.59
90.50 578.09
91.00 545.84
91.50 600.25
92.00 350.31
92.50 0.00
93.00 436.83
93.50 859.92
94.00 855.50
94.50 855.58
95.00 873.15
95.50 833.11
96.00 817.54
96.50 850.03
97.00 846.19
97.50 845.01
98.00 828.67
98.50 785.37
99.00 713.86
99.50 851.60
100.00 704.67
100.50 655.33
101.00 761.96
101.50 737.13
102.00 733.87
102.50 671.09
103.00 833.68
103.50 838.02
104.00 846.15
104.50 805.14
105.00 726.08
105.50 716.66
106.00 713.07
106.50 698.06
107.00 774.95
107.50 257.64
108.00 653.87
108.50 858.82
109.00 679.83
109.50 763.48
110.00 749.13
110.50 717.00
111.00 691.18
111.50 704.11
112.00 720.25
112.50 11.88
113.00 476.39
113.50 741.16
114.00 719.96
114.50 725.76
115.00 791.13
115.50 734.05
116.00 703.00
116.50 681.85
117.00 721.13
117.50 746.93
118.00 688.70
118.50 727.97
119.00 769.44
119.50 723.94
120.00 767.25
120.50 741.46
121.00 565.45
121.50 698.62
122.00 730.52
122.50 758.29
123.00 747.40
123.50 738.43
124.00 711.64
124.50 682.20
125.00 726.13
125.50 689.94
126.00 696.27
126.50 747.68
127.00 707.20
127.50 700.14
128.00 690.70
128.50 744.89
129.00 755.58
129.50 684.60
130.00 808.36
130.50 725.25
131.00 755.78
131.50 766.98
132.00 536.62
132.50 3.77
133.00 470.29
133.50 538.56
134.00 792.75
134.50 716.53
135.00 726.80
135.50 848.88
136.00 846.99
136.50 840.11
137.00 695.76
137.50 832.38
138.00 835.08
138.50 824.46
139.00 711.76
139.50 707.24
140.00 818.11
140.50 739.23
141.00 837.71
141.50 826.57
142.00 719.60
142.50 261.48
143.00 479.37
143.50 6.60
144.00 649.36
144.50 750.47
145.00 759.78
145.50 749.56
146.00 788.71
146.50 663.53
147.00 749.30
147.50 745.49
148.00 759.14
148.50 720.97
149.00 691.39
149.50 738.37
150.00 688.83
150.50 686.98
151.00 738.98
151.50 772.08
152.00 719.15
152.50 821.77
153.00 727.93
153.50 712.17
154.00 742.43
154.50 733.89
155.00 384.59
155.50 707.87
156.00 732.58
156.50 671.70
157.00 850.99
157.50 705.92
158.00 717.00
158.50 785.84
159.00 709.69
159.50 720.73
160.00 708.98
160.50 708.29
161.00 709.53
161.50 719.61
162.00 724.77
162.50 688.36
163.00 698.99
163.50 689.51
164.00 431.33
164.50 692.37
165.00 283.07
165.50 724.01
166.00 731.50
166.50 716.02
167.00 755.27
167.50 797.98
168.00 830.27
168.50 831.72
169.00 857.46
169.50 834.67
170.00 837.81
170.50 838.48
171.00 839.26
171.50 777.31
172.00 808.84
172.50 204.15
173.00 736.74
173.50 682.76
174.00 734.19
174.50 733.14
175.00 734.43
175.50 709.24
176.00 759.83
176.50 761.06
177.00 749.76
177.50 740.64
178.00 735.56
178.50 682.04
179.00 697.45
179.50 714.01
180.00 707.22
180.50 664.15
181.00 781.23
181.50 727.80
182.00 673.99
182.50 745.96
183.00 757.07
183.50 736.73
184.00 759.21
184.50 711.97
185.00 709.44
185.50 676.16
186.00 685.04
186.50 748.34
187.00 726.23
187.50 688.79
188.00 745.84
188.50 750.19
189.00 725.22
189.50 719.02
190.00 717.56
190.50 694.88
191.00 694.84
191.50 730.81
192.00 716.46
192.50 718.31
193.00 717.11
193.50 778.69
194.00 770.40
194.50 724.63
195.00 710.55
195.50 679.85
196.00 713.66
196.50 712.49
197.00 706.45
197.50 727.94
198.00 771.05
198.50 782.66
199.00 735.59
199.50 738.19
200.00 786.97
200.50 694.68
201.00 705.50
201.50 755.13
202.00 747.51
202.50 738.76
203.00 687.30
203.50 723.59
204.00 749.44
204.50 263.81
205.00 699.47
205.50 742.50
206.00 725.61
206.50 738.37
207.00 708.72
207.50 747.78
208.00 739.80
208.50 737.91
209.00 754.95
209.50 705.88
210.00 697.44
210.50 765.83
211.00 752.27
211.50 706.35
212.00 733.68
212.50 767.81
213.00 735.10
213.50 768.99
214.00 674.35
214.50 791.46
215.00 842.68
215.50 887.38
216.00 866.07
216.50 824.24
217.00 858.24
217.50 844.33
218.00 886.03
218.50 837.46
219.00 876.13
219.50 706.13
220.00 726.06
220.50 731.54
221.00 783.97
221.50 742.47
222.00 759.68
222.50 826.02
223.00 724.29
223.50 691.10
224.00 695.72
224.50 884.78
225.00 876.23
225.50 755.56
226.00 681.02
226.50 757.54
227.00 677.47
227.50 450.34
228.00 799.61
228.50 714.89
229.00 736.44
229.50 747.94
230.00 716.13
230.50 768.91
231.00 656.33
231.50 655.91
232.00 737.41
232.50 733.04
233.00 714.38
233.50 775.81
234.00 748.63
234.50 725.20
235.00 388.64
235.50 710.39
236.00 745.00
236.50 797.08
237.00 746.57
237.50 724.46
238.00 734.05
238.50 711.28
239.00 762.89
239.50 887.80
240.00 868.76
240.50 858.12
241.00 860.37
241.50 880.76
242.00 847.87
242.50 804.14
243.00 700.20
243.50 756.60
244.00 837.75
244.50 759.58
245.00 840.50
245.50 831.02
246.00 819.90
246.50 377.98
247.00 726.50
247.50 788.03
248.00 864.47
248.50 857.96
249.00 816.66
249.50 726.04
250.00 316.40
250.50 673.04
251.00 764.92
251.50 743.85
252.00 827.22
252.50 853.13
253.00 854.19
253.50 853.57
254.00 756.24
254.50 656.97
255.00 483.30
255.50 793.90
256.00 798.31
256.50 771.64
257.00 769.13
257.50 881.20
258.00 783.86
258.50 826.12
259.00 844.69
259.50 824.11
260.00 860.03
260.50 435.66
261.00 266.82
261.50 0.00
262.00 451.44
262.50 777.76
263.00 790.53
263.50 136.76
264.00 332.76
264.50 222.87
265.00 836.52
265.50 738.77
266.00 618.36
266.50 766.15
267.00 753.77
267.50 772.13
268.00 740.64
268.50 673.33
269.00 690.51
269.50 620.52
270.00 837.32
270.50 847.38
271.00 766.87
271.50 739.85
272.00 722.70
272.50 742.88
273.00 757.98
273.50 853.50
274.00 687.77
274.50 429.47
275.00 718.88
275.50 711.32
276.00 734.92
276.50 777.91
277.00 719.83
277.50 772.31
278.00 714.62
278.50 779.47
279.00 702.57
279.50 839.97
280.00 734.07
280.50 803.67
281.00 694.38
281.50 719.57
282.00 712.59
282.50 746.36
283.00 759.38
283.50 708.31
284.00 686.88
284.50 732.30
285.00 696.48
285.50 748.55
286.00 706.88
286.50 721.19
287.00 736.26
287.50 735.65
288.00 753.85
288.50 752.22
289.00 676.97
289.50 729.22
290.00 728.77
290.50 843.65
291.00 847.06
291.50 724.66
292.00 732.87
292.50 140.89
293.00 184.34
293.50 555.19
294.00 416.43
294.50 117.54
295.00 10.72
295.50 8.64
296.00 223.99
296.50 363.78
297.00 9.97
297.50 384.35
298.00 720.96
298.50 769.33
299.00 740.96
299.50 789.92
