0.00 718.29
0.50 715.41
1.00 706.08
1.50 408.37
2.00 859.97
2.50 760.57
3.00 770.71
3.50 730.52
4.00 760.48
4.50 688.27
5.00 722.11
5.50 750.40
6.00 784.89
6.50 720.72
7.00 740.32
7.50 770.79
8.00 739.22
8.50 767.27
9.00 433.92
9.50 747.96
10.00 800.04
10.50 686.63
11.00 813.84
11.50 293.01
12.00 756.36
12.50 715.53
13.00 776.44
13.50 734.47
14.00 760.19
14.50 863.12
15.00 815.08
15.50 847.87
16.00 838.53
16.50 830.19
17.00 842.24
17.50 824.24
18.00 800.30
18.50 359.37
19.00 706.92
19.50 213.03
20.00 324.07
20.50 246.62
21.00 0.00
21.50 0.00
22.00 3.14
22.50 723.06
23.00 845.01
23.50 742.78
24.00 795.46
24.50 727.51
25.00 702.01
25.50 849.60
26.00 690.75
26.50 782.97
27.00 712.59
27.50 718.63
28.00 674.43
28.50 745.75
29.00 706.66
29.50 739.29
30.00 744.08
30.50 743.54
31.00 755.22
31.50 721.57
32.00 837.01
32.50 825.26
33.00 678.97
33.50 504.51
34.00 6.86
34.50 444.75
35.00 748.36
35.50 722.04
36.00 694.19
36.50 658.47
37.00 719.73
37.50 463.12
38.00 164.63
38.50 691.87
39.00 757.31
39.50 709.10
40.00 771.97
40.50 741.59
41.00 777.65
41.50 730.74
42.00 728.34
42.50 756.94
43.00 727.95
43.50 841.46
44.00 811.72
44.50 697.10
45.00 237.14
45.50 422.79
46.00 736.24
46.50 714.52
47.00 17.75
47.50 13.96
48.00 678.56
48.50 713.47
49.00 759.30
49.50 720.32
50.00 687.65
50.50 693.50
51.00 705.14
51.50 694.06
52.00 680.66
52.50 728.33
53.00 693.17
53.50 844.16
54.00 679.43
54.50 704.88
55.00 691.77
55.50 738.46
56.00 739.74
56.50 748.00
57.00 731.08
57.50 729.03
58.00 689.29
58.50 701.07
59.00 683.69
59.50 692.93
60.00 707.07
60.50 786.08
61.00 725.06
61.50 694.20
62.00 418.81
62.50 692.23
63.00 890.29
63.50 677.26
64.00 739.93
64.50 836.63
65.00 834.14
65.50 853.28
66.00 705.00
66.50 703.32
67.00 471.38
67.50 434.98
68.00 263.54
68.50 705.99
69.00 691.68
69.50 619.63
70.00 824.09
70.50 752.68
71.00 740.59
71.50 663.11
72.00 868.92
72.50 721.57
73.00 677.61
73.50 719.00
74.00 799.55
74.50 814.83
75.00 735.29
75.50 858.43
76.00 832.04
76.50 876.45
77.00 851.71
77.50 834.53
78.00 833.03
78.50 771.80
79.00 146.08
79.50 20.40
80.00 748.23
80.50 893.16
81.00 844.72
81.50 169.11
82.00 415.49
82.50 117.75
83.00 755.75
83.50 628.61
84.00 504.12
84.50 815.27
85.00 426.81
85.50 743.50
86.00 2.23
86.50 613.57
87.00 697.32
87.50 862.72
88.00 807.04
88.50 730.03
89.00 318.67
89.50 738.75
90.00 176.34
90.50 725.05
91.00 108.72
91.50 186.95
92.00 448.79
92.50 432.34
93.00 726.74
93.50 790.31
94.00 694.76
94.50 709.61
95.00 804.02
95.50 887.10
96.00 821.12
96.50 355.90
97.00 746.06
97.50 729.15
98.00 823.08
98.50 840.48
99.00 842.26
99.50 850.34
100.00 793.92
100.50 739.35
101.00 676.92
101.50 702.39
102.00 679.97
102.50 724.09
103.00 712.46
103.50 729.04
104.00 698.85
104.50 750.97
105.00 722.15
105.50 731.90
106.00 730.24
106.50 744.13
107.00 300.63
107.50 747.79
108.00 872.49
108.50 717.55
109.00 712.69
109.50 810.96
110.00 742.38
110.50 544.33
111.00 714.50
111.50 708.71
112.00 156.77
112.50 733.68
113.00 703.44
113.50 673.42
114.00 812.42
114.50 692.15
115.00 691.41
115.50 689.83
116.00 707.27
116.50 712.69
117.00 734.90
117.50 680.64
118.00 677.94
118.50 799.56
119.00 721.61
119.50 833.08
120.00 758.73
120.50 654.03
121.00 691.58
121.50 722.86
122.00 794.08
122.50 712.03
123.00 726.04
123.50 709.62
124.00 710.81
124.50 758.86
125.00 774.36
125.50 727.86
126.00 753.43
126.50 746.37
127.00 834.12
127.50 845.86
128.00 813.92
128.50 824.00
129.00 842.15
129.50 823.39
130.00 727.20
130.50 789.15
131.00 840.70
131.50 833.94
132.00 841.52
132.50 839.85
133.00 827.80
133.50 844.03
134.00 322.88
134.50 699.60
135.00 650.15
135.50 782.38
136.00 401.92
136.50 0.00
137.00 451.15
137.50 20.82
138.00 19.61
138.50 601.77
139.00 488.69
139.50 759.64
140.00 707.46
140.50 877.34
141.00 813.96
141.50 716.52
142.00 716.77
142.50 791.43
143.00 792.94
143.50 749.25
144.00 720.95
144.50 684.90
145.00 480.92
145.50 697.57
146.00 713.68
146.50 797.54
147.00 716.28
147.50 778.40
148.00 714.45
148.50 726.26
149.00 699.01
149.50 738.40
150.00 738.75
150.50 729.30
151.00 710.05
151.50 780.49
152.00 862.35
152.50 827.27
153.00 709.42
153.50 715.67
154.00 413.88
154.50 673.07
155.00 668.00
155.50 842.61
156.00 690.16
156.50 829.28
157.00 707.09
157.50 742.41
158.00 725.73
158.50 697.22
159.00 693.79
159.50 707.44
160.00 676.05
160.50 746.79
161.00 767.51
161.50 900.00
162.00 689.72
162.50 720.31
163.00 816.52
163.50 877.08
164.00 684.27
164.50 852.38
165.00 687.41
165.50 686.15
166.00 673.45
166.50 534.48
167.00 0.50
167.50 6.52
168.00 13.90
168.50 693.90
169.00 651.26
169.50 398.87
170.00 175.74
170.50 0.00
171.00 0.00
171.50 807.15
172.00 720.96
172.50 303.25
173.00 699.42
173.50 731.51
174.00 711.12
174.50 733.79
175.00 829.21
175.50 849.19
176.00 771.27
176.50 851.32
177.00 837.26
177.50 847.70
178.00 823.83
178.50 855.65
179.00 337.41
179.50 584.14
180.00 730.60
180.50 730.62
181.00 734.35
181.50 737.66
182.00 698.01
182.50 737.06
183.00 729.00
183.50 755.48
184.00 747.56
184.50 704.71
185.00 736.97
185.50 716.54
186.00 736.61
186.50 733.43
187.00 729.61
187.50 718.74
188.00 717.95
188.50 742.91
189.00 734.37
189.50 778.86
190.00 731.43
190.50 758.55
191.00 764.03
191.50 674.74
192.00 724.84
192.50 718.35
193.00 740.95
193.50 706.67
194.00 770.19
194.50 873.02
195.00 836.45
195.50 844.37
196.00 500.43
196.50 466.94
197.00 481.77
197.50 753.31
198.00 760.78
198.50 656.72
199.00 826.59
199.50 836.44
200.00 836.00
200.50 743.27
201.00 171.42
201.50 748.24
202.00 743.88
202.50 750.09
203.00 724.12
203.50 697.74
204.00 801.48
204.50 702.19
205.00 745.22
205.50 723.44
206.00 737.45
206.50 765.40
207.00 712.30
207.50 704.50
208.00 716.56
208.50 700.32
209.00 10.28
209.50 510.49
210.00 203.74
210.50 80.44
211.00 1.73
211.50 5.02
212.00 15.96
212.50 290.71
213.00 381.86
213.50 648.93
214.00 139.50
214.50 707.94
215.00 704.30
215.50 756.37
216.00 709.74
216.50 702.02
217.00 704.44
217.50 738.70
218.00 720.79
218.50 714.99
219.00 742.23
219.50 662.03
220.00 702.76
220.50 779.46
221.00 730.35
221.50 687.50
222.00 699.09
222.50 757.58
223.00 751.58
223.50 723.84
224.00 720.28
224.50 667.38
225.00 745.22
225.50 750.54
226.00 707.30
226.50 780.52
227.00 752.95
227.50 730.40
228.00 715.46
228.50 718.70
229.00 778.19
229.50 794.70
230.00 814.28
230.50 716.81
231.00 762.32
231.50 742.47
232.00 777.28
232.50 751.62
233.00 708.21
233.50 703.51
234.00 727.06
234.50 707.95
235.00 800.07
235.50 764.96
236.00 756.42
236.50 640.19
237.00 704.80
237.50 762.86
238.00 702.61
238.50 772.50
239.00 773.49
239.50 783.97
240.00 719.16
240.50 719.44
241.00 749.87
241.50 807.21
242.00 760.74
242.50 735.56
243.00 741.54
243.50 775.07
244.00 754.94
244.50 695.23
245.00 673.00
245.50 762.09
246.00 759.61
246.50 726.46
247.00 730.29
247.50 701.65
248.00 746.45
248.50 601.77
249.00 731.91
249.50 887.53
250.00 715.58
250.50 694.26
251.00 707.79
251.50 706.35
252.00 706.20
252.50 688.65
253.00 716.13
253.50 863.70
254.00 742.73
254.50 742.30
255.00 714.37
255.50 664.32
256.00 722.50
256.50 695.23
257.00 746.07
257.50 762.56
258.00 818.70
258.50 747.24
259.00 761.75
259.50 693.68
260.00 178.72
260.50 769.77
261.00 712.43
261.50 290.09
262.00 9.53
262.50 15.34
263.00 418.42
263.50 0.00
264.00 15.75
264.50 18.53
265.00 170.51
265.50 17.14
266.00 0.00
266.50 165.02
267.00 701.45
267.50 840.17
268.00 813.09
268.50 833.67
269.00 856.97
269.50 849.51
270.00 860.19
270.50 830.44
271.00 859.63
271.50 871.80
272.00 870.36
272.50 850.62
273.00 829.21
273.50 177.49
274.00 703.30
274.50 726.44
275.00 679.54
275.50 721.93
276.00 846.56
276.50 789.19
277.00 856.25
277.50 817.85
278.00 863.62
278.50 840.23
279.00 676.17
279.50 705.64
280.00 224.99
280.50 519.20
281.00 52.19
281.50 709.24
282.00 798.53
282.50 723.59
283.00 709.62
283.50 710.53
284.00 749.29
284.50 900.00
285.00 783.26
285.50 756.84
286.00 890.37
286.50 900.00
287.00 818.07
287.50 689.93
288.00 675.74
288.50 733.65
289.00 713.05
289.50 702.58
290.00 703.07
290.50 574.61
291.00 670.35
291.50 717.04
292.00 730.00
292.50 810.83
293.00 729.88
293.50 712.31
294.00 799.86
294.50 731.69
295.00 800.69
295.50 876.62
296.00 778.59
296.50 772.32
297.00 6.78
297.50 12.96
298.00 706.21
298.50 682.20
299.00 784.36
299.50 759.48
