0.00 711.29
0.50 679.93
1.00 711.41
1.50 688.91
2.00 712.16
2.50 735.88
3.00 710.85
3.50 724.38
4.00 732.92
4.50 801.86
5.00 657.61
5.50 737.90
6.00 763.12
6.50 754.42
7.00 745.47
7.50 826.71
8.00 770.40
8.50 715.59
9.00 783.07
9.50 716.90
10.00 744.59
10.50 684.34
11.00 777.24
11.50 762.85
12.00 727.73
12.50 662.24
13.00 725.37
13.50 697.43
14.00 765.41
14.50 773.66
15.00 687.95
15.50 661.36
16.00 711.13
16.50 705.46
17.00 723.99
17.50 693.63
18.00 723.26
18.50 661.85
19.00 745.67
19.50 732.95
20.00 662.41
20.50 697.33
21.00 876.73
21.50 510.74
22.00 700.85
22.50 687.32
23.00 745.37
23.50 735.42
24.00 717.55
24.50 693.67
25.00 747.22
25.50 789.51
26.00 728.04
26.50 711.48
27.00 689.97
27.50 812.28
28.00 718.31
28.50 722.00
29.00 694.48
29.50 787.60
30.00 672.20
30.50 692.28
31.00 782.62
31.50 701.31
32.00 861.24
32.50 863.65
33.00 853.06
33.50 829.17
34.00 845.39
34.50 846.17
35.00 831.03
35.50 795.00
36.00 804.61
36.50 851.50
37.00 855.55
37.50 750.46
38.00 761.13
38.50 641.34
39.00 680.75
39.50 722.47
40.00 781.18
40.50 680.68
41.00 764.56
41.50 706.69
42.00 429.42
42.50 735.17
43.00 712.13
43.50 722.19
44.00 807.39
44.50 822.19
45.00 835.68
45.50 837.02
46.00 865.54
46.50 841.88
47.00 803.38
47.50 834.35
48.00 694.15
48.50 855.07
49.00 720.28
49.50 735.55
50.00 697.58
50.50 707.63
51.00 729.68
51.50 583.58
52.00 640.99
52.50 853.44
53.00 836.63
53.50 685.39
54.00 686.61
54.50 740.80
55.00 773.51
55.50 729.77
56.00 764.30
56.50 752.07
57.00 720.90
57.50 747.81
58.00 788.00
58.50 730.36
59.00 709.07
59.50 731.80
60.00 180.97
60.50 497.77
61.00 730.33
61.50 798.92
62.00 851.79
62.50 727.53
63.00 832.71
63.50 737.83
64.00 773.59
64.50 724.87
65.00 749.45
65.50 687.13
66.00 740.92
66.50 725.42
67.00 119.55
67.50 13.75
68.00 7.22
68.50 395.99
69.00 624.55
69.50 5.32
70.00 453.55
70.50 525.90
71.00 287.86
71.50 733.42
72.00 691.14
72.50 781.02
73.00 780.03
73.50 691.70
74.00 719.32
74.50 827.10
75.00 821.25
75.50 806.79
76.00 710.87
76.50 810.85
77.00 738.77
77.50 689.25
78.00 721.44
78.50 89.66
79.00 709.63
79.50 724.48
80.00 774.22
80.50 752.38
81.00 679.93
81.50 717.06
82.00 694.75
82.50 12.45
83.00 2.21
83.50 222.69
84.00 0.00
84.50 0.00
85.00 468.94
85.50 804.44
86.00 734.52
86.50 447.44
87.00 760.13
87.50 760.47
88.00 805.25
88.50 864.48
89.00 865.08
89.50 715.15
90.00 757.98
90.50 706.27
91.00 678.15
91.50 744.60
92.00 743.50
92.50 767.96
93.00 695.32
93.50 789.95
94.00 700.73
94.50 723.86
95.00 679.91
95.50 740.66
96.00 768.30
96.50 746.27
97.00 495.68
97.50 721.25
98.00 366.51
98.50 874.44
99.00 717.69
99.50 831.24
100.00 712.71
100.50 691.30
101.00 714.93
101.50 723.17
102.00 720.40
102.50 395.61
103.00 698.29
103.50 725.90
104.00 710.86
104.50 701.86
105.00 732.33
105.50 697.94
106.00 744.26
106.50 701.40
107.00 736.67
107.50 847.31
108.00 752.06
108.50 690.47
109.00 828.26
109.50 849.48
110.00 687.47
110.50 804.09
111.00 781.40
111.50 786.94
112.00 767.37
112.50 706.71
113.00 725.47
113.50 684.88
114.00 703.24
114.50 749.85
115.00 804.64
115.50 779.04
116.00 701.82
116.50 857.48
117.00 694.12
117.50 712.46
118.00 742.13
118.50 747.02
119.00 740.28
119.50 854.36
120.00 640.59
120.50 324.08
121.00 717.79
121.50 755.75
122.00 697.63
122.50 795.33
123.00 729.10
123.50 690.35
124.00 769.43
124.50 792.51
125.00 809.10
125.50 733.56
126.00 762.76
126.50 696.11
127.00 718.34
127.50 724.55
128.00 704.31
128.50 859.79
129.00 839.45
129.50 825.34
130.00 728.25
130.50 728.54
131.00 759.78
131.50 713.08
132.00 723.23
132.50 720.29
133.00 712.84
133.50 737.06
134.00 717.92
134.50 760.42
135.00 772.24
135.50 678.99
136.00 766.37
136.50 690.95
137.00 766.17
137.50 750.79
138.00 747.37
138.50 681.10
139.00 731.29
139.50 700.80
140.00 815.68
140.50 690.85
141.00 328.03
141.50 307.91
142.00 541.00
142.50 729.00
143.00 491.92
143.50 855.80
144.00 843.36
144.50 872.19
145.00 787.97
145.50 838.58
146.00 784.39
146.50 716.69
147.00 862.05
147.50 844.65
148.00 855.60
148.50 827.74
149.00 845.11
149.50 853.07
150.00 825.72
150.50 678.84
151.00 871.42
151.50 900.00
152.00 756.47
152.50 732.59
153.00 697.66
153.50 719.48
154.00 748.85
154.50 698.49
155.00 694.96
155.50 670.44
156.00 689.22
156.50 756.32
157.00 732.30
157.50 689.98
158.00 763.17
158.50 702.32
159.00 728.22
159.50 719.03
160.00 729.62
160.50 758.94
161.00 680.88
161.50 709.33
162.00 736.54
162.50 737.48
163.00 735.85
163.50 707.77
164.00 727.43
164.50 734.19
165.00 729.28
165.50 755.48
166.00 761.47
166.50 729.46
167.00 698.51
167.50 696.74
168.00 724.99
168.50 771.06
169.00 766.84
169.50 727.96
170.00 253.88
170.50 673.33
171.00 722.73
171.50 900.00
172.00 714.92
172.50 722.40
173.00 372.32
173.50 445.73
174.00 754.86
174.50 735.25
175.00 706.58
175.50 782.10
176.00 761.67
176.50 706.43
177.00 730.79
177.50 742.18
178.00 728.35
178.50 739.61
179.00 783.73
179.50 740.41
180.00 722.00
180.50 760.70
181.00 736.59
181.50 730.67
182.00 717.56
182.50 706.27
183.00 668.69
183.50 763.22
184.00 782.94
184.50 755.66
185.00 729.50
185.50 713.62
186.00 730.23
186.50 690.55
187.00 703.33
187.50 729.22
188.00 718.72
188.50 770.63
189.00 722.02
189.50 771.34
190.00 722.05
190.50 748.73
191.00 717.93
191.50 764.39
192.00 724.60
192.50 719.91
193.00 697.48
193.50 765.34
194.00 729.68
194.50 728.02
195.00 779.72
195.50 726.70
196.00 735.44
196.50 789.66
197.00 738.15
197.50 720.26
198.00 746.55
198.50 741.05
199.00 755.14
199.50 738.80
200.00 718.83
200.50 780.23
201.00 773.19
201.50 728.02
202.00 713.93
202.50 749.90
203.00 728.11
203.50 711.78
204.00 770.27
204.50 712.32
205.00 784.36
205.50 775.10
206.00 722.02
206.50 739.00
207.00 756.81
207.50 754.61
208.00 758.88
208.50 753.77
209.00 734.01
209.50 729.28
210.00 743.69
210.50 737.50
211.00 705.53
211.50 743.23
212.00 828.56
212.50 850.65
213.00 819.42
213.50 845.88
214.00 854.51
214.50 826.95
215.00 731.67
215.50 713.36
216.00 826.05
216.50 884.81
217.00 749.30
217.50 706.48
218.00 706.06
218.50 769.73
219.00 881.65
219.50 765.76
220.00 487.26
220.50 662.26
221.00 692.42
221.50 724.83
222.00 768.87
222.50 678.62
223.00 756.98
223.50 728.58
224.00 743.17
224.50 764.33
225.00 781.69
225.50 785.15
226.00 717.36
226.50 736.98
227.00 763.84
227.50 713.93
228.00 736.89
228.50 723.57
229.00 678.07
229.50 768.59
230.00 715.17
230.50 728.29
231.00 774.87
231.50 850.32
232.00 699.19
232.50 807.36
233.00 765.80
233.50 751.45
234.00 730.81
234.50 733.73
235.00 724.78
235.50 572.43
236.00 706.52
236.50 810.13
237.00 732.92
237.50 702.35
238.00 706.61
238.50 705.68
239.00 682.88
239.50 675.84
240.00 847.13
240.50 736.26
241.00 708.85
241.50 667.35
242.00 715.68
242.50 732.54
243.00 800.27
243.50 715.93
244.00 699.69
244.50 870.76
245.00 720.26
245.50 708.85
246.00 699.22
246.50 585.43
247.00 678.41
247.50 709.53
248.00 730.20
248.50 349.59
249.00 368.59
249.50 748.08
250.00 693.82
250.50 645.29
251.00 595.65
251.50 715.26
252.00 703.96
252.50 694.01
253.00 718.28
253.50 838.04
254.00 724.86
254.50 722.92
255.00 687.20
255.50 900.00
256.00 690.99
256.50 702.62
257.00 790.96
257.50 739.20
258.00 777.80
258.50 702.70
259.00 738.60
259.50 850.07
260.00 849.44
260.50 857.76
261.00 847.97
261.50 818.38
262.00 752.27
262.50 745.64
263.00 715.35
263.50 758.85
264.00 760.14
264.50 763.56
265.00 750.64
265.50 719.56
266.00 694.97
266.50 726.05
267.00 752.77
267.50 764.58
268.00 743.58
268.50 737.28
269.00 301.82
269.50 749.81
270.00 610.21
270.50 0.00
271.00 346.19
271.50 789.66
272.00 882.71
272.50 822.16
273.00 847.21
273.50 753.83
274.00 730.30
274.50 663.57
275.00 733.18
275.50 798.37
276.00 718.22
276.50 585.24
277.00 690.96
277.50 714.35
278.00 755.29
278.50 697.60
279.00 761.22
279.50 671.75
280.00 682.53
280.50 708.74
281.00 688.58
281.50 736.14
282.00 649.78
282.50 686.86
283.00 737.65
283.50 712.32
284.00 697.00
284.50 769.51
285.00 699.00
285.50 819.26
286.00 838.98
286.50 703.36
287.00 692.81
287.50 506.67
288.00 730.51
288.50 448.41
289.00 713.27
289.50 692.23
290.00 792.66
290.50 761.40
291.00 725.79
291.50 743.26
292.00 722.54
292.50 458.11
293.00 809.50
293.50 742.85
294.00 787.45
294.50 767.27
295.00 729.55
295.50 804.19
296.00 754.11
296.50 695.80
297.00 847.21
297.50 900.00
298.00 865.90
298.50 826.09
299.00 806.61
299.50 779.30
