0.00 675.24
0.50 723.65
1.00 716.16
1.50 695.95
2.00 692.68
2.50 757.78
3.00 784.88
3.50 754.01
4.00 760.17
4.50 785.71
5.00 701.01
5.50 771.37
6.00 782.94
6.50 870.66
7.00 729.04
7.50 702.31
8.00 704.29
8.50 742.52
9.00 694.71
9.50 672.57
10.00 883.19
10.50 790.39
11.00 803.44
11.50 814.29
12.00 819.78
12.50 829.77
13.00 846.14
13.50 837.88
14.00 848.46
14.50 807.66
15.00 817.46
15.50 50.79
16.00 538.93
16.50 768.24
17.00 771.49
17.50 708.72
18.00 688.34
18.50 892.83
19.00 848.37
19.50 841.61
20.00 828.04
20.50 781.50
21.00 698.58
21.50 672.65
22.00 117.00
22.50 504.56
23.00 738.80
23.50 713.15
24.00 721.89
24.50 710.89
25.00 863.05
25.50 820.58
26.00 802.37
26.50 732.86
27.00 732.95
27.50 216.71
28.00 386.03
28.50 176.99
29.00 310.91
29.50 702.37
30.00 727.92
30.50 800.61
31.00 754.65
31.50 726.55
32.00 691.16
32.50 726.74
33.00 678.70
33.50 697.19
34.00 705.53
34.50 697.04
35.00 664.58
35.50 779.10
36.00 722.00
36.50 722.00
37.00 701.59
37.50 701.34
38.00 710.73
38.50 760.64
39.00 766.34
39.50 717.04
40.00 740.77
40.50 0.00
41.00 866.92
41.50 855.68
42.00 843.82
42.50 863.92
43.00 821.07
43.50 836.18
44.00 831.34
44.50 835.36
45.00 864.37
45.50 816.70
46.00 814.63
46.50 806.02
47.00 867.26
47.50 814.79
48.00 674.74
48.50 775.93
49.00 675.99
49.50 683.42
50.00 831.86
50.50 684.91
51.00 738.46
51.50 757.12
52.00 676.10
52.50 690.38
53.00 716.44
53.50 705.77
54.00 709.40
54.50 825.21
55.00 843.33
55.50 855.20
56.00 736.44
56.50 866.65
57.00 818.31
57.50 707.41
58.00 474.90
58.50 151.80
59.00 578.84
59.50 793.49
60.00 17.80
60.50 198.24
61.00 728.01
61.50 636.69
62.00 800.59
62.50 705.87
63.00 710.44
63.50 720.70
64.00 684.38
64.50 695.81
65.00 587.95
65.50 732.12
66.00 743.40
66.50 696.38
67.00 761.34
67.50 754.84
68.00 161.48
68.50 20.89
69.00 18.06
69.50 0.00
70.00 17.44
70.50 13.25
71.00 15.87
71.50 351.23
72.00 580.29
72.50 3.42
73.00 0.00
73.50 752.12
74.00 719.23
74.50 724.84
75.00 716.85
75.50 712.63
76.00 732.18
76.50 691.45
77.00 801.11
77.50 758.00
78.00 417.15
78.50 747.82
79.00 733.41
79.50 683.30
80.00 670.23
80.50 691.85
81.00 720.03
81.50 716.26
82.00 677.34
82.50 707.35
83.00 819.34
83.50 672.83
84.00 705.10
84.50 729.28
85.00 839.40
85.50 874.44
86.00 751.47
86.50 786.10
87.00 828.29
87.50 857.33
88.00 737.97
88.50 767.24
89.00 759.46
89.50 740.89
90.00 703.45
90.50 740.53
91.00 769.83
91.50 797.24
92.00 679.89
92.50 749.35
93.00 733.44
93.50 779.48
94.00 717.02
94.50 810.25
95.00 847.75
95.50 825.99
96.00 871.81
96.50 874.43
97.00 850.47
97.50 852.20
98.00 849.64
98.50 851.58
99.00 764.08
99.50 478.77
100.00 831.61
100.50 716.55
101.00 759.81
101.50 787.17
102.00 209.53
102.50 749.66
103.00 694.13
103.50 705.29
104.00 690.59
104.50 868.61
105.00 864.67
105.50 815.68
106.00 846.15
106.50 836.34
107.00 858.78
107.50 860.22
108.00 832.91
108.50 856.07
109.00 809.67
109.50 834.26
110.00 827.02
110.50 826.32
111.00 860.18
111.50 838.22
112.00 837.85
112.50 848.95
113.00 857.73
113.50 726.14
114.00 697.50
114.50 728.71
115.00 691.46
115.50 778.50
116.00 700.55
116.50 737.03
117.00 725.16
117.50 797.52
118.00 726.75
118.50 733.00
119.00 709.38
119.50 715.50
120.00 730.05
120.50 753.90
121.00 749.64
121.50 761.04
122.00 671.41
122.50 680.70
123.00 748.24
123.50 710.51
124.00 701.23
124.50 780.42
125.00 732.95
125.50 732.60
126.00 749.34
126.50 726.99
127.00 755.89
127.50 735.40
128.00 758.23
128.50 723.06
129.00 742.99
129.50 771.72
130.00 746.89
130.50 722.32
131.00 740.69
131.50 780.68
132.00 751.36
132.50 694.79
133.00 770.65
133.50 735.38
134.00 682.80
134.50 757.86
135.00 727.63
135.50 783.08
136.00 637.79
136.50 738.47
137.00 735.35
137.50 768.43
138.00 692.98
138.50 746.83
139.00 716.89
139.50 711.55
140.00 707.49
140.50 715.11
141.00 734.17
141.50 666.51
142.00 674.89
142.50 713.32
143.00 758.20
143.50 750.64
144.00 762.51
144.50 733.26
145.00 796.57
145.50 679.15
146.00 682.86
146.50 458.87
147.00 677.50
147.50 344.89
148.00 689.35
148.50 738.74
149.00 705.71
149.50 687.87
150.00 761.13
150.50 732.93
151.00 792.46
151.50 836.48
152.00 749.01
152.50 733.33
153.00 715.56
153.50 708.25
154.00 714.23
154.50 751.45
155.00 728.18
155.50 703.55
156.00 732.74
156.50 680.50
157.00 769.95
157.50 726.34
158.00 720.87
158.50 727.00
159.00 745.63
159.50 724.53
160.00 742.91
160.50 732.35
161.00 719.28
161.50 757.74
162.00 752.60
162.50 704.60
163.00 769.73
163.50 770.16
164.00 697.76
164.50 704.96
165.00 702.99
165.50 711.65
166.00 705.66
166.50 742.59
167.00 706.99
167.50 767.13
168.00 765.06
168.50 715.20
169.00 742.21
169.50 729.69
170.00 758.88
170.50 778.04
171.00 697.12
171.50 733.66
172.00 769.18
172.50 762.25
173.00 757.90
173.50 720.26
174.00 674.73
174.50 773.39
175.00 696.08
175.50 762.78
176.00 743.96
176.50 751.77
177.00 720.39
177.50 714.72
178.00 690.26
178.50 701.74
179.00 822.63
179.50 858.56
180.00 854.98
180.50 696.72
181.00 695.92
181.50 712.45
182.00 704.60
182.50 844.85
183.00 729.72
183.50 815.22
184.00 822.65
184.50 838.16
185.00 805.78
185.50 744.38
186.00 720.19
186.50 304.88
187.00 749.89
187.50 680.55
188.00 361.10
188.50 227.17
189.00 808.07
189.50 829.09
190.00 723.70
190.50 708.22
191.00 726.22
191.50 763.12
192.00 760.85
192.50 835.61
193.00 830.57
193.50 825.41
194.00 803.72
194.50 824.54
195.00 862.64
195.50 344.97
196.00 715.49
196.50 624.00
197.00 747.50
197.50 740.90
198.00 772.77
198.50 841.01
199.00 823.69
199.50 850.09
200.00 794.57
200.50 852.20
201.00 874.72
201.50 847.24
202.00 850.60
202.50 873.47
203.00 714.43
203.50 720.61
204.00 422.07
204.50 0.00
205.00 1.21
205.50 22.13
206.00 24.30
206.50 427.67
207.00 546.10
207.50 725.46
208.00 754.95
208.50 744.16
209.00 770.80
209.50 782.78
210.00 762.71
210.50 500.35
211.00 162.04
211.50 201.68
212.00 311.51
212.50 317.74
213.00 721.94
213.50 650.29
214.00 799.96
214.50 700.73
215.00 746.69
215.50 742.11
216.00 752.68
216.50 671.90
217.00 703.01
217.50 721.38
218.00 765.74
218.50 431.09
219.00 729.15
219.50 743.98
220.00 742.19
220.50 675.27
221.00 798.20
221.50 735.06
222.00 864.62
222.50 709.27
223.00 806.21
223.50 788.40
224.00 706.45
224.50 748.16
225.00 759.84
225.50 821.45
226.00 0.00
226.50 0.00
227.00 0.00
227.50 0.00
228.00 0.00
228.50 245.40
229.00 384.61
229.50 684.11
230.00 723.12
230.50 683.87
231.00 753.34
231.50 725.44
232.00 790.13
232.50 678.37
233.00 424.74
233.50 758.26
234.00 839.12
234.50 877.06
235.00 742.24
235.50 738.91
236.00 717.51
236.50 716.22
237.00 838.92
237.50 779.22
238.00 732.56
238.50 739.59
239.00 706.77
239.50 717.51
240.00 738.96
240.50 743.38
241.00 756.56
241.50 709.03
242.00 708.14
242.50 701.54
243.00 762.10
243.50 752.72
244.00 245.84
244.50 232.38
245.00 667.97
245.50 663.05
246.00 725.31
246.50 777.91
247.00 818.57
247.50 801.21
248.00 737.33
248.50 746.20
249.00 809.23
249.50 780.82
250.00 683.44
250.50 751.59
251.00 21.73
251.50 6.05
252.00 267.18
252.50 470.43
253.00 707.46
253.50 682.43
254.00 712.17
254.50 849.73
255.00 746.91
255.50 712.82
256.00 641.96
256.50 674.62
257.00 756.04
257.50 688.03
258.00 844.41
258.50 829.17
259.00 854.68
259.50 847.63
260.00 836.34
260.50 833.29
261.00 712.16
261.50 737.87
262.00 734.73
262.50 841.91
263.00 820.26
263.50 823.88
264.00 649.87
264.50 744.74
265.00 768.97
265.50 826.39
266.00 854.74
266.50 856.72
267.00 0.00
267.50 23.48
268.00 662.36
268.50 391.13
269.00 704.29
269.50 818.01
270.00 771.51
270.50 674.35
271.00 687.23
271.50 752.36
272.00 730.06
272.50 742.40
273.00 732.36
273.50 760.90
274.00 826.63
274.50 737.14
275.00 718.59
275.50 700.93
276.00 759.18
276.50 757.82
277.00 705.68
277.50 718.04
278.00 770.79
278.50 844.66
279.00 855.23
279.50 846.08
280.00 848.71
280.50 839.36
281.00 845.53
281.50 840.33
282.00 747.91
282.50 825.51
283.00 830.51
283.50 852.18
284.00 884.18
284.50 859.82
285.00 850.03
285.50 843.06
286.00 855.60
286.50 833.45
287.00 865.78
287.50 827.21
288.00 870.15
288.50 843.42
289.00 762.64
289.50 747.19
290.00 809.31
290.50 847.04
291.00 833.74
291.50 835.57
292.00 826.12
292.50 849.50
293.00 837.39
293.50 755.74
294.00 708.54
294.50 677.29
295.00 328.06
295.50 723.20
296.00 0.00
296.50 691.96
297.00 765.56
297.50 679.86
298.00 62.79
298.50 721.84
299.00 744.53
299.50 772.03
