0.00 732.96
0.50 793.13
1.00 719.27
1.50 756.20
2.00 727.73
2.50 790.39
3.00 669.36
3.50 742.24
4.00 774.06
4.50 713.29
5.00 713.69
5.50 754.71
6.00 753.63
6.50 710.94
7.00 733.93
7.50 780.12
8.00 723.94
8.50 708.66
9.00 661.18
9.50 717.43
10.00 709.05
10.50 707.98
11.00 733.30
11.50 731.46
12.00 792.98
12.50 781.62
13.00 756.73
13.50 705.62
14.00 749.85
14.50 679.14
15.00 811.70
15.50 740.10
16.00 757.25
16.50 699.26
17.00 727.80
17.50 680.49
18.00 735.80
18.50 776.16
19.00 724.74
19.50 718.01
20.00 705.14
20.50 727.98
21.00 687.43
21.50 190.67
22.00 408.15
22.50 4.52
23.00 8.98
23.50 244.27
24.00 21.38
24.50 515.17
25.00 803.70
25.50 653.42
26.00 797.56
26.50 320.41
27.00 349.41
27.50 377.33
28.00 711.19
28.50 753.18
29.00 735.18
29.50 667.47
30.00 358.23
30.50 786.70
31.00 722.63
31.50 655.65
32.00 538.05
32.50 208.56
33.00 186.45
33.50 0.00
34.00 0.00
34.50 544.11
35.00 751.13
35.50 89.62
36.00 25.49
36.50 563.41
37.00 738.70
37.50 742.92
38.00 0.00
38.50 741.22
39.00 693.94
39.50 720.38
40.00 697.71
40.50 789.21
41.00 640.54
41.50 846.83
42.00 671.63
42.50 724.04
43.00 714.11
43.50 791.77
44.00 449.26
44.50 824.81
45.00 851.42
45.50 661.17
46.00 736.13
46.50 666.97
47.00 713.65
47.50 731.34
48.00 760.93
48.50 675.63
49.00 862.88
49.50 880.39
50.00 719.04
50.50 761.60
51.00 777.74
51.50 687.40
52.00 194.44
52.50 779.10
53.00 694.45
53.50 708.79
54.00 716.46
54.50 788.60
55.00 779.98
55.50 756.09
56.00 761.95
56.50 745.61
57.00 710.88
57.50 737.62
58.00 644.79
58.50 703.99
59.00 851.89
59.50 864.57
60.00 852.64
60.50 849.15
61.00 742.30
61.50 687.96
62.00 744.08
62.50 440.58
63.00 499.79
63.50 7.84
64.00 177.77
64.50 727.61
65.00 471.87
65.50 769.20
66.00 403.83
66.50 268.26
67.00 0.00
67.50 21.38
68.00 308.49
68.50 727.16
69.00 790.54
69.50 833.68
70.00 831.51
70.50 167.13
71.00 736.36
71.50 756.15
72.00 683.81
72.50 812.61
73.00 829.98
73.50 830.56
74.00 738.06
74.50 630.76
75.00 697.36
75.50 728.50
76.00 889.06
76.50 738.96
77.00 702.61
77.50 697.63
78.00 859.41
78.50 873.43
79.00 851.71
79.50 401.57
80.00 154.05
80.50 762.04
81.00 711.59
81.50 891.95
82.00 826.93
82.50 825.61
83.00 838.78
83.50 852.89
84.00 879.52
84.50 852.74
85.00 837.99
85.50 855.11
86.00 849.90
86.50 836.42
87.00 811.86
87.50 851.66
88.00 805.22
88.50 853.41
89.00 868.35
89.50 855.74
90.00 747.50
90.50 774.34
91.00 715.17
91.50 667.91
92.00 747.25
92.50 254.26
93.00 526.18
93.50 715.67
94.00 738.20
94.50 715.29
95.00 692.50
95.50 712.46
96.00 766.45
96.50 796.94
97.00 772.16
97.50 843.10
98.00 854.48
98.50 725.38
99.00 806.03
99.50 698.52
100.00 787.75
100.50 831.59
101.00 826.85
101.50 827.37
102.00 203.41
102.50 205.61
103.00 730.17
103.50 671.11
104.00 840.83
104.50 858.09
105.00 711.68
105.50 676.22
106.00 739.79
106.50 772.36
107.00 734.03
107.50 720.32
108.00 711.90
108.50 822.07
109.00 688.57
109.50 722.59
110.00 717.38
110.50 837.02
111.00 762.89
111.50 795.99
112.00 750.41
112.50 754.74
113.00 759.85
113.50 713.25
114.00 697.14
114.50 706.59
115.00 763.00
115.50 747.32
116.00 738.05
116.50 789.32
117.00 635.95
117.50 710.39
118.00 755.58
118.50 724.66
119.00 773.47
119.50 770.02
120.00 713.70
120.50 735.40
121.00 683.54
121.50 739.26
122.00 690.20
122.50 689.56
123.00 736.13
123.50 762.99
124.00 704.28
124.50 761.19
125.00 839.35
125.50 691.02
126.00 732.76
126.50 842.11
127.00 696.91
127.50 736.30
128.00 686.29
128.50 779.89
129.00 729.41
129.50 832.70
130.00 844.52
130.50 674.18
131.00 754.55
131.50 754.00
132.00 732.07
132.50 677.18
133.00 700.88
133.50 696.78
134.00 748.24
134.50 693.08
135.00 743.56
135.50 678.37
136.00 732.14
136.50 691.26
137.00 719.45
137.50 742.21
138.00 717.57
138.50 792.84
139.00 721.96
139.50 526.63
140.00 147.78
140.50 0.00
141.00 180.69
141.50 1.85
142.00 1.66
142.50 199.56
143.00 533.46
143.50 701.16
144.00 713.97
144.50 762.57
145.00 738.94
145.50 747.07
146.00 723.36
146.50 419.48
147.00 561.66
147.50 735.13
148.00 734.82
148.50 409.76
149.00 0.00
149.50 207.42
150.00 790.87
150.50 780.02
151.00 697.00
151.50 750.85
152.00 738.27
152.50 725.55
153.00 757.20
153.50 763.81
154.00 689.61
154.50 779.46
155.00 794.38
155.50 764.77
156.00 772.35
156.50 730.54
157.00 727.21
157.50 751.21
158.00 698.86
158.50 769.13
159.00 727.56
159.50 769.48
160.00 693.42
160.50 822.71
161.00 624.48
161.50 767.72
162.00 785.72
162.50 729.53
163.00 784.01
163.50 705.77
164.00 702.54
164.50 733.26
165.00 703.44
165.50 823.10
166.00 710.64
166.50 679.29
167.00 732.66
167.50 738.52
168.00 764.31
168.50 705.60
169.00 740.72
169.50 748.75
170.00 735.13
170.50 729.22
171.00 758.06
171.50 694.31
172.00 412.31
172.50 373.52
173.00 719.98
173.50 811.89
174.00 752.37
174.50 684.75
175.00 728.20
175.50 762.08
176.00 718.33
176.50 691.50
177.00 834.18
177.50 716.43
178.00 693.36
178.50 689.52
179.00 703.82
179.50 391.26
180.00 122.90
180.50 135.46
181.00 763.46
181.50 823.01
182.00 856.23
182.50 848.45
183.00 801.19
183.50 822.68
184.00 296.30
184.50 710.73
185.00 742.54
185.50 650.11
186.00 771.88
186.50 84.53
187.00 760.74
187.50 861.40
188.00 160.11
188.50 2.16
189.00 66.98
189.50 259.85
190.00 753.56
190.50 519.23
191.00 399.48
191.50 686.93
192.00 733.62
192.50 743.67
193.00 860.30
193.50 707.83
194.00 767.25
194.50 759.68
195.00 727.00
195.50 900.00
196.00 719.30
196.50 744.29
197.00 698.63
197.50 847.77
198.00 834.32
198.50 719.43
199.00 819.71
199.50 778.28
200.00 708.48
200.50 719.87
201.00 630.93
201.50 739.76
202.00 851.91
202.50 688.74
203.00 734.55
203.50 693.72
204.00 688.94
204.50 824.47
205.00 851.52
205.50 693.99
206.00 694.96
206.50 734.26
207.00 185.86
207.50 395.31
208.00 644.54
208.50 783.86
209.00 430.28
209.50 514.89
210.00 649.31
210.50 594.31
211.00 719.65
211.50 551.31
212.00 191.14
212.50 677.69
213.00 182.77
213.50 711.73
214.00 681.61
214.50 797.28
215.00 728.93
215.50 833.96
216.00 787.68
216.50 710.25
217.00 673.42
217.50 840.91
218.00 796.31
218.50 777.42
219.00 678.78
219.50 717.37
220.00 819.45
220.50 694.73
221.00 851.07
221.50 845.95
222.00 763.01
222.50 701.17
223.00 695.06
223.50 827.01
224.00 428.71
224.50 702.89
225.00 684.87
225.50 688.07
226.00 711.29
226.50 686.09
227.00 709.43
227.50 711.06
228.00 766.37
228.50 735.76
229.00 714.30
229.50 682.34
230.00 725.56
230.50 722.42
231.00 777.85
231.50 805.85
232.00 855.92
232.50 686.51
233.00 672.62
233.50 720.25
234.00 860.22
234.50 688.32
235.00 729.56
235.50 705.50
236.00 718.39
236.50 743.30
237.00 787.96
237.50 787.82
238.00 765.78
238.50 731.81
239.00 695.02
239.50 725.25
240.00 768.67
240.50 721.17
241.00 724.68
241.50 723.27
242.00 749.58
242.50 679.15
243.00 717.16
243.50 726.83
244.00 723.89
244.50 764.01
245.00 700.97
245.50 741.52
246.00 711.68
246.50 773.65
247.00 719.71
247.50 684.27
248.00 757.27
248.50 774.09
249.00 715.26
249.50 746.57
250.00 745.53
250.50 742.16
251.00 714.71
251.50 699.05
252.00 700.75
252.50 727.50
253.00 751.95
253.50 706.59
254.00 736.83
254.50 760.62
255.00 774.18
255.50 755.43
256.00 728.04
256.50 670.53
257.00 752.82
257.50 731.68
258.00 790.91
258.50 703.32
259.00 721.89
259.50 720.29
260.00 693.62
260.50 692.58
261.00 546.64
261.50 696.70
262.00 630.31
262.50 727.96
263.00 780.89
263.50 713.46
264.00 659.26
264.50 744.74
265.00 751.76
265.50 732.62
266.00 724.55
266.50 728.02
267.00 843.53
267.50 855.64
268.00 757.57
268.50 764.58
269.00 809.67
269.50 742.89
270.00 673.73
270.50 718.44
271.00 714.44
271.50 875.42
272.00 805.28
272.50 699.40
273.00 712.50
273.50 728.05
274.00 741.57
274.50 736.52
275.00 739.38
275.50 709.53
276.00 701.50
276.50 703.21
277.00 706.17
277.50 720.32
278.00 676.81
278.50 731.63
279.00 722.13
279.50 717.73
280.00 711.29
280.50 838.56
281.00 739.19
281.50 697.32
282.00 13.01
282.50 527.05
283.00 0.00
283.50 0.00
284.00 17.12
284.50 6.75
285.00 107.67
285.50 705.40
286.00 309.37
286.50 5.03
287.00 336.52
287.50 305.46
288.00 679.01
288.50 145.35
289.00 689.80
289.50 682.29
290.00 782.38
290.50 691.63
291.00 754.68
291.50 806.92
292.00 759.74
292.50 716.33
293.00 738.83
293.50 754.80
294.00 113.69
294.50 267.57
295.00 722.59
295.50 153.92
296.00 586.75
296.50 518.07
297.00 272.50
297.50 0.00
298.00 789.25
298.50 368.63
299.00 787.90
299.50 731.00
