0.00 738.17
0.50 695.58
1.00 711.42
1.50 715.64
2.00 715.34
2.50 687.30
3.00 695.75
3.50 780.13
4.00 753.89
4.50 662.96
5.00 755.45
5.50 520.67
6.00 271.16
6.50 665.06
7.00 485.85
7.50 679.20
8.00 427.25
8.50 363.04
9.00 365.49
9.50 788.70
10.00 730.42
10.50 740.57
11.00 695.13
11.50 211.98
12.00 422.41
12.50 141.73
13.00 495.96
13.50 789.22
14.00 692.24
14.50 735.75
15.00 714.25
15.50 702.05
16.00 748.80
16.50 697.10
17.00 717.82
17.50 739.49
18.00 797.10
18.50 729.68
19.00 795.66
19.50 753.05
20.00 789.80
20.50 725.55
21.00 714.34
21.50 768.61
22.00 778.25
22.50 752.09
23.00 835.89
23.50 827.36
24.00 852.28
24.50 497.93
25.00 149.95
25.50 833.48
26.00 760.06
26.50 743.94
27.00 712.23
27.50 697.83
28.00 872.61
28.50 817.01
29.00 751.47
29.50 842.07
30.00 776.49
30.50 743.70
31.00 698.05
31.50 712.96
32.00 731.58
32.50 203.96
33.00 5.51
33.50 330.55
34.00 254.76
34.50 0.00
35.00 0.00
35.50 385.80
36.00 5.61
36.50 8.82
37.00 225.22
37.50 844.48
38.00 157.64
38.50 677.12
39.00 861.82
39.50 856.52
40.00 872.80
40.50 847.33
41.00 797.59
41.50 879.61
42.00 727.56
42.50 701.81
43.00 767.91
43.50 786.36
44.00 664.60
44.50 802.37
45.00 684.18
45.50 727.97
46.00 729.18
46.50 790.91
47.00 717.46
47.50 672.95
48.00 709.32
48.50 740.45
49.00 712.70
49.50 712.66
50.00 720.87
50.50 756.37
51.00 745.43
51.50 757.57
52.00 686.83
52.50 696.80
53.00 783.76
53.50 738.70
54.00 730.56
54.50 681.48
55.00 774.74
55.50 732.83
56.00 728.52
56.50 719.09
57.00 757.47
57.50 0.00
58.00 12.09
58.50 12.24
59.00 696.04
59.50 766.18
60.00 813.33
60.50 783.05
61.00 759.24
61.50 821.14
62.00 810.63
62.50 775.49
63.00 787.69
63.50 646.37
64.00 830.80
64.50 440.17
65.00 730.86
65.50 766.77
66.00 674.61
66.50 810.49
67.00 727.96
67.50 838.93
68.00 840.20
68.50 712.24
69.00 588.80
69.50 684.67
70.00 714.41
70.50 687.70
71.00 711.23
71.50 790.05
72.00 701.86
72.50 831.88
73.00 692.70
73.50 900.00
74.00 842.81
74.50 740.28
75.00 775.50
75.50 777.20
76.00 878.33
76.50 784.83
77.00 849.68
77.50 774.42
78.00 874.52
78.50 712.14
79.00 703.03
79.50 843.41
80.00 739.82
80.50 697.02
81.00 856.09
81.50 750.71
82.00 673.69
82.50 811.06
83.00 797.62
83.50 836.83
84.00 853.18
84.50 748.70
85.00 674.11
85.50 729.35
86.00 733.43
86.50 693.69
87.00 796.25
87.50 767.08
88.00 737.71
88.50 767.05
89.00 792.98
89.50 808.25
90.00 884.84
90.50 402.17
91.00 686.56
91.50 724.28
92.00 705.64
92.50 891.22
93.00 712.24
93.50 287.23
94.00 853.02
94.50 848.77
95.00 850.38
95.50 800.23
96.00 876.75
96.50 836.19
97.00 463.89
97.50 720.18
98.00 741.72
98.50 140.07
99.00 0.00
99.50 863.27
100.00 876.02
100.50 707.29
101.00 725.36
101.50 690.67
102.00 706.42
102.50 673.72
103.00 814.80
103.50 739.70
104.00 713.01
104.50 696.78
105.00 364.48
105.50 695.57
106.00 858.93
106.50 716.51
107.00 680.64
107.50 712.70
108.00 880.84
108.50 66.16
109.00 122.21
109.50 341.68
110.00 14.24
110.50 12.24
111.00 258.54
111.50 0.00
112.00 377.27
112.50 684.98
113.00 699.64
113.50 712.72
114.00 699.01
114.50 876.61
115.00 774.47
115.50 727.69
116.00 747.88
116.50 702.21
117.00 706.94
117.50 185.06
118.00 765.58
118.50 723.44
119.00 720.81
119.50 749.71
120.00 678.80
120.50 721.15
121.00 767.89
121.50 717.80
122.00 773.30
122.50 822.16
123.00 846.38
123.50 838.78
124.00 839.46
124.50 707.63
125.00 757.48
125.50 807.21
126.00 790.35
126.50 711.01
127.00 696.79
127.50 712.74
128.00 712.02
128.50 708.55
129.00 857.13
129.50 735.57
130.00 745.77
130.50 734.35
131.00 679.90
131.50 705.76
132.00 759.35
132.50 764.76
133.00 655.20
133.50 824.16
134.00 717.18
134.50 717.57
135.00 792.32
135.50 738.51
136.00 760.38
136.50 748.80
137.00 682.57
137.50 813.02
138.00 684.12
138.50 833.34
139.00 726.39
139.50 744.36
140.00 822.51
140.50 803.61
141.00 841.97
141.50 864.41
142.00 846.11
142.50 864.23
143.00 352.17
143.50 165.26
144.00 341.57
144.50 574.97
145.00 748.50
145.50 710.80
146.00 746.11
146.50 826.54
147.00 713.45
147.50 709.16
148.00 764.40
148.50 736.67
149.00 738.53
149.50 762.84
150.00 716.24
150.50 725.57
151.00 711.60
151.50 698.97
152.00 811.05
152.50 787.03
153.00 700.27
153.50 656.14
154.00 734.27
154.50 714.12
155.00 849.52
155.50 745.34
156.00 208.93
156.50 8.11
157.00 159.99
157.50 0.00
158.00 417.24
158.50 0.00
159.00 672.09
159.50 714.42
160.00 729.56
160.50 624.65
161.00 12.70
161.50 444.27
162.00 738.63
162.50 732.38
163.00 705.76
163.50 722.98
164.00 693.65
164.50 696.42
165.00 827.14
165.50 711.08
166.00 834.81
166.50 870.48
167.00 830.59
167.50 882.17
168.00 839.01
168.50 835.26
169.00 839.19
169.50 865.82
170.00 707.24
170.50 836.87
171.00 839.14
171.50 847.83
172.00 851.61
172.50 746.24
173.00 737.42
173.50 707.38
174.00 667.49
174.50 658.48
175.00 709.54
175.50 715.94
176.00 795.64
176.50 847.11
177.00 9.49
177.50 0.00
178.00 808.05
178.50 465.26
179.00 176.01
179.50 676.49
180.00 600.31
180.50 801.83
181.00 738.82
181.50 139.17
182.00 161.03
182.50 22.06
183.00 0.00
183.50 854.36
184.00 703.47
184.50 705.08
185.00 743.65
185.50 708.09
186.00 691.69
186.50 783.94
187.00 868.67
187.50 690.39
188.00 700.16
188.50 0.00
189.00 758.34
189.50 783.84
190.00 762.80
190.50 714.84
191.00 694.82
191.50 393.31
192.00 264.22
192.50 387.35
193.00 760.77
193.50 712.26
194.00 711.06
194.50 856.77
195.00 651.77
195.50 689.75
196.00 751.14
196.50 367.80
197.00 0.00
197.50 10.70
198.00 269.81
198.50 701.81
199.00 674.51
199.50 747.23
200.00 705.28
200.50 594.87
201.00 826.27
201.50 702.69
202.00 860.72
202.50 710.27
203.00 759.86
203.50 788.69
204.00 803.64
204.50 692.40
205.00 730.26
205.50 745.11
206.00 724.92
206.50 744.83
207.00 839.17
207.50 828.79
208.00 843.17
208.50 659.78
209.00 731.05
209.50 853.65
210.00 880.45
210.50 849.47
211.00 850.48
211.50 816.51
212.00 872.12
212.50 696.06
213.00 679.80
213.50 736.31
214.00 853.46
214.50 727.98
215.00 664.21
215.50 705.14
216.00 703.25
216.50 721.84
217.00 744.70
217.50 682.62
218.00 751.82
218.50 686.94
219.00 742.04
219.50 769.57
220.00 696.73
220.50 667.00
221.00 706.87
221.50 734.64
222.00 674.11
222.50 844.69
223.00 692.89
223.50 691.59
224.00 826.80
224.50 767.15
225.00 757.07
225.50 744.58
226.00 737.36
226.50 725.57
227.00 746.20
227.50 720.15
228.00 734.03
228.50 718.36
229.00 364.74
229.50 710.79
230.00 717.13
230.50 723.30
231.00 715.31
231.50 703.66
232.00 708.81
232.50 365.50
233.00 818.48
233.50 721.16
234.00 744.93
234.50 710.59
235.00 687.95
235.50 766.70
236.00 834.70
236.50 706.13
237.00 670.68
237.50 729.65
238.00 479.33
238.50 173.06
239.00 262.04
239.50 238.85
240.00 394.57
240.50 752.66
241.00 705.54
241.50 681.85
242.00 764.66
242.50 690.41
243.00 766.18
243.50 701.10
244.00 767.25
244.50 788.64
245.00 708.28
245.50 736.12
246.00 707.26
246.50 680.97
247.00 764.26
247.50 152.80
248.00 646.02
248.50 328.86
249.00 0.00
249.50 0.00
250.00 30.73
250.50 12.98
251.00 807.46
251.50 741.31
252.00 733.71
252.50 690.02
253.00 722.82
253.50 730.15
254.00 805.65
254.50 708.91
255.00 749.27
255.50 741.41
256.00 710.09
256.50 708.95
257.00 677.76
257.50 725.20
258.00 748.10
258.50 756.02
259.00 708.04
259.50 751.45
260.00 710.17
260.50 693.10
261.00 705.47
261.50 738.22
262.00 721.86
262.50 710.66
263.00 706.74
263.50 688.98
264.00 760.30
264.50 747.67
265.00 701.94
265.50 771.78
266.00 758.08
266.50 753.33
267.00 749.89
267.50 713.32
268.00 710.95
268.50 729.45
269.00 762.07
269.50 726.61
270.00 812.46
270.50 811.28
271.00 743.98
271.50 760.94
272.00 726.04
272.50 750.06
273.00 717.49
273.50 749.93
274.00 675.24
274.50 771.19
275.00 694.10
275.50 721.77
276.00 677.28
276.50 753.32
277.00 761.96
277.50 748.57
278.00 745.60
278.50 746.01
279.00 748.67
279.50 707.09
280.00 745.66
280.50 766.18
281.00 701.18
281.50 754.96
282.00 742.46
282.50 770.41
283.00 758.46
283.50 763.63
284.00 733.97
284.50 766.22
285.00 651.36
285.50 854.07
286.00 830.97
286.50 848.03
287.00 831.74
287.50 810.73
288.00 862.80
288.50 845.91
289.00 868.94
289.50 868.81
290.00 807.25
290.50 819.75
291.00 846.28
291.50 875.53
292.00 822.62
292.50 852.40
293.00 843.37
293.50 853.30
294.00 766.49
294.50 783.61
295.00 781.80
295.50 129.18
296.00 408.82
296.50 766.04
297.00 843.00
297.50 789.62
298.00 849.89
298.50 827.63
299.00 829.71
299.50 839.75
