0.00 795.79
0.50 728.68
1.00 737.09
1.50 737.52
2.00 731.05
2.50 752.09
3.00 744.26
3.50 712.26
4.00 696.77
4.50 728.89
5.00 751.41
5.50 739.22
6.00 730.17
6.50 751.75
7.00 725.72
7.50 716.32
8.00 721.88
8.50 724.19
9.00 723.42
9.50 752.68
10.00 727.89
10.50 740.74
11.00 744.72
11.50 736.71
12.00 696.63
12.50 779.09
13.00 728.70
13.50 730.66
14.00 735.74
14.50 684.31
15.00 718.52
15.50 697.93
16.00 890.37
16.50 359.65
17.00 341.18
17.50 727.55
18.00 737.15
18.50 859.85
19.00 812.14
19.50 840.11
20.00 819.31
20.50 810.89
21.00 876.91
21.50 834.71
22.00 733.55
22.50 661.09
23.00 832.82
23.50 802.80
24.00 681.63
24.50 715.20
25.00 785.15
25.50 826.83
26.00 689.83
26.50 687.39
27.00 751.70
27.50 721.02
28.00 136.44
28.50 725.01
29.00 710.73
29.50 693.13
30.00 414.14
30.50 765.71
31.00 738.67
31.50 728.59
32.00 12.49
32.50 2.35
33.00 388.11
33.50 188.52
34.00 415.67
34.50 551.16
35.00 617.18
35.50 749.01
36.00 900.00
36.50 680.04
37.00 391.24
37.50 727.22
38.00 689.96
38.50 848.91
39.00 696.57
39.50 730.61
40.00 782.16
40.50 693.83
41.00 813.92
41.50 11.82
42.00 22.49
42.50 174.20
43.00 719.01
43.50 867.14
44.00 758.18
44.50 383.29
45.00 164.08
45.50 3.19
46.00 24.10
46.50 209.45
47.00 384.23
47.50 344.29
48.00 694.06
48.50 691.18
49.00 698.19
49.50 685.07
50.00 900.00
50.50 739.64
51.00 728.66
51.50 722.20
52.00 678.83
52.50 0.00
53.00 0.00
53.50 2.84
54.00 764.10
54.50 762.69
55.00 704.26
55.50 732.21
56.00 740.79
56.50 671.12
57.00 834.06
57.50 885.58
58.00 820.08
58.50 825.84
59.00 753.83
59.50 661.16
60.00 680.74
60.50 751.41
61.00 687.31
61.50 701.02
62.00 713.04
62.50 718.24
63.00 731.06
63.50 661.49
64.00 883.92
64.50 738.21
65.00 718.56
65.50 253.21
66.00 335.31
66.50 828.38
67.00 697.02
67.50 728.10
68.00 734.03
68.50 740.93
69.00 240.62
69.50 313.04
70.00 171.98
70.50 742.94
71.00 854.21
71.50 713.75
72.00 723.46
72.50 895.87
73.00 709.19
73.50 706.03
74.00 672.24
74.50 718.51
75.00 874.04
75.50 829.00
76.00 832.23
76.50 571.16
77.00 900.00
77.50 717.54
78.00 701.26
78.50 700.42
79.00 774.17
79.50 805.50
80.00 816.89
80.50 716.35
81.00 699.02
81.50 717.53
82.00 663.58
82.50 754.40
83.00 701.96
83.50 691.40
84.00 433.75
84.50 675.69
85.00 783.69
85.50 694.70
86.00 831.00
86.50 694.00
87.00 175.28
87.50 705.99
88.00 742.81
88.50 695.19
89.00 742.88
89.50 717.08
90.00 826.05
90.50 724.47
91.00 759.36
91.50 769.27
92.00 799.70
92.50 787.93
93.00 842.42
93.50 721.87
94.00 683.58
94.50 862.93
95.00 711.77
95.50 722.38
96.00 731.64
96.50 711.60
97.00 710.17
97.50 687.57
98.00 724.85
98.50 683.35
99.00 731.65
99.50 731.27
100.00 666.55
100.50 680.96
101.00 878.53
101.50 834.33
102.00 693.37
102.50 333.78
103.00 703.82
103.50 730.26
104.00 796.70
104.50 806.13
105.00 827.17
105.50 698.69
106.00 724.31
106.50 812.97
107.00 699.78
107.50 710.48
108.00 772.23
108.50 705.88
109.00 693.85
109.50 755.60
110.00 718.49
110.50 808.47
111.00 697.23
111.50 688.09
112.00 719.23
112.50 691.97
113.00 796.47
113.50 712.13
114.00 716.30
114.50 720.47
115.00 92.35
115.50 709.82
116.00 718.90
116.50 730.22
117.00 715.66
117.50 720.07
118.00 758.04
118.50 900.00
119.00 865.52
119.50 759.25
120.00 696.38
120.50 666.65
121.00 722.19
121.50 712.17
122.00 692.23
122.50 676.82
123.00 669.75
123.50 592.48
124.00 713.82
124.50 708.29
125.00 697.96
125.50 854.00
126.00 798.68
126.50 888.76
127.00 711.22
127.50 849.74
128.00 702.17
128.50 21.72
129.00 0.00
129.50 11.53
130.00 7.07
130.50 22.55
131.00 13.21
131.50 1.95
132.00 2.61
132.50 462.45
133.00 716.17
133.50 776.62
134.00 666.58
134.50 764.50
135.00 856.98
135.50 844.25
136.00 848.18
136.50 838.70
137.00 775.88
137.50 783.15
138.00 710.86
138.50 837.20
139.00 308.20
139.50 357.74
140.00 113.64
140.50 840.71
141.00 812.94
141.50 847.43
142.00 862.63
142.50 819.66
143.00 810.36
143.50 861.87
144.00 804.51
144.50 840.46
145.00 743.85
145.50 758.17
146.00 687.04
146.50 744.04
147.00 784.43
147.50 83.80
148.00 0.00
148.50 413.60
149.00 245.29
149.50 342.01
150.00 672.26
150.50 672.53
151.00 629.31
151.50 828.87
152.00 858.29
152.50 823.91
153.00 834.99
153.50 875.11
154.00 823.15
154.50 820.94
155.00 709.98
155.50 725.79
156.00 737.51
156.50 277.51
157.00 699.13
157.50 10.38
158.00 4.95
158.50 17.85
159.00 489.51
159.50 812.07
160.00 380.25
160.50 768.90
161.00 742.85
161.50 750.17
162.00 672.36
162.50 749.89
163.00 750.27
163.50 714.64
164.00 680.18
164.50 745.17
165.00 718.55
165.50 721.99
166.00 718.44
166.50 710.82
167.00 667.72
167.50 822.28
168.00 794.29
168.50 729.83
169.00 734.86
169.50 694.00
170.00 765.78
170.50 716.73
171.00 741.45
171.50 714.14
172.00 723.51
172.50 695.37
173.00 719.46
173.50 721.77
174.00 759.82
174.50 737.74
175.00 733.57
175.50 675.26
176.00 712.51
176.50 736.42
177.00 502.74
177.50 759.76
178.00 746.11
178.50 688.90
179.00 5.97
179.50 1.48
180.00 716.65
180.50 743.94
181.00 706.12
181.50 675.66
182.00 745.67
182.50 731.40
183.00 714.73
183.50 679.52
184.00 776.01
184.50 716.00
185.00 736.97
185.50 726.95
186.00 753.01
186.50 698.42
187.00 663.11
187.50 702.13
188.00 704.32
188.50 708.35
189.00 689.87
189.50 777.98
190.00 713.13
190.50 673.96
191.00 787.23
191.50 774.85
192.00 786.70
192.50 723.10
193.00 739.40
193.50 893.84
194.00 790.46
194.50 709.70
195.00 734.63
195.50 690.64
196.00 737.63
196.50 695.98
197.00 725.71
197.50 833.07
198.00 793.00
198.50 627.88
199.00 696.14
199.50 712.22
200.00 697.18
200.50 652.93
201.00 691.70
201.50 733.21
202.00 705.32
202.50 711.71
203.00 826.46
203.50 809.57
204.00 251.70
204.50 703.12
205.00 702.32
205.50 844.06
206.00 719.59
206.50 755.28
207.00 710.97
207.50 774.04
208.00 733.42
208.50 704.77
209.00 746.08
209.50 770.71
210.00 737.37
210.50 685.17
211.00 741.43
211.50 720.33
212.00 723.56
212.50 673.90
213.00 758.84
213.50 707.52
214.00 713.43
214.50 715.39
215.00 729.75
215.50 731.00
216.00 785.96
216.50 797.91
217.00 791.01
217.50 731.40
218.00 764.05
218.50 800.32
219.00 709.53
219.50 711.16
220.00 543.09
220.50 701.66
221.00 720.32
221.50 689.62
222.00 557.96
222.50 860.86
223.00 877.08
223.50 818.12
224.00 889.81
224.50 754.17
225.00 756.81
225.50 774.15
226.00 782.85
226.50 754.82
227.00 734.76
227.50 720.12
228.00 781.39
228.50 720.53
229.00 740.72
229.50 737.33
230.00 727.51
230.50 705.52
231.00 0.31
231.50 14.70
232.00 0.00
232.50 365.75
233.00 705.27
233.50 835.95
234.00 760.42
234.50 822.65
235.00 883.35
235.50 891.46
236.00 725.06
236.50 782.58
237.00 682.35
237.50 721.59
238.00 856.74
238.50 707.57
239.00 754.60
239.50 685.59
240.00 760.48
240.50 742.19
241.00 515.89
241.50 395.13
242.00 754.64
242.50 744.63
243.00 727.51
243.50 656.52
244.00 482.78
244.50 756.64
245.00 860.05
245.50 722.06
246.00 840.97
246.50 664.86
247.00 721.99
247.50 792.39
248.00 751.73
248.50 752.46
249.00 745.77
249.50 685.36
250.00 657.23
250.50 715.91
251.00 784.56
251.50 657.84
252.00 700.76
252.50 705.03
253.00 814.53
253.50 790.13
254.00 716.34
254.50 658.40
255.00 796.87
255.50 746.96
256.00 719.27
256.50 790.61
257.00 753.48
257.50 778.57
258.00 702.16
258.50 769.62
259.00 774.94
259.50 726.72
260.00 638.46
260.50 738.39
261.00 716.36
261.50 681.12
262.00 706.98
262.50 726.20
263.00 727.79
263.50 718.32
264.00 700.57
264.50 768.16
265.00 783.61
265.50 693.35
266.00 748.36
266.50 778.43
267.00 731.56
267.50 756.48
268.00 750.60
268.50 702.53
269.00 713.82
269.50 745.58
270.00 741.16
270.50 738.94
271.00 737.22
271.50 715.23
272.00 743.44
272.50 745.70
273.00 709.66
273.50 754.90
274.00 746.34
274.50 729.48
275.00 746.24
275.50 695.72
276.00 697.87
276.50 728.31
277.00 739.05
277.50 748.96
278.00 720.89
278.50 721.90
279.00 676.43
279.50 695.44
280.00 794.84
280.50 744.02
281.00 698.41
281.50 759.11
282.00 728.61
282.50 858.76
283.00 851.86
283.50 720.09
284.00 686.85
284.50 728.22
285.00 740.48
285.50 900.00
286.00 792.21
286.50 816.17
287.00 658.24
287.50 775.83
288.00 717.32
288.50 845.52
289.00 625.88
289.50 326.28
290.00 3.18
290.50 729.64
291.00 785.00
291.50 710.19
292.00 852.61
292.50 727.47
293.00 702.00
293.50 767.45
294.00 687.70
294.50 728.38
295.00 714.51
295.50 655.99
296.00 675.01
296.50 0.00
297.00 15.16
297.50 615.28
298.00 132.63
298.50 410.09
299.00 10.83
299.50 1.34
