0.00 706.57
0.50 712.22
1.00 714.80
1.50 767.87
2.00 734.97
2.50 0.00
3.00 21.07
3.50 12.64
4.00 15.93
4.50 704.57
5.00 695.30
5.50 0.00
6.00 719.93
6.50 573.68
7.00 756.20
7.50 651.86
8.00 843.90
8.50 845.40
9.00 838.05
9.50 861.25
10.00 852.38
10.50 848.60
11.00 870.25
11.50 793.24
12.00 860.22
12.50 847.64
13.00 817.30
13.50 363.35
14.00 626.35
14.50 640.93
15.00 849.69
15.50 860.99
16.00 857.46
16.50 857.09
17.00 832.67
17.50 850.64
18.00 859.25
18.50 700.81
19.00 777.70
19.50 761.65
20.00 716.36
20.50 720.45
21.00 631.42
21.50 736.33
22.00 783.82
22.50 764.31
23.00 760.59
23.50 742.31
24.00 750.52
24.50 703.29
25.00 796.82
25.50 804.26
26.00 752.94
26.50 710.03
27.00 846.87
27.50 686.73
28.00 699.32
28.50 702.70
29.00 728.44
29.50 777.54
30.00 714.44
30.50 810.26
31.00 678.08
31.50 807.38
32.00 855.24
32.50 607.63
33.00 729.92
33.50 745.25
34.00 688.05
34.50 710.43
35.00 712.72
35.50 2.78
36.00 6.43
36.50 227.14
37.00 607.35
37.50 738.17
38.00 674.61
38.50 767.96
39.00 376.07
39.50 578.30
40.00 10.02
40.50 0.00
41.00 0.00
41.50 0.00
42.00 139.57
42.50 715.25
43.00 729.29
43.50 699.96
44.00 706.56
44.50 762.90
45.00 786.12
45.50 770.83
46.00 741.47
46.50 731.40
47.00 731.19
47.50 692.87
48.00 774.29
48.50 707.13
49.00 733.63
49.50 768.01
50.00 731.64
50.50 701.50
51.00 725.16
51.50 768.39
52.00 756.13
52.50 681.74
53.00 735.36
53.50 719.01
54.00 688.05
54.50 698.85
55.00 730.42
55.50 711.87
56.00 723.24
56.50 679.48
57.00 752.52
57.50 740.87
58.00 773.69
58.50 695.93
59.00 723.82
59.50 785.81
60.00 742.07
60.50 719.56
61.00 694.42
61.50 715.08
62.00 751.98
62.50 739.27
63.00 720.35
63.50 761.64
64.00 732.21
64.50 764.00
65.00 741.34
65.50 718.34
66.00 712.00
66.50 736.45
67.00 729.09
67.50 698.23
68.00 758.18
68.50 731.96
69.00 708.28
69.50 733.03
70.00 734.71
70.50 673.96
71.00 719.58
71.50 747.13
72.00 786.88
72.50 773.00
73.00 790.33
73.50 819.71
74.00 793.06
74.50 747.84
75.00 759.94
75.50 739.76
76.00 718.03
76.50 830.96
77.00 804.89
77.50 747.15
78.00 729.86
78.50 754.41
79.00 693.73
79.50 741.30
80.00 719.21
80.50 744.26
81.00 710.64
81.50 722.81
82.00 732.53
82.50 727.97
83.00 712.88
83.50 728.53
84.00 693.72
84.50 744.17
85.00 678.77
85.50 702.01
86.00 771.13
86.50 688.71
87.00 790.80
87.50 736.45
88.00 768.09
88.50 734.13
89.00 735.14
89.50 722.94
90.00 733.03
90.50 747.73
91.00 717.98
91.50 724.37
92.00 737.06
92.50 756.80
93.00 747.35
93.50 727.15
94.00 754.72
94.50 765.51
95.00 752.20
95.50 715.81
96.00 729.60
96.50 758.41
97.00 734.16
97.50 710.28
98.00 705.99
98.50 752.12
99.00 756.95
99.50 740.80
100.00 782.74
100.50 810.70
101.00 863.62
101.50 721.27
102.00 774.64
102.50 819.89
103.00 821.34
103.50 861.34
104.00 862.00
104.50 715.28
105.00 859.95
105.50 857.89
106.00 826.23
106.50 788.30
107.00 712.18
107.50 728.31
108.00 788.29
108.50 708.25
109.00 761.16
109.50 735.62
110.00 767.57
110.50 780.71
111.00 738.72
111.50 727.91
112.00 700.36
112.50 761.54
113.00 726.15
113.50 731.25
114.00 785.39
114.50 765.46
115.00 709.87
115.50 741.61
116.00 756.80
116.50 720.37
117.00 534.97
117.50 814.82
118.00 720.31
118.50 776.45
119.00 763.82
119.50 715.22
120.00 687.13
120.50 801.64
121.00 747.50
121.50 697.88
122.00 700.65
122.50 861.96
123.00 829.60
123.50 821.31
124.00 821.64
124.50 863.01
125.00 847.95
125.50 849.36
126.00 854.95
126.50 856.23
127.00 816.73
127.50 665.24
128.00 824.60
128.50 857.43
129.00 833.03
129.50 833.48
130.00 732.42
130.50 723.56
131.00 838.53
131.50 730.26
132.00 876.05
132.50 808.67
133.00 433.56
133.50 684.55
134.00 577.48
134.50 334.82
135.00 619.50
135.50 723.69
136.00 721.31
136.50 711.46
137.00 728.56
137.50 722.34
138.00 545.12
138.50 731.85
139.00 713.36
139.50 725.23
140.00 717.16
140.50 722.43
141.00 694.44
141.50 818.03
142.00 797.56
142.50 667.63
143.00 793.53
143.50 707.48
144.00 684.40
144.50 712.73
145.00 797.64
145.50 785.69
146.00 800.38
146.50 714.68
147.00 220.03
147.50 449.10
148.00 610.94
148.50 488.47
149.00 753.21
149.50 714.97
150.00 708.96
150.50 778.00
151.00 236.00
151.50 550.81
152.00 693.82
152.50 767.82
153.00 872.81
153.50 828.82
154.00 829.78
154.50 869.99
155.00 850.81
155.50 93.45
156.00 391.11
156.50 697.00
157.00 834.08
157.50 805.60
158.00 827.31
158.50 362.27
159.00 0.00
159.50 26.54
160.00 0.00
160.50 0.00
161.00 779.23
161.50 759.91
162.00 695.86
162.50 745.34
163.00 868.72
163.50 820.65
164.00 830.60
164.50 737.75
165.00 775.70
165.50 828.33
166.00 846.03
166.50 726.15
167.00 708.85
167.50 733.99
168.00 811.45
168.50 798.33
169.00 838.84
169.50 821.99
170.00 809.12
170.50 828.08
171.00 839.06
171.50 832.39
172.00 859.91
172.50 811.04
173.00 824.60
173.50 841.64
174.00 828.68
174.50 832.01
175.00 839.46
175.50 565.64
176.00 298.05
176.50 731.05
177.00 714.12
177.50 674.74
178.00 724.96
178.50 735.44
179.00 680.98
179.50 718.32
180.00 738.21
180.50 709.70
181.00 714.36
181.50 717.12
182.00 704.90
182.50 715.57
183.00 780.00
183.50 714.86
184.00 677.45
184.50 724.33
185.00 693.10
185.50 704.21
186.00 722.11
186.50 870.65
187.00 726.02
187.50 699.48
188.00 691.46
188.50 688.91
189.00 874.67
189.50 835.38
190.00 811.42
190.50 837.70
191.00 845.18
191.50 749.47
192.00 728.04
192.50 302.76
193.00 599.34
193.50 478.72
194.00 467.41
194.50 735.00
195.00 721.85
195.50 749.18
196.00 740.03
196.50 679.98
197.00 714.82
197.50 756.59
198.00 746.51
198.50 855.06
199.00 842.56
199.50 678.38
200.00 764.92
200.50 714.33
201.00 691.64
201.50 725.42
202.00 170.36
202.50 778.79
203.00 725.83
203.50 683.31
204.00 245.86
204.50 613.79
205.00 381.56
205.50 556.89
206.00 791.29
206.50 809.45
207.00 844.94
207.50 718.61
208.00 341.89
208.50 771.51
209.00 737.04
209.50 850.05
210.00 836.93
210.50 433.86
211.00 0.00
211.50 790.31
212.00 792.71
212.50 393.30
213.00 505.21
213.50 354.49
214.00 453.05
214.50 4.61
215.00 14.50
215.50 0.00
216.00 0.36
216.50 19.07
217.00 22.10
217.50 0.00
218.00 478.28
218.50 768.31
219.00 672.08
219.50 764.61
220.00 750.21
220.50 299.68
221.00 277.15
221.50 467.64
222.00 797.75
222.50 789.59
223.00 786.28
223.50 677.01
224.00 776.01
224.50 809.64
225.00 722.51
225.50 727.08
226.00 747.17
226.50 711.43
227.00 707.64
227.50 717.39
228.00 754.36
228.50 738.09
229.00 719.45
229.50 773.71
230.00 746.33
230.50 731.08
231.00 733.55
231.50 848.91
232.00 849.25
232.50 826.41
233.00 872.00
233.50 839.88
234.00 415.35
234.50 644.93
235.00 839.86
235.50 802.62
236.00 292.52
236.50 627.34
237.00 9.55
237.50 110.02
238.00 0.00
238.50 714.29
239.00 829.04
239.50 820.84
240.00 845.68
240.50 769.92
241.00 751.03
241.50 730.19
242.00 744.51
242.50 692.69
243.00 699.46
243.50 866.02
244.00 795.16
244.50 677.41
245.00 713.11
245.50 687.31
246.00 740.06
246.50 735.79
247.00 702.06
247.50 847.26
248.00 857.60
248.50 793.58
249.00 721.41
249.50 727.36
250.00 709.86
250.50 599.71
251.00 768.85
251.50 738.26
252.00 702.00
252.50 687.85
253.00 756.57
253.50 694.09
254.00 711.09
254.50 755.31
255.00 675.88
255.50 703.31
256.00 746.20
256.50 813.51
257.00 731.53
257.50 675.58
258.00 734.92
258.50 694.68
259.00 713.35
259.50 699.30
260.00 710.79
260.50 682.24
261.00 726.95
261.50 486.93
262.00 101.38
262.50 354.39
263.00 197.90
263.50 786.94
264.00 752.35
264.50 713.46
265.00 718.80
265.50 678.21
266.00 741.31
266.50 732.79
267.00 856.08
267.50 847.66
268.00 758.93
268.50 838.96
269.00 817.88
269.50 800.05
270.00 766.62
270.50 404.31
271.00 760.44
271.50 697.71
272.00 673.32
272.50 696.10
273.00 699.12
273.50 730.94
274.00 236.14
274.50 674.86
275.00 695.71
275.50 715.92
276.00 348.12
276.50 27.99
277.00 1.47
277.50 0.00
278.00 735.94
278.50 747.29
279.00 717.63
279.50 766.74
280.00 748.86
280.50 705.15
281.00 730.24
281.50 749.23
282.00 714.84
282.50 764.57
283.00 689.32
283.50 785.80
284.00 752.34
284.50 734.69
285.00 678.43
285.50 764.45
286.00 733.51
286.50 724.99
287.00 681.20
287.50 763.87
288.00 745.36
288.50 756.12
289.00 676.81
289.50 700.35
290.00 721.38
290.50 769.34
291.00 703.01
291.50 723.54
292.00 721.90
292.50 667.67
293.00 863.21
293.50 852.14
294.00 844.87
294.50 874.34
295.00 868.51
295.50 860.95
296.00 709.32
296.50 846.58
297.00 794.63
297.50 697.34
298.00 859.43
298.50 840.00
299.00 859.86
299.50 819.93
