0.00 722.26
0.50 733.61
1.00 712.92
1.50 708.52
2.00 724.23
2.50 722.37
3.00 776.19
3.50 752.30
4.00 723.08
4.50 732.24
5.00 743.64
5.50 771.36
6.00 760.40
6.50 751.38
7.00 728.95
7.50 736.97
8.00 775.02
8.50 684.02
9.00 741.27
9.50 728.77
10.00 717.13
10.50 683.74
11.00 733.86
11.50 738.26
12.00 706.19
12.50 744.66
13.00 900.00
13.50 787.13
14.00 701.20
14.50 721.91
15.00 712.94
15.50 707.08
16.00 722.70
16.50 783.78
17.00 827.91
17.50 738.72
18.00 697.52
18.50 776.96
19.00 672.72
19.50 697.38
20.00 830.15
20.50 660.15
21.00 817.99
21.50 831.82
22.00 790.65
22.50 847.86
23.00 779.34
23.50 740.74
24.00 668.44
24.50 701.22
25.00 750.57
25.50 668.56
26.00 709.52
26.50 874.63
27.00 699.52
27.50 822.42
28.00 860.08
28.50 716.09
29.00 730.74
29.50 744.67
30.00 0.00
30.50 834.59
31.00 837.10
31.50 815.25
32.00 857.67
32.50 879.36
33.00 837.43
33.50 843.66
34.00 853.32
34.50 687.59
35.00 772.43
35.50 739.20
36.00 765.84
36.50 687.83
37.00 848.60
37.50 241.76
38.00 531.94
38.50 235.78
39.00 432.23
39.50 0.00
40.00 809.24
40.50 755.01
41.00 751.65
41.50 651.23
42.00 740.21
42.50 776.82
43.00 690.05
43.50 766.43
44.00 715.28
44.50 728.70
45.00 757.00
45.50 734.50
46.00 757.67
46.50 725.20
47.00 751.35
47.50 752.08
48.00 750.88
48.50 737.20
49.00 777.42
49.50 753.53
50.00 707.95
50.50 806.01
51.00 900.00
51.50 700.68
52.00 692.79
52.50 697.10
53.00 316.14
53.50 183.78
54.00 900.00
54.50 897.06
55.00 732.58
55.50 899.66
56.00 900.00
56.50 703.34
57.00 727.24
57.50 683.11
58.00 707.37
58.50 762.82
59.00 738.05
59.50 716.06
60.00 711.55
60.50 647.55
61.00 718.05
61.50 695.86
62.00 771.04
62.50 745.19
63.00 730.73
63.50 693.58
64.00 723.24
64.50 721.22
65.00 711.40
65.50 717.56
66.00 866.11
66.50 758.07
67.00 691.22
67.50 765.01
68.00 773.42
68.50 771.69
69.00 753.93
69.50 729.16
70.00 702.97
70.50 694.57
71.00 748.03
71.50 734.26
72.00 767.17
72.50 720.04
73.00 787.37
73.50 694.40
74.00 706.52
74.50 706.72
75.00 759.61
75.50 7.71
76.00 0.00
76.50 7.84
77.00 688.32
77.50 736.43
78.00 330.57
78.50 6.02
79.00 0.00
79.50 0.00
80.00 27.40
80.50 6.64
81.00 577.08
81.50 784.03
82.00 717.45
82.50 755.68
83.00 774.11
83.50 707.41
84.00 772.69
84.50 632.78
85.00 667.97
85.50 770.98
86.00 718.88
86.50 794.13
87.00 767.64
87.50 763.15
88.00 736.65
88.50 739.77
89.00 787.16
89.50 787.83
90.00 663.01
90.50 668.78
91.00 765.36
91.50 729.26
92.00 726.84
92.50 739.39
93.00 686.79
93.50 707.72
94.00 662.74
94.50 752.47
95.00 743.54
95.50 707.08
96.00 728.61
96.50 799.56
97.00 802.89
97.50 712.58
98.00 852.88
98.50 802.75
99.00 717.99
99.50 830.01
100.00 758.57
100.50 725.86
101.00 852.64
101.50 717.05
102.00 717.94
102.50 711.37
103.00 737.00
103.50 706.95
104.00 723.87
104.50 699.43
105.00 718.98
105.50 709.11
106.00 711.38
106.50 693.53
107.00 717.42
107.50 706.29
108.00 708.92
108.50 711.19
109.00 718.74
109.50 714.72
110.00 149.40
110.50 332.48
111.00 10.57
111.50 667.43
112.00 719.98
112.50 768.16
113.00 452.02
113.50 413.60
114.00 690.20
114.50 211.59
115.00 20.09
115.50 696.61
116.00 700.51
116.50 845.45
117.00 862.97
117.50 813.03
118.00 817.74
118.50 834.74
119.00 721.97
119.50 708.17
120.00 263.09
120.50 436.71
121.00 739.52
121.50 886.01
122.00 733.64
122.50 894.54
123.00 741.88
123.50 790.25
124.00 682.16
124.50 817.61
125.00 706.55
125.50 826.84
126.00 814.42
126.50 342.06
127.00 7.48
127.50 7.10
128.00 2.81
128.50 0.00
129.00 660.81
129.50 724.33
130.00 685.69
130.50 728.86
131.00 771.48
131.50 736.85
132.00 724.52
132.50 759.45
133.00 716.56
133.50 743.06
134.00 702.90
134.50 680.09
135.00 701.04
135.50 745.92
136.00 673.35
136.50 735.15
137.00 527.35
137.50 160.91
138.00 519.29
138.50 760.10
139.00 703.00
139.50 411.06
140.00 6.88
140.50 15.26
141.00 349.47
141.50 722.29
142.00 712.41
142.50 704.98
143.00 662.63
143.50 836.91
144.00 688.88
144.50 762.24
145.00 666.24
145.50 690.46
146.00 433.33
146.50 198.20
147.00 681.42
147.50 780.87
148.00 683.52
148.50 731.96
149.00 701.02
149.50 777.93
150.00 757.90
150.50 733.33
151.00 761.60
151.50 741.95
152.00 799.13
152.50 759.18
153.00 773.34
153.50 760.73
154.00 751.54
154.50 758.50
155.00 716.97
155.50 690.47
156.00 681.66
156.50 795.86
157.00 601.75
157.50 268.20
158.00 715.94
158.50 677.25
159.00 739.96
159.50 736.69
160.00 698.54
160.50 745.59
161.00 715.17
161.50 479.11
162.00 719.94
162.50 714.06
163.00 732.51
163.50 735.15
164.00 742.32
164.50 805.95
165.00 689.18
165.50 742.95
166.00 883.92
166.50 852.98
167.00 789.99
167.50 11.89
168.00 490.60
168.50 756.76
169.00 585.41
169.50 662.60
170.00 726.60
170.50 386.92
171.00 438.32
171.50 549.26
172.00 243.50
172.50 247.34
173.00 391.66
173.50 724.59
174.00 695.93
174.50 843.25
175.00 234.72
175.50 352.90
176.00 728.02
176.50 688.65
177.00 772.64
177.50 817.62
178.00 737.55
178.50 758.16
179.00 759.36
179.50 754.65
180.00 759.11
180.50 752.77
181.00 781.67
181.50 761.94
182.00 752.33
182.50 707.60
183.00 726.63
183.50 785.77
184.00 734.43
184.50 733.42
185.00 772.66
185.50 725.82
186.00 689.02
186.50 728.24
187.00 699.26
187.50 719.41
188.00 740.90
188.50 702.05
189.00 697.20
189.50 713.80
190.00 729.88
190.50 703.74
191.00 705.27
191.50 869.05
192.00 598.11
192.50 702.69
193.00 879.25
193.50 678.14
194.00 120.23
194.50 711.24
195.00 677.78
195.50 733.87
196.00 691.76
196.50 706.91
197.00 777.98
197.50 735.22
198.00 716.63
198.50 798.77
199.00 796.67
199.50 741.93
200.00 714.24
200.50 730.35
201.00 732.23
201.50 709.49
202.00 799.69
202.50 690.66
203.00 679.79
203.50 685.20
204.00 693.80
204.50 698.41
205.00 688.79
205.50 670.32
206.00 328.39
206.50 758.40
207.00 786.27
207.50 837.92
208.00 791.40
208.50 513.62
209.00 818.65
209.50 769.34
210.00 810.32
210.50 688.28
211.00 723.76
211.50 739.60
212.00 762.68
212.50 768.01
213.00 794.58
213.50 767.22
214.00 873.04
214.50 879.02
215.00 699.48
215.50 457.48
216.00 599.55
216.50 699.48
217.00 721.95
217.50 831.68
218.00 802.70
218.50 716.19
219.00 727.52
219.50 727.32
220.00 732.70
220.50 756.43
221.00 725.95
221.50 732.89
222.00 731.97
222.50 691.18
223.00 761.54
223.50 714.10
224.00 701.94
224.50 739.95
225.00 744.97
225.50 716.14
226.00 753.34
226.50 687.17
227.00 681.30
227.50 771.19
228.00 762.12
228.50 759.08
229.00 753.51
229.50 741.56
230.00 776.58
230.50 720.58
231.00 723.66
231.50 764.69
232.00 752.96
232.50 723.57
233.00 719.39
233.50 693.12
234.00 723.59
234.50 727.38
235.00 729.73
235.50 723.10
236.00 766.01
236.50 759.73
237.00 735.30
237.50 711.04
238.00 747.72
238.50 732.81
239.00 706.73
239.50 805.52
240.00 676.72
240.50 701.92
241.00 775.53
241.50 800.97
242.00 762.71
242.50 732.82
243.00 730.11
243.50 782.38
244.00 776.00
244.50 753.65
245.00 738.57
245.50 759.03
246.00 791.05
246.50 729.56
247.00 699.20
247.50 706.56
248.00 743.02
248.50 732.50
249.00 736.98
249.50 744.62
250.00 775.02
250.50 732.67
251.00 751.50
251.50 676.78
252.00 769.60
252.50 716.36
253.00 781.88
253.50 836.78
254.00 816.16
254.50 750.40
255.00 681.08
255.50 773.69
256.00 713.47
256.50 733.28
257.00 683.81
257.50 690.61
258.00 780.46
258.50 729.84
259.00 688.61
259.50 861.34
260.00 750.61
260.50 714.44
261.00 665.27
261.50 789.17
262.00 814.70
262.50 865.04
263.00 866.41
263.50 855.21
264.00 848.92
264.50 860.14
265.00 737.89
265.50 386.25
266.00 594.40
266.50 642.67
267.00 735.49
267.50 812.17
268.00 853.91
268.50 851.92
269.00 860.32
269.50 838.63
270.00 856.24
270.50 878.42
271.00 854.52
271.50 826.16
272.00 725.15
272.50 875.13
273.00 822.37
273.50 287.96
274.00 694.49
274.50 370.91
275.00 727.77
275.50 684.55
276.00 727.76
276.50 720.48
277.00 727.56
277.50 709.27
278.00 721.07
278.50 688.79
279.00 656.93
279.50 826.23
280.00 683.54
280.50 715.58
281.00 745.41
281.50 756.60
282.00 720.36
282.50 721.82
283.00 846.45
283.50 777.47
284.00 846.97
284.50 725.82
285.00 819.76
285.50 795.34
286.00 730.30
286.50 774.78
287.00 678.81
287.50 688.40
288.00 583.77
288.50 356.05
289.00 441.24
289.50 3.56
290.00 286.31
290.50 751.99
291.00 725.69
291.50 869.56
292.00 729.07
292.50 829.17
293.00 803.41
293.50 708.79
294.00 384.36
294.50 508.75
295.00 816.98
295.50 825.78
296.00 705.18
296.50 722.96
297.00 720.60
297.50 702.56
298.00 773.07
298.50 748.67
299.00 692.51
299.50 697.91
