0.00 717.49
0.50 34.93
1.00 650.25
1.50 706.55
2.00 806.54
2.50 704.09
3.00 779.87
3.50 241.83
4.00 821.94
4.50 823.98
5.00 834.87
5.50 682.16
6.00 713.91
6.50 738.25
7.00 800.05
7.50 417.73
8.00 469.57
8.50 710.59
9.00 675.26
9.50 673.25
10.00 717.05
10.50 393.37
11.00 693.68
11.50 686.96
12.00 747.94
12.50 262.98
13.00 15.92
13.50 0.00
14.00 3.68
14.50 1.96
15.00 435.71
15.50 209.21
16.00 861.74
16.50 841.59
17.00 844.18
17.50 853.41
18.00 833.20
18.50 828.56
19.00 839.81
19.50 847.79
20.00 808.66
20.50 695.52
21.00 674.06
21.50 697.95
22.00 700.11
22.50 703.02
23.00 709.29
23.50 708.18
24.00 664.96
24.50 718.66
25.00 771.25
25.50 724.72
26.00 726.33
26.50 734.83
27.00 744.30
27.50 763.14
28.00 708.89
28.50 728.21
29.00 789.76
29.50 745.73
30.00 878.34
30.50 733.29
31.00 753.57
31.50 739.12
32.00 702.67
32.50 323.94
33.00 705.76
33.50 572.35
34.00 587.00
34.50 738.78
35.00 709.04
35.50 728.86
36.00 723.38
36.50 744.05
37.00 719.66
37.50 600.22
38.00 31.25
38.50 1.87
39.00 13.49
39.50 723.29
40.00 866.43
40.50 797.94
41.00 749.07
41.50 724.91
42.00 733.08
42.50 732.50
43.00 798.51
43.50 714.17
44.00 700.30
44.50 742.51
45.00 713.26
45.50 673.19
46.00 698.20
46.50 698.88
47.00 751.69
47.50 708.80
48.00 236.86
48.50 765.65
49.00 743.42
49.50 713.95
50.00 673.35
50.50 731.62
51.00 719.40
51.50 714.08
52.00 675.56
52.50 705.26
53.00 572.83
53.50 680.81
54.00 693.91
54.50 680.13
55.00 763.50
55.50 790.46
56.00 673.73
56.50 671.70
57.00 729.50
57.50 749.86
58.00 784.94
58.50 758.54
59.00 815.41
59.50 858.57
60.00 787.80
60.50 826.84
61.00 0.00
61.50 10.72
62.00 0.00
62.50 19.30
63.00 8.53
63.50 690.99
64.00 748.72
64.50 720.00
65.00 847.33
65.50 863.11
66.00 554.79
66.50 331.00
67.00 456.73
67.50 554.67
68.00 742.91
68.50 838.78
69.00 733.28
69.50 776.65
70.00 723.60
70.50 738.66
71.00 756.11
71.50 751.11
72.00 722.18
72.50 695.26
73.00 738.61
73.50 804.16
74.00 838.03
74.50 742.87
75.00 747.39
75.50 751.96
76.00 754.12
76.50 797.64
77.00 823.39
77.50 711.25
78.00 809.42
78.50 720.35
79.00 489.13
79.50 720.12
80.00 709.21
80.50 786.57
81.00 868.23
81.50 703.68
82.00 746.31
82.50 720.88
83.00 838.37
83.50 660.23
84.00 700.79
84.50 223.55
85.00 534.06
85.50 0.00
86.00 169.70
86.50 639.69
87.00 689.13
87.50 673.91
88.00 684.70
88.50 398.48
89.00 19.06
89.50 17.08
90.00 0.00
90.50 728.31
91.00 712.73
91.50 900.00
92.00 874.27
92.50 834.93
93.00 900.00
93.50 680.71
94.00 698.47
94.50 486.95
95.00 342.79
95.50 795.21
96.00 677.62
96.50 684.62
97.00 821.26
97.50 684.21
98.00 665.21
98.50 731.04
99.00 738.23
99.50 670.68
100.00 763.48
100.50 756.60
101.00 753.48
101.50 716.28
102.00 696.55
102.50 737.19
103.00 753.26
103.50 750.87
104.00 779.29
104.50 748.63
105.00 763.63
105.50 751.25
106.00 720.76
106.50 721.87
107.00 721.42
107.50 782.17
108.00 746.44
108.50 732.62
109.00 785.93
109.50 730.09
110.00 737.82
110.50 756.87
111.00 717.97
111.50 750.45
112.00 780.12
112.50 772.76
113.00 719.39
113.50 747.20
114.00 726.78
114.50 711.88
115.00 683.59
115.50 684.19
116.00 732.85
116.50 696.29
117.00 741.62
117.50 725.94
118.00 731.74
118.50 735.24
119.00 747.02
119.50 757.11
120.00 730.00
120.50 749.53
121.00 686.86
121.50 701.20
122.00 746.63
122.50 777.53
123.00 741.44
123.50 701.10
124.00 748.64
124.50 767.93
125.00 846.71
125.50 863.69
126.00 797.65
126.50 845.15
127.00 878.08
127.50 818.90
128.00 716.33
128.50 900.00
129.00 0.00
129.50 753.21
130.00 745.74
130.50 826.61
131.00 738.38
131.50 697.67
132.00 807.20
132.50 729.10
133.00 713.36
133.50 885.78
134.00 853.47
134.50 827.53
135.00 719.64
135.50 715.20
136.00 719.02
136.50 760.89
137.00 651.85
137.50 720.25
138.00 745.97
138.50 740.26
139.00 775.58
139.50 734.93
140.00 732.51
140.50 668.75
141.00 469.90
141.50 706.70
142.00 714.23
142.50 833.55
143.00 691.56
143.50 686.16
144.00 461.91
144.50 690.79
145.00 672.85
145.50 734.08
146.00 717.94
146.50 733.13
147.00 682.07
147.50 673.35
148.00 773.20
148.50 822.76
149.00 810.68
149.50 732.81
150.00 736.57
150.50 721.94
151.00 588.10
151.50 716.52
152.00 674.52
152.50 706.85
153.00 733.85
153.50 771.93
154.00 785.54
154.50 738.68
155.00 702.79
155.50 853.25
156.00 301.87
156.50 460.12
157.00 699.64
157.50 675.55
158.00 700.59
158.50 881.20
159.00 843.21
159.50 875.22
160.00 756.80
160.50 709.64
161.00 754.10
161.50 674.95
162.00 688.43
162.50 712.52
163.00 781.50
163.50 713.77
164.00 852.93
164.50 719.70
165.00 758.33
165.50 754.91
166.00 704.64
166.50 744.13
167.00 739.79
167.50 791.69
168.00 730.65
168.50 746.84
169.00 681.01
169.50 726.89
170.00 692.54
170.50 708.76
171.00 814.54
171.50 788.38
172.00 778.10
172.50 742.56
173.00 723.65
173.50 739.08
174.00 712.60
174.50 750.34
175.00 721.91
175.50 708.11
176.00 807.49
176.50 847.13
177.00 717.46
177.50 678.71
178.00 879.29
178.50 728.58
179.00 713.29
179.50 780.44
180.00 821.50
180.50 706.35
181.00 704.24
181.50 723.96
182.00 707.92
182.50 748.92
183.00 744.72
183.50 719.54
184.00 784.88
184.50 726.74
185.00 714.74
185.50 775.04
186.00 674.39
186.50 765.60
187.00 900.00
187.50 700.74
188.00 693.73
188.50 706.24
189.00 714.74
189.50 833.78
190.00 683.81
190.50 693.49
191.00 711.09
191.50 16.45
192.00 13.40
192.50 3.89
193.00 582.29
193.50 674.35
194.00 777.00
194.50 714.54
195.00 719.32
195.50 723.42
196.00 710.61
196.50 727.62
197.00 657.45
197.50 726.15
198.00 747.02
198.50 704.45
199.00 668.86
199.50 769.74
200.00 16.66
200.50 629.48
201.00 53.94
201.50 784.86
202.00 739.75
202.50 689.74
203.00 862.00
203.50 860.08
204.00 770.42
204.50 703.34
205.00 252.25
205.50 663.26
206.00 677.89
206.50 733.61
207.00 699.53
207.50 680.97
208.00 459.77
208.50 823.08
209.00 678.17
209.50 531.08
210.00 721.97
210.50 718.13
211.00 710.62
211.50 714.86
212.00 714.30
212.50 654.13
213.00 846.99
213.50 698.20
214.00 860.88
214.50 852.03
215.00 869.83
215.50 740.76
216.00 677.86
216.50 814.52
217.00 760.12
217.50 769.84
218.00 747.17
218.50 730.44
219.00 740.15
219.50 747.54
220.00 762.21
220.50 711.78
221.00 755.79
221.50 786.27
222.00 803.28
222.50 702.28
223.00 766.22
223.50 694.26
224.00 150.04
224.50 719.36
225.00 794.07
225.50 760.16
226.00 760.40
226.50 708.04
227.00 719.35
227.50 725.29
228.00 705.41
228.50 770.83
229.00 737.84
229.50 666.14
230.00 780.52
230.50 788.57
231.00 698.38
231.50 702.26
232.00 699.32
232.50 795.42
233.00 887.98
233.50 703.59
234.00 746.69
234.50 600.00
235.00 687.09
235.50 722.26
236.00 767.10
236.50 712.40
237.00 699.70
237.50 742.34
238.00 672.13
238.50 712.96
239.00 699.07
239.50 698.07
240.00 740.60
240.50 749.69
241.00 765.10
241.50 742.63
242.00 749.43
242.50 766.06
243.00 784.97
243.50 653.87
244.00 721.74
244.50 725.71
245.00 732.98
245.50 718.68
246.00 755.77
246.50 717.65
247.00 770.01
247.50 689.08
248.00 726.72
248.50 758.22
249.00 722.58
249.50 716.98
250.00 667.44
250.50 835.29
251.00 834.62
251.50 845.54
252.00 676.44
252.50 770.44
253.00 674.22
253.50 708.43
254.00 666.41
254.50 695.32
255.00 856.93
255.50 820.23
256.00 687.87
256.50 732.03
257.00 832.03
257.50 880.10
258.00 803.68
258.50 804.91
259.00 689.67
259.50 737.15
260.00 725.34
260.50 868.07
261.00 724.71
261.50 744.02
262.00 726.71
262.50 787.04
263.00 840.36
263.50 850.75
264.00 709.50
264.50 778.43
265.00 716.59
265.50 698.87
266.00 721.59
266.50 714.23
267.00 708.80
267.50 710.88
268.00 695.16
268.50 687.35
269.00 666.05
269.50 694.68
270.00 354.02
270.50 701.94
271.00 723.19
271.50 216.84
272.00 599.42
272.50 586.69
273.00 845.94
273.50 753.55
274.00 891.31
274.50 726.66
275.00 791.26
275.50 735.19
276.00 827.73
276.50 830.42
277.00 900.00
277.50 731.21
278.00 685.66
278.50 688.04
279.00 763.30
279.50 642.77
280.00 701.80
280.50 724.72
281.00 801.23
281.50 737.21
282.00 776.99
282.50 656.15
283.00 705.77
283.50 737.90
284.00 754.39
284.50 764.78
285.00 655.23
285.50 738.43
286.00 722.62
286.50 703.41
287.00 737.21
287.50 735.18
288.00 729.85
288.50 725.19
289.00 791.27
289.50 755.57
290.00 708.07
290.50 720.52
291.00 723.15
291.50 755.81
292.00 744.09
292.50 724.26
293.00 712.75
293.50 750.16
294.00 738.82
294.50 746.08
295.00 800.35
295.50 741.51
296.00 764.93
296.50 738.55
297.00 730.19
297.50 752.68
298.00 772.05
298.50 680.47
299.00 767.03
299.50 732.31
