0.00 684.90
0.50 740.00
1.00 769.60
1.50 745.42
2.00 793.02
2.50 665.70
3.00 818.51
3.50 813.44
4.00 681.59
4.50 810.16
5.00 714.15
5.50 766.60
6.00 827.85
6.50 848.84
7.00 730.39
7.50 699.67
8.00 679.34
8.50 751.02
9.00 720.31
9.50 551.94
10.00 675.30
10.50 213.18
11.00 749.49
11.50 725.68
12.00 670.45
12.50 702.80
13.00 692.05
13.50 745.13
14.00 855.57
14.50 663.16
15.00 714.23
15.50 769.13
16.00 750.13
16.50 792.18
17.00 731.10
17.50 856.25
18.00 829.02
18.50 830.77
19.00 741.23
19.50 777.27
20.00 788.80
20.50 673.32
21.00 728.08
21.50 687.27
22.00 743.78
22.50 826.85
23.00 757.96
23.50 734.43
24.00 826.94
24.50 717.70
25.00 414.89
25.50 771.09
26.00 713.98
26.50 748.95
27.00 722.26
27.50 247.91
28.00 775.31
28.50 767.79
29.00 747.17
29.50 712.91
30.00 819.88
30.50 717.29
31.00 677.11
31.50 859.15
32.00 840.92
32.50 809.01
33.00 854.00
33.50 861.06
34.00 698.69
34.50 742.21
35.00 729.42
35.50 705.29
36.00 780.70
36.50 728.78
37.00 757.56
37.50 808.78
38.00 754.68
38.50 737.94
39.00 749.29
39.50 731.74
40.00 708.65
40.50 766.71
41.00 715.20
41.50 688.58
42.00 724.99
42.50 710.46
43.00 718.29
43.50 707.14
44.00 784.17
44.50 756.24
45.00 715.92
45.50 725.52
46.00 316.44
46.50 647.72
47.00 807.34
47.50 741.97
48.00 737.77
48.50 711.48
49.00 729.37
49.50 837.42
50.00 737.51
50.50 707.37
51.00 724.43
51.50 715.81
52.00 759.89
52.50 718.47
53.00 784.26
53.50 727.28
54.00 772.91
54.50 13.88
55.00 3.97
55.50 6.73
56.00 9.11
56.50 1.58
57.00 10.49
57.50 0.00
58.00 16.78
58.50 313.11
59.00 529.68
59.50 739.96
60.00 773.15
60.50 716.95
61.00 709.03
61.50 718.11
62.00 731.22
62.50 726.79
63.00 743.62
63.50 793.85
64.00 699.65
64.50 680.68
65.00 697.17
65.50 713.74
66.00 725.01
66.50 704.95
67.00 678.56
67.50 720.85
68.00 776.79
68.50 900.00
69.00 824.48
69.50 704.84
70.00 746.43
70.50 706.32
71.00 822.36
71.50 731.75
72.00 833.42
72.50 726.50
73.00 726.10
73.50 754.09
74.00 722.84
74.50 767.37
75.00 682.77
75.50 690.86
76.00 729.84
76.50 721.70
77.00 737.64
77.50 721.26
78.00 698.53
78.50 750.59
79.00 692.12
79.50 755.81
80.00 759.56
80.50 729.81
81.00 733.60
81.50 757.11
82.00 688.73
82.50 794.51
83.00 675.07
83.50 694.06
84.00 674.37
84.50 771.97
85.00 801.18
85.50 714.36
86.00 753.16
86.50 721.48
87.00 722.47
87.50 712.55
88.00 703.85
88.50 719.59
89.00 739.68
89.50 726.96
90.00 766.75
90.50 737.22
91.00 658.77
91.50 821.70
92.00 726.35
92.50 754.38
93.00 880.82
93.50 124.81
94.00 697.93
94.50 712.55
95.00 718.52
95.50 713.55
96.00 761.24
96.50 709.79
97.00 871.14
97.50 718.47
98.00 750.13
98.50 698.70
99.00 700.79
99.50 715.31
100.00 695.95
100.50 706.28
101.00 699.31
101.50 711.95
102.00 789.12
102.50 712.14
103.00 774.45
103.50 731.87
104.00 707.95
104.50 763.39
105.00 702.22
105.50 723.56
106.00 780.28
106.50 741.18
107.00 782.71
107.50 715.67
108.00 731.21
108.50 473.78
109.00 678.28
109.50 714.52
110.00 750.65
110.50 859.43
111.00 741.10
111.50 702.03
112.00 667.70
112.50 60.18
113.00 0.00
113.50 16.33
114.00 699.28
114.50 739.92
115.00 695.30
115.50 726.47
116.00 755.09
116.50 720.96
117.00 729.34
117.50 758.09
118.00 769.57
118.50 719.08
119.00 723.71
119.50 768.79
120.00 695.46
120.50 710.17
121.00 705.91
121.50 652.54
122.00 807.51
122.50 815.06
123.00 673.83
123.50 886.67
124.00 857.89
124.50 734.97
125.00 687.90
125.50 666.77
126.00 733.28
126.50 731.01
127.00 694.75
127.50 745.18
128.00 818.80
128.50 847.71
129.00 869.33
129.50 873.80
130.00 857.24
130.50 798.19
131.00 668.76
131.50 726.58
132.00 840.07
132.50 841.42
133.00 822.74
133.50 852.47
134.00 841.07
134.50 759.13
135.00 694.82
135.50 729.52
136.00 706.16
136.50 750.00
137.00 651.23
137.50 806.30
138.00 856.82
138.50 734.50
139.00 695.24
139.50 709.85
140.00 754.58
140.50 752.03
141.00 756.79
141.50 705.55
142.00 751.52
142.50 741.55
143.00 729.69
143.50 699.49
144.00 813.61
144.50 788.12
145.00 710.08
145.50 727.80
146.00 689.82
146.50 732.88
147.00 819.23
147.50 752.24
148.00 772.92
148.50 727.12
149.00 754.82
149.50 756.97
150.00 713.60
150.50 854.61
151.00 722.99
151.50 738.49
152.00 721.10
152.50 664.30
153.00 705.92
153.50 669.63
154.00 118.71
154.50 216.80
155.00 423.52
155.50 676.41
156.00 738.27
156.50 821.53
157.00 681.03
157.50 573.71
158.00 734.33
158.50 715.76
159.00 720.78
159.50 831.28
160.00 685.31
160.50 726.68
161.00 687.44
161.50 702.20
162.00 714.77
162.50 682.45
163.00 713.15
163.50 384.49
164.00 699.25
164.50 734.33
165.00 750.42
165.50 840.27
166.00 846.98
166.50 827.55
167.00 812.24
167.50 860.09
168.00 747.10
168.50 876.38
169.00 680.22
169.50 750.93
170.00 214.17
170.50 763.30
171.00 772.43
171.50 765.94
172.00 728.72
172.50 693.27
173.00 726.98
173.50 767.24
174.00 729.88
174.50 772.82
175.00 720.60
175.50 679.66
176.00 732.37
176.50 743.09
177.00 698.94
177.50 730.05
178.00 771.33
178.50 705.85
179.00 717.15
179.50 720.54
180.00 824.01
180.50 774.66
181.00 880.84
181.50 844.32
182.00 850.84
182.50 693.48
183.00 709.03
183.50 713.13
184.00 737.45
184.50 203.87
185.00 618.06
185.50 747.18
186.00 742.62
186.50 679.79
187.00 420.96
187.50 779.80
188.00 720.09
188.50 749.79
189.00 346.04
189.50 1.56
190.00 0.00
190.50 32.67
191.00 2.40
191.50 4.80
192.00 820.24
192.50 741.38
193.00 889.77
193.50 656.84
194.00 754.04
194.50 840.63
195.00 711.94
195.50 664.62
196.00 860.67
196.50 830.72
197.00 777.59
197.50 766.93
198.00 753.62
198.50 724.54
199.00 706.83
199.50 817.48
200.00 716.88
200.50 865.98
201.00 883.50
201.50 733.27
202.00 719.59
202.50 723.85
203.00 677.11
203.50 777.47
204.00 714.58
204.50 698.38
205.00 744.88
205.50 724.99
206.00 705.12
206.50 740.08
207.00 767.16
207.50 719.98
208.00 691.20
208.50 696.39
209.00 738.41
209.50 793.77
210.00 715.81
210.50 768.05
211.00 711.90
211.50 746.53
212.00 729.05
212.50 673.21
213.00 764.39
213.50 743.21
214.00 726.10
214.50 712.86
215.00 775.35
215.50 749.50
216.00 712.87
216.50 848.41
217.00 600.58
217.50 858.87
218.00 842.44
218.50 846.44
219.00 332.49
219.50 353.06
220.00 743.37
220.50 698.15
221.00 730.61
221.50 0.00
222.00 719.16
222.50 881.68
223.00 704.91
223.50 713.96
224.00 759.13
224.50 738.98
225.00 754.92
225.50 741.02
226.00 818.24
226.50 734.59
227.00 716.16
227.50 741.94
228.00 727.07
228.50 776.12
229.00 698.03
229.50 755.38
230.00 670.27
230.50 680.20
231.00 732.69
231.50 720.46
232.00 750.40
232.50 737.10
233.00 697.86
233.50 735.49
234.00 794.42
234.50 740.14
235.00 712.72
235.50 790.97
236.00 703.80
236.50 533.87
237.00 411.37
237.50 690.95
238.00 733.36
238.50 698.58
239.00 752.12
239.50 716.10
240.00 701.86
240.50 712.21
241.00 690.44
241.50 709.60
242.00 753.90
242.50 729.64
243.00 747.46
243.50 781.55
244.00 683.75
244.50 761.55
245.00 734.52
245.50 583.52
246.00 661.21
246.50 727.21
247.00 782.91
247.50 744.35
248.00 719.82
248.50 703.60
249.00 704.82
249.50 724.94
250.00 818.03
250.50 760.22
251.00 710.83
251.50 798.95
252.00 771.47
252.50 741.07
253.00 718.93
253.50 811.99
254.00 749.23
254.50 745.28
255.00 276.42
255.50 103.36
256.00 759.08
256.50 488.46
257.00 693.38
257.50 743.79
258.00 245.26
258.50 11.69
259.00 31.71
259.50 380.70
260.00 735.67
260.50 0.00
261.00 439.57
261.50 612.85
262.00 704.09
262.50 739.69
263.00 787.98
263.50 718.63
264.00 741.42
264.50 675.29
265.00 671.99
265.50 771.64
266.00 718.10
266.50 785.52
267.00 738.51
267.50 862.98
268.00 701.36
268.50 730.30
269.00 724.15
269.50 847.84
270.00 843.14
270.50 781.23
271.00 828.90
271.50 762.76
272.00 740.82
272.50 715.27
273.00 722.06
273.50 860.78
274.00 852.74
274.50 885.71
275.00 850.14
275.50 823.71
276.00 845.23
276.50 868.08
277.00 807.76
277.50 816.03
278.00 786.97
278.50 737.85
279.00 721.77
279.50 779.76
280.00 688.83
280.50 762.06
281.00 755.41
281.50 677.13
282.00 657.48
282.50 5.91
283.00 604.71
283.50 318.46
284.00 696.19
284.50 722.07
285.00 873.62
285.50 890.30
286.00 681.73
286.50 681.98
287.00 725.01
287.50 837.81
288.00 786.86
288.50 754.52
289.00 713.72
289.50 745.07
290.00 740.11
290.50 698.76
291.00 779.89
291.50 780.09
292.00 759.20
292.50 747.77
293.00 733.87
293.50 753.89
294.00 736.17
294.50 719.58
295.00 704.82
295.50 682.47
296.00 732.69
296.50 715.71
297.00 721.48
297.50 529.75
298.00 770.59
298.50 836.38
299.00 651.61
299.50 781.80
