0.00 720.54
0.50 763.63
1.00 731.24
1.50 766.66
2.00 713.16
2.50 708.89
3.00 800.44
3.50 719.78
4.00 757.67
4.50 689.40
5.00 719.12
5.50 647.28
6.00 657.72
6.50 749.16
7.00 696.95
7.50 711.69
8.00 736.35
8.50 728.53
9.00 732.29
9.50 704.29
10.00 769.54
10.50 833.71
11.00 829.81
11.50 718.58
12.00 827.97
12.50 691.55
13.00 705.53
13.50 701.74
14.00 684.45
14.50 736.77
15.00 721.45
15.50 667.78
16.00 738.34
16.50 747.61
17.00 781.42
17.50 732.42
18.00 713.31
18.50 719.08
19.00 706.69
19.50 698.90
20.00 746.17
20.50 717.09
21.00 731.93
21.50 693.69
22.00 730.84
22.50 723.58
23.00 748.44
23.50 706.99
24.00 691.52
24.50 700.68
25.00 665.92
25.50 724.00
26.00 727.74
26.50 701.69
27.00 758.05
27.50 638.38
28.00 702.23
28.50 765.32
29.00 667.88
29.50 725.85
30.00 717.04
30.50 103.54
31.00 375.07
31.50 690.72
32.00 747.99
32.50 701.45
33.00 814.45
33.50 699.60
34.00 721.95
34.50 713.49
35.00 813.96
35.50 674.77
36.00 823.55
36.50 738.64
37.00 900.00
37.50 810.48
38.00 742.49
38.50 690.39
39.00 795.27
39.50 745.25
40.00 747.88
40.50 853.41
41.00 696.68
41.50 708.20
42.00 708.22
42.50 881.53
43.00 692.31
43.50 775.15
44.00 710.31
44.50 698.72
45.00 737.29
45.50 713.38
46.00 686.52
46.50 707.47
47.00 792.03
47.50 758.88
48.00 770.82
48.50 803.80
49.00 854.48
49.50 809.27
50.00 851.52
50.50 805.28
51.00 754.22
51.50 808.25
52.00 676.98
52.50 297.69
53.00 703.02
53.50 740.65
54.00 866.12
54.50 845.34
55.00 854.49
55.50 727.73
56.00 707.98
56.50 808.39
57.00 855.60
57.50 828.54
58.00 856.04
58.50 710.31
59.00 708.37
59.50 750.93
60.00 688.79
60.50 898.40
61.00 723.55
61.50 703.29
62.00 873.88
62.50 768.39
63.00 692.31
63.50 699.34
64.00 811.55
64.50 728.22
65.00 704.77
65.50 716.79
66.00 695.64
66.50 761.57
67.00 695.97
67.50 766.86
68.00 678.28
68.50 721.51
69.00 494.68
69.50 10.57
70.00 812.48
70.50 699.58
71.00 830.58
71.50 679.19
72.00 846.23
72.50 787.85
73.00 755.60
73.50 827.06
74.00 810.34
74.50 704.45
75.00 796.92
75.50 789.06
76.00 747.31
76.50 861.35
77.00 750.81
77.50 819.69
78.00 712.72
78.50 697.84
79.00 679.31
79.50 362.88
80.00 685.63
80.50 796.62
81.00 749.18
81.50 710.41
82.00 655.94
82.50 819.57
83.00 759.76
83.50 670.05
84.00 687.04
84.50 696.40
85.00 879.00
85.50 728.72
86.00 523.83
86.50 327.99
87.00 858.53
87.50 821.72
88.00 819.32
88.50 880.86
89.00 721.50
89.50 713.36
90.00 738.63
90.50 828.88
91.00 873.98
91.50 688.18
92.00 693.79
92.50 782.17
93.00 720.83
93.50 453.21
94.00 582.84
94.50 716.15
95.00 31.90
95.50 464.57
96.00 0.00
96.50 712.42
97.00 759.99
97.50 717.75
98.00 331.47
98.50 751.38
99.00 709.79
99.50 691.22
100.00 745.99
100.50 696.60
101.00 688.06
101.50 682.47
102.00 714.33
102.50 703.35
103.00 715.79
103.50 709.44
104.00 689.57
104.50 777.65
105.00 764.54
105.50 739.74
106.00 715.25
106.50 783.82
107.00 791.47
107.50 744.01
108.00 827.06
108.50 673.75
109.00 719.02
109.50 752.70
110.00 741.79
110.50 751.58
111.00 781.89
111.50 255.67
112.00 592.51
112.50 775.28
113.00 238.04
113.50 493.35
114.00 130.91
114.50 0.00
115.00 656.17
115.50 0.00
116.00 498.90
116.50 809.23
117.00 356.06
117.50 526.50
118.00 447.73
118.50 158.91
119.00 461.37
119.50 65.44
120.00 677.38
120.50 726.52
121.00 840.05
121.50 691.52
122.00 750.64
122.50 832.73
123.00 737.74
123.50 838.07
124.00 853.23
124.50 850.79
125.00 872.61
125.50 812.57
126.00 661.34
126.50 878.05
127.00 842.95
127.50 671.09
128.00 172.17
128.50 747.75
129.00 754.32
129.50 774.20
130.00 900.00
130.50 741.01
131.00 493.97
131.50 745.59
132.00 91.56
132.50 620.20
133.00 279.29
133.50 705.19
134.00 721.48
134.50 749.39
135.00 716.15
135.50 744.62
136.00 727.62
136.50 707.11
137.00 685.84
137.50 768.27
138.00 792.15
138.50 687.57
139.00 762.59
139.50 836.86
140.00 687.42
140.50 758.26
141.00 771.79
141.50 704.71
142.00 727.89
142.50 756.13
143.00 751.84
143.50 681.13
144.00 720.32
144.50 733.55
145.00 845.99
145.50 792.97
146.00 756.21
146.50 696.97
147.00 701.13
147.50 673.71
148.00 786.97
148.50 730.75
149.00 820.34
149.50 800.41
150.00 695.58
150.50 703.83
151.00 687.80
151.50 689.38
152.00 706.36
152.50 678.84
153.00 721.67
153.50 545.56
154.00 822.07
154.50 720.42
155.00 0.00
155.50 834.03
156.00 827.15
156.50 706.17
157.00 710.39
157.50 695.12
158.00 659.33
158.50 712.48
159.00 749.72
159.50 764.68
160.00 708.71
160.50 708.73
161.00 725.17
161.50 709.66
162.00 763.44
162.50 723.31
163.00 726.58
163.50 734.93
164.00 708.53
164.50 713.97
165.00 773.79
165.50 687.22
166.00 725.88
166.50 739.43
167.00 724.44
167.50 752.47
168.00 753.52
168.50 787.91
169.00 766.22
169.50 734.11
170.00 763.58
170.50 730.16
171.00 763.27
171.50 762.16
172.00 784.87
172.50 771.64
173.00 751.64
173.50 714.92
174.00 788.04
174.50 773.60
175.00 704.41
175.50 703.10
176.00 757.16
176.50 753.04
177.00 777.11
177.50 765.97
178.00 748.78
178.50 730.07
179.00 724.66
179.50 724.01
180.00 783.22
180.50 723.59
181.00 705.06
181.50 858.72
182.00 667.03
182.50 686.53
183.00 701.22
183.50 710.10
184.00 803.20
184.50 704.18
185.00 900.00
185.50 671.49
186.00 668.26
186.50 821.13
187.00 880.41
187.50 715.02
188.00 831.24
188.50 714.24
189.00 815.85
189.50 727.79
190.00 708.88
190.50 719.30
191.00 697.97
191.50 729.10
192.00 884.66
192.50 845.99
193.00 711.84
193.50 698.50
194.00 770.03
194.50 721.35
195.00 748.57
195.50 698.04
196.00 710.98
196.50 744.10
197.00 734.83
197.50 658.76
198.00 754.92
198.50 726.91
199.00 727.28
199.50 753.42
200.00 763.56
200.50 746.11
201.00 694.58
201.50 735.38
202.00 741.67
202.50 675.55
203.00 737.96
203.50 696.20
204.00 700.77
204.50 741.86
205.00 735.01
205.50 720.78
206.00 744.78
206.50 717.77
207.00 747.36
207.50 683.01
208.00 701.01
208.50 755.21
209.00 751.97
209.50 764.79
210.00 859.02
210.50 855.51
211.00 836.70
211.50 844.39
212.00 244.09
212.50 18.06
213.00 4.08
213.50 5.77
214.00 353.28
214.50 523.18
215.00 3.84
215.50 10.27
216.00 443.81
216.50 678.23
217.00 739.52
217.50 744.69
218.00 683.08
218.50 583.43
219.00 455.33
219.50 567.20
220.00 709.12
220.50 894.46
221.00 750.19
221.50 708.90
222.00 807.93
222.50 751.33
223.00 709.89
223.50 833.94
224.00 745.42
224.50 718.55
225.00 708.67
225.50 723.87
226.00 856.89
226.50 682.48
227.00 701.81
227.50 749.34
228.00 792.97
228.50 686.21
229.00 727.74
229.50 798.06
230.00 716.03
230.50 717.79
231.00 718.75
231.50 715.02
232.00 775.45
232.50 705.68
233.00 706.46
233.50 788.62
234.00 768.78
234.50 689.88
235.00 691.36
235.50 735.33
236.00 754.16
236.50 681.30
237.00 738.44
237.50 711.90
238.00 769.72
238.50 683.76
239.00 851.87
239.50 766.57
240.00 194.99
240.50 631.01
241.00 372.89
241.50 739.80
242.00 689.09
242.50 672.89
243.00 684.12
243.50 689.59
244.00 716.00
244.50 745.02
245.00 734.36
245.50 667.88
246.00 748.71
246.50 711.56
247.00 735.42
247.50 764.76
248.00 727.07
248.50 718.24
249.00 748.46
249.50 690.40
250.00 771.85
250.50 695.72
251.00 687.28
251.50 794.77
252.00 672.02
252.50 777.71
253.00 744.23
253.50 697.47
254.00 655.24
254.50 778.46
255.00 747.56
255.50 707.82
256.00 714.74
256.50 707.89
257.00 723.65
257.50 711.95
258.00 731.18
258.50 733.61
259.00 717.23
259.50 711.37
260.00 729.92
260.50 713.38
261.00 712.67
261.50 694.96
262.00 715.67
262.50 696.98
263.00 741.21
263.50 729.05
264.00 778.07
264.50 709.35
265.00 741.75
265.50 768.20
266.00 712.50
266.50 689.57
267.00 757.37
267.50 768.73
268.00 705.23
268.50 719.56
269.00 745.07
269.50 725.60
270.00 694.73
270.50 770.00
271.00 694.34
271.50 696.39
272.00 702.13
272.50 668.81
273.00 754.89
273.50 693.09
274.00 762.35
274.50 739.65
275.00 766.94
275.50 714.34
276.00 762.54
276.50 809.93
277.00 704.74
277.50 789.15
278.00 701.59
278.50 710.97
279.00 747.94
279.50 689.21
280.00 715.65
280.50 707.38
281.00 744.12
281.50 709.59
282.00 699.15
282.50 712.91
283.00 732.64
283.50 753.09
284.00 747.26
284.50 755.46
285.00 726.02
285.50 746.13
286.00 676.68
286.50 796.52
287.00 744.04
287.50 693.64
288.00 335.84
288.50 797.83
289.00 650.57
289.50 735.48
290.00 657.83
290.50 689.06
291.00 711.04
291.50 762.91
292.00 712.06
292.50 769.82
293.00 833.43
293.50 856.02
294.00 859.74
294.50 824.65
295.00 861.28
295.50 836.27
296.00 850.20
296.50 722.77
297.00 736.22
297.50 800.86
298.00 700.03
298.50 715.54
299.00 714.17
299.50 808.02
