0.00 759.60
0.50 741.50
1.00 749.32
1.50 768.29
2.00 744.00
2.50 740.56
3.00 699.49
3.50 739.34
4.00 732.07
4.50 741.38
5.00 692.95
5.50 743.28
6.00 738.22
6.50 731.85
7.00 698.85
7.50 737.62
8.00 683.66
8.50 717.38
9.00 714.86
9.50 739.10
10.00 731.97
10.50 736.87
11.00 736.33
11.50 772.29
12.00 757.35
12.50 791.66
13.00 727.69
13.50 748.43
14.00 753.31
14.50 759.08
15.00 721.34
15.50 722.54
16.00 772.46
16.50 757.56
17.00 754.11
17.50 758.71
18.00 702.68
18.50 696.90
19.00 709.08
19.50 757.90
20.00 704.21
20.50 735.19
21.00 749.23
21.50 700.42
22.00 739.52
22.50 742.66
23.00 658.68
23.50 746.82
24.00 590.85
24.50 872.26
25.00 835.43
25.50 780.76
26.00 769.93
26.50 372.98
27.00 753.85
27.50 503.74
28.00 714.32
28.50 748.88
29.00 800.63
29.50 837.90
30.00 691.57
30.50 429.25
31.00 651.16
31.50 458.02
32.00 181.00
32.50 461.56
33.00 324.64
33.50 19.44
34.00 5.99
34.50 332.77
35.00 545.28
35.50 784.30
36.00 715.13
36.50 700.50
37.00 757.86
37.50 754.53
38.00 508.93
38.50 679.30
39.00 798.90
39.50 749.54
40.00 737.04
40.50 747.14
41.00 729.87
41.50 752.00
42.00 731.67
42.50 732.24
43.00 753.15
43.50 711.31
44.00 757.15
44.50 749.23
45.00 720.91
45.50 755.10
46.00 722.74
46.50 760.90
47.00 325.06
47.50 521.09
48.00 794.14
48.50 560.18
49.00 712.16
49.50 124.73
50.00 676.90
50.50 731.55
51.00 673.30
51.50 829.87
52.00 760.03
52.50 801.40
53.00 686.22
53.50 731.96
54.00 729.89
54.50 707.60
55.00 298.32
55.50 705.22
56.00 720.72
56.50 747.06
57.00 747.20
57.50 746.30
58.00 694.32
58.50 479.45
59.00 418.41
59.50 337.32
60.00 549.29
60.50 695.23
61.00 734.96
61.50 739.63
62.00 680.13
62.50 883.73
63.00 849.26
63.50 839.35
64.00 821.07
64.50 825.08
65.00 819.13
65.50 822.17
66.00 848.57
66.50 837.63
67.00 843.56
67.50 880.37
68.00 847.17
68.50 837.39
69.00 714.17
69.50 770.03
70.00 759.49
70.50 781.22
71.00 699.93
71.50 774.48
72.00 748.49
72.50 764.07
73.00 864.64
73.50 435.55
74.00 203.13
74.50 482.60
75.00 283.51
75.50 787.79
76.00 730.33
76.50 141.99
77.00 143.51
77.50 803.17
78.00 759.03
78.50 725.20
79.00 767.62
79.50 728.14
80.00 821.31
80.50 812.13
81.00 858.61
81.50 822.16
82.00 855.77
82.50 845.58
83.00 841.55
83.50 846.68
84.00 825.49
84.50 711.69
85.00 713.40
85.50 738.20
86.00 720.80
86.50 707.26
87.00 746.64
87.50 748.73
88.00 750.14
88.50 691.18
89.00 723.07
89.50 779.14
90.00 851.94
90.50 750.32
91.00 804.78
91.50 334.40
92.00 776.01
92.50 784.42
93.00 723.96
93.50 750.95
94.00 679.17
94.50 735.42
95.00 785.37
95.50 757.55
96.00 702.41
96.50 601.23
97.00 873.65
97.50 803.49
98.00 784.81
98.50 751.88
99.00 0.00
99.50 0.00
100.00 2.40
100.50 567.17
101.00 425.29
101.50 265.11
102.00 714.16
102.50 10.21
103.00 360.08
103.50 298.90
104.00 16.75
104.50 5.86
105.00 17.02
105.50 17.88
106.00 0.08
106.50 1.10
107.00 8.07
107.50 5.40
108.00 900.00
108.50 803.69
109.00 713.08
109.50 768.30
110.00 720.32
110.50 737.55
111.00 729.18
111.50 747.26
112.00 763.74
112.50 684.88
113.00 797.70
113.50 705.81
114.00 710.87
114.50 859.18
115.00 821.68
115.50 741.01
116.00 738.41
116.50 706.48
117.00 681.89
117.50 746.61
118.00 739.36
118.50 745.04
119.00 802.23
119.50 559.48
120.00 571.54
120.50 673.87
121.00 743.93
121.50 702.60
122.00 740.03
122.50 739.83
123.00 694.01
123.50 866.73
124.00 676.51
124.50 769.85
125.00 721.33
125.50 776.89
126.00 671.93
126.50 730.81
127.00 671.12
127.50 676.32
128.00 888.86
128.50 788.30
129.00 728.46
129.50 681.97
130.00 726.30
130.50 769.48
131.00 724.37
131.50 724.25
132.00 720.83
132.50 708.48
133.00 731.01
133.50 738.88
134.00 792.66
134.50 747.99
135.00 749.38
135.50 689.59
136.00 898.78
136.50 677.31
137.00 726.96
137.50 794.98
138.00 825.68
138.50 807.57
139.00 828.31
139.50 863.41
140.00 690.60
140.50 689.42
141.00 728.85
141.50 709.41
142.00 805.56
142.50 684.04
143.00 733.30
143.50 737.00
144.00 773.88
144.50 751.71
145.00 802.37
145.50 698.66
146.00 673.55
146.50 415.98
147.00 673.88
147.50 700.12
148.00 750.60
148.50 770.48
149.00 746.06
149.50 806.21
150.00 811.67
150.50 776.62
151.00 740.71
151.50 698.44
152.00 699.27
152.50 566.56
153.00 713.23
153.50 813.97
154.00 706.35
154.50 705.03
155.00 751.04
155.50 830.59
156.00 893.44
156.50 876.63
157.00 857.53
157.50 729.44
158.00 624.15
158.50 756.78
159.00 770.65
159.50 849.18
160.00 714.05
160.50 761.49
161.00 715.34
161.50 750.23
162.00 724.23
162.50 764.80
163.00 678.18
163.50 802.22
164.00 726.05
164.50 723.23
165.00 727.33
165.50 778.89
166.00 760.73
166.50 729.11
167.00 717.01
167.50 685.17
168.00 694.42
168.50 748.19
169.00 729.36
169.50 683.58
170.00 746.28
170.50 716.10
171.00 683.65
171.50 694.09
172.00 691.43
172.50 718.36
173.00 712.84
173.50 762.19
174.00 720.13
174.50 779.69
175.00 706.20
175.50 744.81
176.00 754.60
176.50 739.84
177.00 699.39
177.50 760.64
178.00 759.14
178.50 708.18
179.00 865.56
179.50 676.90
180.00 731.43
180.50 722.90
181.00 747.58
181.50 695.86
182.00 746.26
182.50 722.25
183.00 494.03
183.50 105.18
184.00 670.65
184.50 565.21
185.00 758.81
185.50 757.29
186.00 739.54
186.50 691.99
187.00 679.22
187.50 697.21
188.00 749.62
188.50 707.20
189.00 770.35
189.50 673.07
190.00 716.75
190.50 791.74
191.00 741.01
191.50 747.65
192.00 685.84
192.50 732.46
193.00 710.62
193.50 709.62
194.00 769.81
194.50 733.98
195.00 774.25
195.50 785.22
196.00 777.25
196.50 735.34
197.00 703.01
197.50 737.45
198.00 677.00
198.50 711.78
199.00 736.08
199.50 720.69
200.00 858.86
200.50 762.40
201.00 734.76
201.50 740.03
202.00 833.07
202.50 721.21
203.00 725.45
203.50 701.35
204.00 762.44
204.50 757.74
205.00 748.89
205.50 740.80
206.00 725.07
206.50 758.79
207.00 698.02
207.50 741.99
208.00 762.66
208.50 728.65
209.00 748.29
209.50 688.72
210.00 731.91
210.50 702.89
211.00 739.19
211.50 714.69
212.00 718.85
212.50 754.93
213.00 735.39
213.50 703.80
214.00 751.98
214.50 711.75
215.00 800.86
215.50 708.93
216.00 733.24
216.50 772.61
217.00 800.21
217.50 741.06
218.00 680.23
218.50 744.01
219.00 772.18
219.50 707.51
220.00 760.55
220.50 738.52
221.00 714.60
221.50 746.84
222.00 730.28
222.50 701.39
223.00 715.10
223.50 727.45
224.00 776.44
224.50 606.73
225.00 776.05
225.50 703.68
226.00 111.81
226.50 469.96
227.00 195.29
227.50 742.99
228.00 800.84
228.50 823.71
229.00 753.50
229.50 810.90
230.00 900.00
230.50 710.51
231.00 765.85
231.50 767.06
232.00 790.50
232.50 702.89
233.00 401.30
233.50 363.21
234.00 739.85
234.50 703.19
235.00 721.79
235.50 0.00
236.00 21.87
236.50 18.16
237.00 151.68
237.50 739.91
238.00 749.09
238.50 746.56
239.00 719.39
239.50 735.21
240.00 664.02
240.50 755.40
241.00 690.89
241.50 771.55
242.00 774.14
242.50 738.81
243.00 751.15
243.50 781.78
244.00 734.16
244.50 718.47
245.00 761.31
245.50 735.85
246.00 715.15
246.50 750.90
247.00 712.58
247.50 695.58
248.00 693.23
248.50 701.77
249.00 691.22
249.50 789.08
250.00 715.80
250.50 774.33
251.00 746.91
251.50 749.24
252.00 720.22
252.50 15.09
253.00 3.64
253.50 631.03
254.00 288.92
254.50 470.31
255.00 339.28
255.50 203.16
256.00 786.18
256.50 706.04
257.00 734.50
257.50 749.46
258.00 737.22
258.50 756.28
259.00 746.60
259.50 765.87
260.00 724.74
260.50 668.30
261.00 714.28
261.50 481.41
262.00 694.44
262.50 745.74
263.00 696.01
263.50 883.88
264.00 357.87
264.50 714.02
265.00 658.25
265.50 715.61
266.00 707.67
266.50 825.08
267.00 691.80
267.50 808.66
268.00 783.75
268.50 843.40
269.00 167.05
269.50 708.20
270.00 842.13
270.50 808.17
271.00 773.40
271.50 764.09
272.00 196.91
272.50 787.94
273.00 768.58
273.50 746.28
274.00 725.65
274.50 626.89
275.00 706.28
275.50 791.47
276.00 754.85
276.50 743.66
277.00 711.18
277.50 763.06
278.00 686.38
278.50 742.22
279.00 784.36
279.50 756.68
280.00 299.99
280.50 497.44
281.00 831.16
281.50 752.14
282.00 771.63
282.50 735.58
283.00 699.75
283.50 775.26
284.00 737.54
284.50 722.98
285.00 697.82
285.50 722.63
286.00 731.52
286.50 779.64
287.00 759.67
287.50 757.96
288.00 672.59
288.50 721.18
289.00 779.05
289.50 733.47
290.00 705.18
290.50 687.85
291.00 358.40
291.50 687.85
292.00 735.87
292.50 733.26
293.00 686.38
293.50 777.21
294.00 835.48
294.50 775.22
295.00 702.12
295.50 829.65
296.00 829.36
296.50 763.26
297.00 714.89
297.50 719.11
298.00 763.55
298.50 829.74
299.00 692.44
299.50 725.97
