0.00 741.24
0.50 755.63
1.00 678.64
1.50 715.01
2.00 777.29
2.50 784.08
3.00 740.47
3.50 750.81
4.00 762.54
4.50 694.64
5.00 733.07
5.50 734.68
6.00 741.36
6.50 719.29
7.00 838.74
7.50 710.61
8.00 700.86
8.50 772.27
9.00 705.15
9.50 701.39
10.00 767.41
10.50 697.91
11.00 871.09
11.50 646.33
12.00 718.65
12.50 807.83
13.00 712.15
13.50 674.49
14.00 812.57
14.50 861.44
15.00 712.99
15.50 715.76
16.00 715.72
16.50 678.87
17.00 714.54
17.50 894.25
18.00 708.97
18.50 883.99
19.00 751.62
19.50 802.08
20.00 900.00
20.50 705.90
21.00 844.14
21.50 323.84
22.00 706.11
22.50 538.42
23.00 630.21
23.50 722.26
24.00 712.64
24.50 731.21
25.00 769.59
25.50 827.92
26.00 892.94
26.50 839.85
27.00 862.82
27.50 840.49
28.00 636.70
28.50 590.49
29.00 564.55
29.50 771.88
30.00 658.56
30.50 376.05
31.00 15.66
31.50 589.50
32.00 99.24
32.50 662.91
33.00 714.74
33.50 745.30
34.00 728.17
34.50 744.95
35.00 691.50
35.50 3.47
36.00 196.07
36.50 369.58
37.00 685.46
37.50 757.40
38.00 720.98
38.50 725.76
39.00 677.01
39.50 731.25
40.00 762.62
40.50 750.70
41.00 746.79
41.50 736.79
42.00 803.74
42.50 771.66
43.00 735.14
43.50 725.91
44.00 740.82
44.50 751.85
45.00 682.15
45.50 711.46
46.00 734.25
46.50 702.50
47.00 700.78
47.50 748.79
48.00 764.90
48.50 736.13
49.00 804.35
49.50 723.99
50.00 826.80
50.50 858.84
51.00 843.83
51.50 825.77
52.00 84.23
52.50 645.73
53.00 762.84
53.50 433.25
54.00 9.65
54.50 366.70
55.00 0.00
55.50 9.24
56.00 569.23
56.50 458.79
57.00 423.19
57.50 778.57
58.00 747.47
58.50 640.69
59.00 314.89
59.50 738.76
60.00 900.00
60.50 0.00
61.00 77.66
61.50 16.92
62.00 235.97
62.50 149.68
63.00 383.11
63.50 452.59
64.00 746.74
64.50 439.02
65.00 857.52
65.50 836.08
66.00 579.87
66.50 699.08
67.00 685.00
67.50 780.93
68.00 744.01
68.50 691.06
69.00 678.73
69.50 761.47
70.00 735.65
70.50 632.48
71.00 175.10
71.50 648.77
72.00 688.15
72.50 704.53
73.00 721.08
73.50 734.87
74.00 759.39
74.50 755.81
75.00 741.36
75.50 757.62
76.00 710.73
76.50 701.30
77.00 745.32
77.50 737.10
78.00 737.93
78.50 769.02
79.00 674.77
79.50 709.55
80.00 727.88
80.50 724.58
81.00 766.85
81.50 736.07
82.00 770.96
82.50 753.44
83.00 765.28
83.50 768.83
84.00 730.21
84.50 791.50
85.00 692.99
85.50 649.59
86.00 818.23
86.50 727.00
87.00 690.31
87.50 690.26
88.00 719.82
88.50 806.12
89.00 767.95
89.50 686.86
90.00 712.63
90.50 698.59
91.00 447.15
91.50 547.09
92.00 633.87
92.50 735.71
93.00 695.67
93.50 737.57
94.00 818.38
94.50 819.41
95.00 860.95
95.50 735.31
96.00 859.31
96.50 759.15
97.00 282.49
97.50 70.63
98.00 339.59
98.50 741.73
99.00 851.36
99.50 869.20
100.00 190.93
100.50 421.57
101.00 706.59
101.50 840.97
102.00 846.88
102.50 867.94
103.00 736.76
103.50 754.32
104.00 737.78
104.50 752.67
105.00 740.07
105.50 715.28
106.00 681.48
106.50 764.05
107.00 748.90
107.50 678.26
108.00 859.38
108.50 836.46
109.00 709.74
109.50 729.72
110.00 673.21
110.50 724.75
111.00 755.40
111.50 669.12
112.00 576.56
112.50 567.00
113.00 698.45
113.50 827.71
114.00 719.65
114.50 725.53
115.00 710.45
115.50 785.25
116.00 782.24
116.50 831.35
117.00 851.79
117.50 829.13
118.00 847.44
118.50 802.85
119.00 706.13
119.50 696.15
120.00 508.75
120.50 690.89
121.00 780.77
121.50 751.09
122.00 774.94
122.50 698.94
123.00 705.03
123.50 756.23
124.00 714.44
124.50 749.55
125.00 756.92
125.50 762.56
126.00 715.83
126.50 738.24
127.00 657.29
127.50 735.14
128.00 710.14
128.50 677.35
129.00 762.74
129.50 791.07
130.00 840.35
130.50 710.06
131.00 686.69
131.50 724.47
132.00 789.00
132.50 725.45
133.00 722.34
133.50 717.86
134.00 420.10
134.50 733.32
135.00 707.40
135.50 721.62
136.00 814.04
136.50 422.58
137.00 453.06
137.50 13.36
138.00 279.13
138.50 0.00
139.00 417.95
139.50 13.55
140.00 8.82
140.50 13.44
141.00 271.29
141.50 621.16
142.00 0.00
142.50 0.00
143.00 726.81
143.50 720.59
144.00 738.93
144.50 706.44
145.00 676.95
145.50 733.11
146.00 726.47
146.50 754.22
147.00 670.51
147.50 728.14
148.00 747.59
148.50 765.89
149.00 726.62
149.50 724.09
150.00 739.32
150.50 753.89
151.00 811.97
151.50 730.52
152.00 782.20
152.50 699.94
153.00 861.79
153.50 900.00
154.00 775.57
154.50 687.38
155.00 680.56
155.50 490.68
156.00 691.12
156.50 723.56
157.00 704.85
157.50 721.60
158.00 746.28
158.50 461.73
159.00 384.16
159.50 710.11
160.00 695.35
160.50 383.21
161.00 717.03
161.50 715.87
162.00 690.62
162.50 687.29
163.00 829.75
163.50 772.70
164.00 727.44
164.50 749.73
165.00 703.04
165.50 687.65
166.00 747.47
166.50 688.31
167.00 743.96
167.50 858.70
168.00 817.71
168.50 729.12
169.00 727.81
169.50 722.92
170.00 799.05
170.50 692.37
171.00 703.41
171.50 758.92
172.00 686.50
172.50 714.46
173.00 777.74
173.50 818.28
174.00 788.22
174.50 727.41
175.00 732.18
175.50 739.19
176.00 717.50
176.50 702.51
177.00 743.69
177.50 701.75
178.00 793.18
178.50 735.73
179.00 762.51
179.50 702.75
180.00 806.51
180.50 759.89
181.00 739.28
181.50 704.08
182.00 762.78
182.50 689.82
183.00 790.91
183.50 772.05
184.00 821.53
184.50 723.05
185.00 688.82
185.50 687.28
186.00 894.22
186.50 701.64
187.00 698.33
187.50 696.61
188.00 834.47
188.50 694.15
189.00 826.92
189.50 789.29
190.00 697.03
190.50 721.39
191.00 835.03
191.50 859.32
192.00 826.19
192.50 855.42
193.00 723.76
193.50 772.24
194.00 725.05
194.50 840.15
195.00 858.53
195.50 849.89
196.00 709.86
196.50 687.14
197.00 740.24
197.50 820.82
198.00 779.27
198.50 751.69
199.00 865.74
199.50 872.53
200.00 719.88
200.50 696.59
201.00 666.56
201.50 689.18
202.00 660.39
202.50 811.87
203.00 657.20
203.50 518.13
204.00 708.91
204.50 518.24
205.00 414.12
205.50 704.36
206.00 741.52
206.50 710.98
207.00 717.31
207.50 749.27
208.00 704.50
208.50 766.15
209.00 819.79
209.50 677.64
210.00 770.32
210.50 791.47
211.00 758.15
211.50 724.07
212.00 717.23
212.50 824.34
213.00 751.47
213.50 821.91
214.00 789.28
214.50 699.32
215.00 689.50
215.50 900.00
216.00 522.08
216.50 764.53
217.00 701.10
217.50 760.19
218.00 851.34
218.50 341.78
219.00 765.03
219.50 694.00
220.00 727.83
220.50 690.12
221.00 760.87
221.50 668.36
222.00 704.91
222.50 841.77
223.00 835.44
223.50 853.75
224.00 820.47
224.50 824.18
225.00 742.93
225.50 707.09
226.00 676.26
226.50 698.21
227.00 582.66
227.50 555.80
228.00 89.13
228.50 301.62
229.00 813.22
229.50 694.51
230.00 554.03
230.50 390.44
231.00 449.68
231.50 738.43
232.00 322.72
232.50 494.88
233.00 748.34
233.50 642.31
234.00 698.91
234.50 685.25
235.00 697.74
235.50 767.43
236.00 780.26
236.50 779.98
237.00 762.83
237.50 733.37
238.00 685.75
238.50 718.78
239.00 693.32
239.50 742.46
240.00 746.57
240.50 734.63
241.00 727.31
241.50 766.75
242.00 705.32
242.50 785.00
243.00 829.42
243.50 764.61
244.00 731.04
244.50 694.41
245.00 715.77
245.50 737.99
246.00 730.12
246.50 677.66
247.00 712.95
247.50 719.33
248.00 774.45
248.50 768.82
249.00 762.65
249.50 791.51
250.00 748.50
250.50 716.54
251.00 706.22
251.50 739.03
252.00 785.53
252.50 739.97
253.00 717.75
253.50 734.42
254.00 728.20
254.50 732.05
255.00 685.00
255.50 705.79
256.00 761.63
256.50 712.72
257.00 732.17
257.50 753.05
258.00 678.20
258.50 706.70
259.00 742.14
259.50 756.74
260.00 703.81
260.50 750.33
261.00 692.34
261.50 737.56
262.00 741.81
262.50 709.43
263.00 714.86
263.50 769.19
264.00 709.80
264.50 737.72
265.00 713.82
265.50 731.12
266.00 757.46
266.50 743.56
267.00 714.79
267.50 715.45
268.00 731.91
268.50 736.13
269.00 459.18
269.50 720.57
270.00 220.12
270.50 545.27
271.00 711.38
271.50 768.15
272.00 743.45
272.50 756.95
273.00 748.93
273.50 720.89
274.00 796.17
274.50 755.11
275.00 716.66
275.50 777.08
276.00 718.12
276.50 723.91
277.00 816.28
277.50 812.96
278.00 814.87
278.50 820.49
279.00 821.78
279.50 833.71
280.00 850.90
280.50 792.45
281.00 725.04
281.50 496.86
282.00 796.06
282.50 821.91
283.00 723.52
283.50 62.07
284.00 24.69
284.50 368.17
285.00 160.99
285.50 689.44
286.00 717.59
286.50 679.89
287.00 767.37
287.50 736.43
288.00 772.85
288.50 823.42
289.00 728.57
289.50 665.20
290.00 744.55
290.50 722.53
291.00 725.94
291.50 740.09
292.00 281.62
292.50 751.01
293.00 851.66
293.50 852.76
294.00 840.72
294.50 845.74
295.00 859.03
295.50 850.18
296.00 855.61
296.50 721.11
297.00 781.07
297.50 671.36
298.00 713.70
298.50 767.85
299.00 701.42
299.50 850.86
