0.00 753.47
0.50 691.31
1.00 743.14
1.50 686.91
2.00 695.37
2.50 730.72
3.00 810.44
3.50 781.35
4.00 694.08
4.50 770.18
5.00 755.08
5.50 699.49
6.00 671.57
6.50 710.87
7.00 676.73
7.50 766.06
8.00 671.45
8.50 749.60
9.00 794.29
9.50 727.56
10.00 750.49
10.50 685.66
11.00 715.50
11.50 687.47
12.00 712.26
12.50 716.83
13.00 766.32
13.50 763.91
14.00 807.84
14.50 755.51
15.00 721.28
15.50 766.08
16.00 739.75
16.50 778.98
17.00 820.77
17.50 715.46
18.00 775.61
18.50 733.59
19.00 761.67
19.50 751.88
20.00 786.22
20.50 765.11
21.00 751.81
21.50 735.22
22.00 748.64
22.50 717.70
23.00 698.81
23.50 800.98
24.00 746.98
24.50 721.87
25.00 759.37
25.50 728.51
26.00 404.58
26.50 507.08
27.00 639.29
27.50 554.72
28.00 15.84
28.50 4.36
29.00 263.74
29.50 593.05
30.00 301.15
30.50 747.97
31.00 679.32
31.50 767.83
32.00 793.40
32.50 796.46
33.00 800.94
33.50 751.93
34.00 698.46
34.50 696.40
35.00 722.74
35.50 754.84
36.00 783.62
36.50 735.08
37.00 810.87
37.50 787.83
38.00 737.75
38.50 670.08
39.00 806.05
39.50 860.79
40.00 835.15
40.50 850.14
41.00 879.11
41.50 739.70
42.00 375.22
42.50 93.32
43.00 9.00
43.50 0.00
44.00 7.25
44.50 273.76
45.00 777.44
45.50 746.57
46.00 759.77
46.50 730.81
47.00 759.45
47.50 745.64
48.00 754.46
48.50 743.82
49.00 666.84
49.50 757.92
50.00 755.21
50.50 685.29
51.00 735.88
51.50 775.08
52.00 734.98
52.50 705.66
53.00 752.30
53.50 746.44
54.00 746.18
54.50 733.08
55.00 706.69
55.50 676.40
56.00 739.17
56.50 750.39
57.00 728.06
57.50 708.18
58.00 682.99
58.50 763.27
59.00 764.90
59.50 708.89
60.00 737.33
60.50 697.52
61.00 763.97
61.50 746.08
62.00 737.10
62.50 830.27
63.00 851.64
63.50 657.39
64.00 702.27
64.50 705.84
65.00 737.22
65.50 721.89
66.00 822.75
66.50 731.75
67.00 889.13
67.50 715.92
68.00 721.30
68.50 696.42
69.00 733.79
69.50 695.60
70.00 732.05
70.50 744.92
71.00 826.97
71.50 817.77
72.00 7.41
72.50 3.08
73.00 0.00
73.50 492.90
74.00 666.17
74.50 715.25
75.00 565.29
75.50 709.19
76.00 674.01
76.50 710.20
77.00 832.47
77.50 852.96
78.00 794.09
78.50 708.05
79.00 695.59
79.50 739.30
80.00 0.00
80.50 6.46
81.00 12.04
81.50 685.86
82.00 703.22
82.50 746.98
83.00 753.08
83.50 731.79
84.00 713.40
84.50 744.97
85.00 780.16
85.50 828.40
86.00 739.51
86.50 723.71
87.00 744.14
87.50 730.22
88.00 684.58
88.50 691.08
89.00 694.46
89.50 859.38
90.00 627.91
90.50 880.03
91.00 720.12
91.50 732.58
92.00 715.10
92.50 743.34
93.00 770.77
93.50 777.07
94.00 767.86
94.50 774.68
95.00 745.33
95.50 708.70
96.00 720.13
96.50 761.49
97.00 729.75
97.50 700.48
98.00 693.06
98.50 709.59
99.00 740.30
99.50 671.25
100.00 642.85
100.50 617.77
101.00 173.91
101.50 56.80
102.00 508.90
102.50 236.50
103.00 6.23
103.50 6.86
104.00 0.00
104.50 245.07
105.00 4.77
105.50 17.82
106.00 621.34
106.50 687.07
107.00 686.98
107.50 305.60
108.00 724.94
108.50 726.32
109.00 723.48
109.50 709.98
110.00 590.15
110.50 549.69
111.00 705.62
111.50 711.56
112.00 718.49
112.50 730.99
113.00 704.45
113.50 897.30
114.00 716.10
114.50 829.53
115.00 770.55
115.50 717.62
116.00 830.13
116.50 796.77
117.00 705.35
117.50 770.94
118.00 698.51
118.50 764.01
119.00 699.79
119.50 357.74
120.00 838.28
120.50 876.49
121.00 728.03
121.50 696.86
122.00 691.19
122.50 730.35
123.00 897.77
123.50 673.20
124.00 723.70
124.50 507.44
125.00 701.93
125.50 722.53
126.00 696.05
126.50 784.49
127.00 765.27
127.50 684.16
128.00 664.47
128.50 690.35
129.00 663.85
129.50 754.10
130.00 718.01
130.50 711.23
131.00 828.48
131.50 821.46
132.00 844.83
132.50 778.47
133.00 780.03
133.50 728.55
134.00 741.50
134.50 731.16
135.00 754.14
135.50 792.38
136.00 775.39
136.50 705.12
137.00 738.03
137.50 703.54
138.00 766.89
138.50 739.19
139.00 730.52
139.50 735.33
140.00 701.22
140.50 806.47
141.00 841.28
141.50 700.76
142.00 779.95
142.50 691.29
143.00 689.26
143.50 857.21
144.00 802.62
144.50 736.52
145.00 739.37
145.50 892.56
146.00 525.74
146.50 704.87
147.00 709.65
147.50 735.25
148.00 784.67
148.50 847.73
149.00 807.28
149.50 711.90
150.00 422.32
150.50 732.55
151.00 698.69
151.50 723.06
152.00 705.69
152.50 694.66
153.00 700.51
153.50 776.01
154.00 735.68
154.50 712.16
155.00 742.76
155.50 779.32
156.00 743.79
156.50 728.66
157.00 695.31
157.50 788.07
158.00 698.35
158.50 715.70
159.00 756.39
159.50 735.15
160.00 732.26
160.50 791.54
161.00 827.38
161.50 798.19
162.00 809.35
162.50 832.88
163.00 722.50
163.50 711.02
164.00 698.58
164.50 0.00
165.00 67.98
165.50 336.28
166.00 706.30
166.50 721.07
167.00 466.06
167.50 556.67
168.00 769.49
168.50 191.26
169.00 322.30
169.50 477.75
170.00 540.07
170.50 482.43
171.00 21.95
171.50 23.51
172.00 390.86
172.50 723.60
173.00 707.31
173.50 777.09
174.00 744.21
174.50 701.38
175.00 746.80
175.50 746.60
176.00 846.63
176.50 839.05
177.00 849.91
177.50 858.94
178.00 299.86
178.50 491.30
179.00 357.27
179.50 773.47
180.00 736.53
180.50 844.74
181.00 747.98
181.50 444.76
182.00 243.49
182.50 853.22
183.00 852.57
183.50 831.64
184.00 830.74
184.50 831.67
185.00 837.59
185.50 809.48
186.00 784.66
186.50 168.98
187.00 225.68
187.50 155.53
188.00 729.82
188.50 795.20
189.00 740.87
189.50 695.34
190.00 771.54
190.50 715.19
191.00 711.71
191.50 713.64
192.00 686.84
192.50 740.75
193.00 766.93
193.50 725.96
194.00 729.70
194.50 776.68
195.00 779.54
195.50 769.33
196.00 777.07
196.50 740.32
197.00 742.93
197.50 706.52
198.00 727.96
198.50 733.76
199.00 708.93
199.50 726.22
200.00 767.70
200.50 722.50
201.00 732.31
201.50 712.39
202.00 688.35
202.50 766.00
203.00 751.59
203.50 704.76
204.00 723.23
204.50 722.66
205.00 677.99
205.50 729.71
206.00 733.19
206.50 796.02
207.00 729.40
207.50 748.94
208.00 899.00
208.50 114.05
209.00 637.60
209.50 715.68
210.00 748.07
210.50 873.36
211.00 853.12
211.50 853.30
212.00 848.71
212.50 839.36
213.00 730.25
213.50 900.00
214.00 841.34
214.50 900.00
215.00 845.18
215.50 767.87
216.00 679.63
216.50 697.98
217.00 768.39
217.50 731.96
218.00 714.91
218.50 759.50
219.00 711.52
219.50 727.04
220.00 534.67
220.50 562.76
221.00 698.74
221.50 671.32
222.00 882.39
222.50 527.13
223.00 428.79
223.50 720.83
224.00 694.92
224.50 742.96
225.00 675.96
225.50 719.58
226.00 765.75
226.50 752.25
227.00 752.02
227.50 736.52
228.00 668.51
228.50 727.61
229.00 843.80
229.50 750.74
230.00 745.57
230.50 768.65
231.00 770.39
231.50 728.77
232.00 713.66
232.50 705.21
233.00 427.30
233.50 851.13
234.00 727.04
234.50 773.42
235.00 791.80
235.50 704.03
236.00 839.82
236.50 720.77
237.00 775.15
237.50 685.73
238.00 343.46
238.50 782.26
239.00 819.63
239.50 900.00
240.00 712.93
240.50 769.70
241.00 537.02
241.50 750.86
242.00 737.44
242.50 710.34
243.00 737.23
243.50 678.40
244.00 900.00
244.50 737.14
245.00 696.74
245.50 761.81
246.00 708.55
246.50 712.65
247.00 812.65
247.50 900.00
248.00 854.77
248.50 760.85
249.00 764.36
249.50 743.11
250.00 713.46
250.50 737.67
251.00 684.11
251.50 743.84
252.00 900.00
252.50 516.84
253.00 812.77
253.50 307.13
254.00 261.91
254.50 717.87
255.00 736.54
255.50 761.76
256.00 685.97
256.50 723.23
257.00 846.68
257.50 826.13
258.00 376.61
258.50 100.77
259.00 684.43
259.50 721.53
260.00 719.19
260.50 711.22
261.00 734.57
261.50 727.11
262.00 679.05
262.50 740.63
263.00 739.13
263.50 738.24
264.00 770.08
264.50 818.94
265.00 727.22
265.50 733.87
266.00 716.39
266.50 743.27
267.00 781.85
267.50 765.83
268.00 757.39
268.50 837.60
269.00 866.94
269.50 707.96
270.00 837.62
270.50 717.21
271.00 690.36
271.50 868.97
272.00 837.15
272.50 679.00
273.00 682.65
273.50 683.15
274.00 785.76
274.50 727.56
275.00 702.15
275.50 663.16
276.00 682.19
276.50 713.92
277.00 707.94
277.50 680.46
278.00 809.99
278.50 680.04
279.00 695.69
279.50 470.58
280.00 297.70
280.50 563.38
281.00 16.62
281.50 383.91
282.00 675.11
282.50 822.64
283.00 829.79
283.50 321.65
284.00 399.90
284.50 3.29
285.00 17.30
285.50 23.86
286.00 788.67
286.50 686.48
287.00 723.76
287.50 722.22
288.00 700.18
288.50 702.96
289.00 714.80
289.50 673.06
290.00 716.07
290.50 706.63
291.00 825.42
291.50 778.14
292.00 694.29
292.50 900.00
293.00 834.78
293.50 729.44
294.00 803.41
294.50 754.10
295.00 755.84
295.50 679.18
296.00 695.17
296.50 679.71
297.00 844.78
297.50 721.53
298.00 719.45
298.50 900.00
299.00 757.14
299.50 570.93
