0.00 702.68
0.50 680.07
1.00 823.72
1.50 772.78
2.00 692.49
2.50 715.26
3.00 683.33
3.50 686.11
4.00 733.85
4.50 705.74
5.00 691.72
5.50 743.90
6.00 700.32
6.50 688.80
7.00 751.44
7.50 786.19
8.00 750.64
8.50 758.06
9.00 753.38
9.50 710.54
10.00 735.91
10.50 753.80
11.00 723.17
11.50 769.45
12.00 711.78
12.50 668.07
13.00 732.84
13.50 780.57
14.00 652.22
14.50 757.84
15.00 710.65
15.50 782.63
16.00 777.82
16.50 767.38
17.00 807.47
17.50 787.60
18.00 755.97
18.50 706.58
19.00 771.07
19.50 782.82
20.00 754.54
20.50 739.63
21.00 197.22
21.50 501.19
22.00 175.14
22.50 3.07
23.00 246.13
23.50 790.34
24.00 453.37
24.50 365.56
25.00 749.26
25.50 729.22
26.00 475.85
26.50 283.98
27.00 165.64
27.50 720.67
28.00 717.07
28.50 740.11
29.00 812.69
29.50 845.72
30.00 720.61
30.50 785.76
31.00 749.66
31.50 710.97
32.00 304.48
32.50 722.11
33.00 723.53
33.50 683.10
34.00 776.48
34.50 725.67
35.00 759.12
35.50 694.52
36.00 725.87
36.50 709.63
37.00 846.99
37.50 843.38
38.00 850.39
38.50 738.32
39.00 800.04
39.50 729.24
40.00 694.36
40.50 251.38
41.00 553.40
41.50 700.75
42.00 740.00
42.50 684.17
43.00 718.06
43.50 840.77
44.00 675.63
44.50 749.66
45.00 693.52
45.50 500.12
46.00 685.18
46.50 797.53
47.00 694.06
47.50 697.01
48.00 769.59
48.50 703.68
49.00 716.45
49.50 809.83
50.00 731.77
50.50 700.92
51.00 823.03
51.50 843.67
52.00 724.36
52.50 603.27
53.00 35.65
53.50 283.32
54.00 7.09
54.50 502.72
55.00 758.15
55.50 725.57
56.00 876.20
56.50 744.86
57.00 652.04
57.50 698.46
58.00 729.86
58.50 223.61
59.00 412.60
59.50 699.26
60.00 220.10
60.50 709.39
61.00 697.26
61.50 723.20
62.00 693.55
62.50 736.14
63.00 719.80
63.50 714.20
64.00 821.92
64.50 854.44
65.00 824.08
65.50 862.51
66.00 830.12
66.50 845.56
67.00 861.74
67.50 853.61
68.00 849.32
68.50 779.49
69.00 318.41
69.50 443.92
70.00 0.00
70.50 0.00
71.00 2.68
71.50 10.25
72.00 245.28
72.50 147.58
73.00 2.18
73.50 5.05
74.00 900.00
74.50 359.28
75.00 212.30
75.50 751.07
76.00 457.41
76.50 0.00
77.00 9.73
77.50 0.00
78.00 0.00
78.50 777.44
79.00 693.07
79.50 670.62
80.00 206.91
80.50 11.89
81.00 0.00
81.50 0.00
82.00 815.76
82.50 746.17
83.00 744.48
83.50 5.00
84.00 5.43
84.50 406.38
85.00 691.66
85.50 19.92
86.00 0.00
86.50 0.24
87.00 779.36
87.50 749.74
88.00 728.93
88.50 794.94
89.00 768.45
89.50 778.55
90.00 236.79
90.50 2.82
91.00 4.82
91.50 13.94
92.00 640.37
92.50 330.50
93.00 123.26
93.50 761.74
94.00 751.30
94.50 696.29
95.00 724.18
95.50 586.17
96.00 9.36
96.50 6.94
97.00 331.27
97.50 649.20
98.00 693.54
98.50 744.88
99.00 865.26
99.50 855.54
100.00 864.10
100.50 732.79
101.00 387.64
101.50 214.80
102.00 804.49
102.50 707.06
103.00 733.47
103.50 596.62
104.00 718.39
104.50 755.67
105.00 747.20
105.50 730.74
106.00 775.91
106.50 671.43
107.00 732.27
107.50 708.94
108.00 762.07
108.50 719.61
109.00 711.71
109.50 738.31
110.00 780.01
110.50 705.89
111.00 730.63
111.50 689.99
112.00 750.19
112.50 775.22
113.00 713.95
113.50 777.11
114.00 716.01
114.50 675.60
115.00 771.97
115.50 693.04
116.00 714.86
116.50 719.51
117.00 758.63
117.50 793.30
118.00 697.03
118.50 755.10
119.00 706.25
119.50 743.88
120.00 683.86
120.50 700.78
121.00 751.35
121.50 744.64
122.00 721.03
122.50 683.23
123.00 738.16
123.50 735.89
124.00 820.60
124.50 862.68
125.00 847.49
125.50 842.89
126.00 362.57
126.50 844.74
127.00 733.03
127.50 785.40
128.00 724.03
128.50 719.31
129.00 701.87
129.50 709.13
130.00 870.41
130.50 723.49
131.00 718.92
131.50 713.72
132.00 725.23
132.50 707.32
133.00 747.85
133.50 766.68
134.00 744.09
134.50 670.01
135.00 731.18
135.50 710.25
136.00 719.06
136.50 751.68
137.00 699.61
137.50 763.51
138.00 713.24
138.50 758.68
139.00 765.27
139.50 843.28
140.00 678.11
140.50 697.45
141.00 780.19
141.50 814.58
142.00 817.88
142.50 795.83
143.00 847.26
143.50 724.19
144.00 720.09
144.50 747.01
145.00 705.63
145.50 678.66
146.00 676.29
146.50 699.27
147.00 687.76
147.50 763.87
148.00 707.95
148.50 769.38
149.00 855.13
149.50 708.70
150.00 759.67
150.50 829.77
151.00 503.62
151.50 368.45
152.00 319.95
152.50 0.00
153.00 709.71
153.50 760.96
154.00 714.69
154.50 784.35
155.00 731.88
155.50 747.83
156.00 778.59
156.50 802.49
157.00 739.55
157.50 724.51
158.00 727.33
158.50 735.32
159.00 744.77
159.50 710.82
160.00 735.94
160.50 758.57
161.00 717.76
161.50 729.23
162.00 670.72
162.50 14.86
163.00 18.25
163.50 333.66
164.00 760.40
164.50 868.70
165.00 843.19
165.50 835.22
166.00 740.01
166.50 741.39
167.00 700.66
167.50 725.97
168.00 453.53
168.50 835.83
169.00 718.56
169.50 737.84
170.00 825.64
170.50 833.24
171.00 858.86
171.50 849.26
172.00 840.43
172.50 869.92
173.00 841.30
173.50 692.85
174.00 640.20
174.50 732.68
175.00 332.43
175.50 250.15
176.00 791.72
176.50 772.84
177.00 752.21
177.50 776.05
178.00 761.60
178.50 775.72
179.00 751.62
179.50 737.60
180.00 690.50
180.50 241.12
181.00 697.51
181.50 808.30
182.00 53.36
182.50 860.73
183.00 707.16
183.50 705.85
184.00 736.57
184.50 757.28
185.00 731.63
185.50 733.92
186.00 750.96
186.50 781.84
187.00 742.42
187.50 746.76
188.00 763.05
188.50 743.89
189.00 752.79
189.50 735.35
190.00 748.14
190.50 762.60
191.00 714.34
191.50 806.92
192.00 844.48
192.50 720.99
193.00 8.18
193.50 71.65
194.00 35.82
194.50 774.79
195.00 728.38
195.50 723.72
196.00 699.52
196.50 738.67
197.00 781.65
197.50 749.16
198.00 226.35
198.50 166.17
199.00 511.86
199.50 743.27
200.00 766.20
200.50 632.37
201.00 797.51
201.50 706.04
202.00 770.72
202.50 751.46
203.00 707.58
203.50 778.53
204.00 756.25
204.50 728.30
205.00 713.07
205.50 766.96
206.00 751.79
206.50 790.71
207.00 733.84
207.50 721.38
208.00 741.59
208.50 745.80
209.00 689.75
209.50 694.55
210.00 739.10
210.50 715.86
211.00 751.41
211.50 657.66
212.00 743.07
212.50 766.04
213.00 763.24
213.50 716.87
214.00 718.12
214.50 749.70
215.00 760.29
215.50 803.46
216.00 753.91
216.50 644.54
217.00 715.61
217.50 779.47
218.00 743.30
218.50 730.89
219.00 758.56
219.50 743.96
220.00 744.70
220.50 706.17
221.00 738.33
221.50 802.95
222.00 761.75
222.50 755.00
223.00 758.63
223.50 721.07
224.00 734.60
224.50 701.35
225.00 724.97
225.50 700.98
226.00 710.82
226.50 0.00
227.00 23.49
227.50 359.45
228.00 10.59
228.50 14.60
229.00 223.28
229.50 0.00
230.00 764.12
230.50 743.64
231.00 766.04
231.50 759.86
232.00 690.22
232.50 765.34
233.00 703.60
233.50 701.74
234.00 647.31
234.50 700.25
235.00 695.11
235.50 740.56
236.00 716.11
236.50 707.99
237.00 311.73
237.50 741.28
238.00 697.54
238.50 715.81
239.00 840.60
239.50 756.74
240.00 855.52
240.50 818.79
241.00 767.78
241.50 244.80
242.00 711.22
242.50 829.83
243.00 762.30
243.50 707.48
244.00 769.65
244.50 689.43
245.00 825.32
245.50 706.12
246.00 733.96
246.50 671.87
247.00 680.22
247.50 750.00
248.00 684.55
248.50 664.92
249.00 713.93
249.50 730.38
250.00 740.06
250.50 730.09
251.00 762.14
251.50 685.06
252.00 723.89
252.50 684.01
253.00 350.29
253.50 568.76
254.00 0.00
254.50 335.85
255.00 770.76
255.50 684.64
256.00 844.41
256.50 840.29
257.00 758.64
257.50 753.40
258.00 201.61
258.50 726.29
259.00 837.25
259.50 822.85
260.00 758.97
260.50 678.84
261.00 799.26
261.50 838.77
262.00 854.55
262.50 815.54
263.00 835.51
263.50 837.49
264.00 845.24
264.50 686.88
265.00 731.71
265.50 739.68
266.00 762.74
266.50 669.69
267.00 827.24
267.50 693.41
268.00 729.39
268.50 742.60
269.00 727.82
269.50 745.84
270.00 733.94
270.50 746.01
271.00 730.18
271.50 709.12
272.00 750.67
272.50 695.40
273.00 762.32
273.50 768.90
274.00 719.12
274.50 792.15
275.00 704.88
275.50 807.76
276.00 818.59
276.50 828.50
277.00 832.12
277.50 700.23
278.00 811.05
278.50 680.76
279.00 726.40
279.50 831.32
280.00 742.41
280.50 715.25
281.00 811.44
281.50 732.46
282.00 745.12
282.50 678.22
283.00 701.61
283.50 707.17
284.00 686.83
284.50 709.74
285.00 699.31
285.50 699.59
286.00 707.09
286.50 677.52
287.00 709.23
287.50 900.00
288.00 729.20
288.50 737.89
289.00 756.77
289.50 738.23
290.00 689.26
290.50 718.32
291.00 691.79
291.50 816.78
292.00 743.83
292.50 725.88
293.00 746.98
293.50 752.34
294.00 745.29
294.50 740.00
295.00 713.01
295.50 488.65
296.00 699.73
296.50 371.73
297.00 798.59
297.50 733.94
298.00 810.66
298.50 622.23
299.00 687.87
299.50 707.07
