0.00 726.76
0.50 710.54
1.00 693.64
1.50 730.65
2.00 710.29
2.50 703.53
3.00 695.89
3.50 718.47
4.00 703.90
4.50 693.23
5.00 743.00
5.50 695.84
6.00 762.14
6.50 570.53
7.00 721.90
7.50 717.42
8.00 715.63
8.50 740.67
9.00 722.87
9.50 146.84
10.00 209.88
10.50 639.16
11.00 7.10
11.50 200.64
12.00 458.93
12.50 15.11
13.00 250.77
13.50 553.81
14.00 682.86
14.50 712.32
15.00 761.06
15.50 678.70
16.00 724.51
16.50 716.38
17.00 739.21
17.50 773.54
18.00 758.05
18.50 693.02
19.00 726.02
19.50 811.48
20.00 833.52
20.50 816.08
21.00 227.82
21.50 718.04
22.00 705.25
22.50 760.92
23.00 812.94
23.50 773.52
24.00 690.55
24.50 898.39
25.00 745.09
25.50 265.06
26.00 742.49
26.50 743.80
27.00 728.41
27.50 704.58
28.00 732.99
28.50 656.77
29.00 669.04
29.50 751.88
30.00 744.46
30.50 698.81
31.00 690.88
31.50 725.65
32.00 766.06
32.50 735.29
33.00 687.50
33.50 360.74
34.00 740.14
34.50 679.12
35.00 705.17
35.50 678.34
36.00 833.28
36.50 855.38
37.00 873.99
37.50 834.70
38.00 860.89
38.50 837.09
39.00 846.78
39.50 863.17
40.00 855.69
40.50 865.90
41.00 838.07
41.50 869.50
42.00 854.60
42.50 722.00
43.00 792.35
43.50 781.70
44.00 705.05
44.50 696.97
45.00 722.59
45.50 862.54
46.00 553.16
46.50 246.54
47.00 736.00
47.50 742.93
48.00 746.53
48.50 719.20
49.00 723.07
49.50 715.53
50.00 719.82
50.50 728.97
51.00 754.53
51.50 702.51
52.00 751.03
52.50 781.61
53.00 761.21
53.50 729.48
54.00 662.00
54.50 698.92
55.00 719.23
55.50 729.19
56.00 847.47
56.50 747.08
57.00 828.64
57.50 875.85
58.00 857.19
58.50 382.08
59.00 14.43
59.50 6.07
60.00 16.30
60.50 0.00
61.00 289.91
61.50 191.62
62.00 202.93
62.50 24.61
63.00 2.29
63.50 10.00
64.00 0.00
64.50 19.25
65.00 290.58
65.50 158.20
66.00 888.65
66.50 860.31
67.00 720.57
67.50 860.02
68.00 697.58
68.50 215.06
69.00 736.47
69.50 725.99
70.00 767.02
70.50 753.95
71.00 753.76
71.50 746.30
72.00 765.89
72.50 793.57
73.00 0.00
73.50 7.78
74.00 20.99
74.50 292.36
75.00 453.54
75.50 761.40
76.00 814.24
76.50 826.15
77.00 758.70
77.50 801.21
78.00 833.25
78.50 700.19
79.00 693.09
79.50 723.62
80.00 690.44
80.50 858.13
81.00 713.56
81.50 770.30
82.00 818.10
82.50 713.40
83.00 760.74
83.50 707.43
84.00 733.24
84.50 698.23
85.00 705.82
85.50 696.94
86.00 742.60
86.50 716.09
87.00 744.76
87.50 748.02
88.00 701.07
88.50 786.26
89.00 729.46
89.50 752.63
90.00 752.78
90.50 735.59
91.00 721.11
91.50 744.86
92.00 731.11
92.50 731.33
93.00 750.77
93.50 744.94
94.00 702.99
94.50 720.18
95.00 749.07
95.50 703.85
96.00 775.53
96.50 697.22
97.00 765.68
97.50 1.18
98.00 728.01
98.50 722.90
99.00 765.90
99.50 719.03
100.00 747.46
100.50 704.05
101.00 721.76
101.50 678.55
102.00 880.93
102.50 851.41
103.00 723.92
103.50 665.88
104.00 392.39
104.50 703.76
105.00 327.97
105.50 274.02
106.00 709.20
106.50 699.14
107.00 840.85
107.50 772.56
108.00 768.18
108.50 788.63
109.00 805.48
109.50 781.63
110.00 797.01
110.50 659.77
111.00 891.11
111.50 691.16
112.00 692.89
112.50 724.69
113.00 756.56
113.50 772.11
114.00 748.89
114.50 735.02
115.00 724.20
115.50 0.00
116.00 0.00
116.50 354.02
117.00 13.42
117.50 0.00
118.00 394.85
118.50 174.45
119.00 153.76
119.50 691.11
120.00 426.21
120.50 645.58
121.00 715.63
121.50 697.46
122.00 791.95
122.50 716.82
123.00 706.35
123.50 751.52
124.00 708.30
124.50 690.21
125.00 737.63
125.50 821.53
126.00 793.89
126.50 773.33
127.00 724.90
127.50 754.26
128.00 714.39
128.50 719.07
129.00 825.23
129.50 715.61
130.00 756.69
130.50 712.75
131.00 756.20
131.50 709.76
132.00 729.61
132.50 742.73
133.00 710.23
133.50 697.91
134.00 730.66
134.50 784.57
135.00 760.22
135.50 735.66
136.00 720.22
136.50 770.29
137.00 43.43
137.50 0.00
138.00 0.00
138.50 233.90
139.00 692.57
139.50 752.76
140.00 753.79
140.50 848.58
141.00 848.70
141.50 853.23
142.00 847.43
142.50 755.71
143.00 715.00
143.50 695.85
144.00 730.36
144.50 849.48
145.00 855.65
145.50 820.11
146.00 792.85
146.50 722.52
147.00 567.19
147.50 97.05
148.00 692.62
148.50 741.32
149.00 796.63
149.50 719.39
150.00 663.68
150.50 768.66
151.00 718.80
151.50 692.85
152.00 699.26
152.50 698.25
153.00 714.30
153.50 696.51
154.00 700.33
154.50 682.46
155.00 900.00
155.50 693.48
156.00 17.92
156.50 8.96
157.00 6.86
157.50 620.23
158.00 744.06
158.50 755.34
159.00 747.19
159.50 769.96
160.00 737.30
160.50 731.83
161.00 779.30
161.50 735.00
162.00 745.38
162.50 733.02
163.00 707.03
163.50 709.78
164.00 716.79
164.50 770.75
165.00 731.37
165.50 755.00
166.00 671.62
166.50 713.01
167.00 145.25
167.50 288.37
168.00 35.32
168.50 599.83
169.00 20.75
169.50 0.00
170.00 712.25
170.50 690.45
171.00 737.33
171.50 711.74
172.00 706.78
172.50 754.04
173.00 712.39
173.50 722.72
174.00 731.88
174.50 764.21
175.00 735.11
175.50 715.74
176.00 754.45
176.50 649.10
177.00 743.05
177.50 733.70
178.00 719.11
178.50 721.47
179.00 730.93
179.50 736.70
180.00 716.50
180.50 750.22
181.00 694.59
181.50 779.66
182.00 741.39
182.50 741.67
183.00 794.79
183.50 756.92
184.00 713.63
184.50 715.55
185.00 698.18
185.50 771.69
186.00 697.87
186.50 799.95
187.00 725.32
187.50 681.28
188.00 777.05
188.50 719.57
189.00 755.38
189.50 604.14
190.00 250.60
190.50 397.24
191.00 729.92
191.50 686.29
192.00 794.17
192.50 694.27
193.00 731.63
193.50 763.04
194.00 771.23
194.50 708.77
195.00 719.85
195.50 703.37
196.00 446.75
196.50 705.79
197.00 669.77
197.50 687.79
198.00 748.78
198.50 703.45
199.00 747.15
199.50 862.26
200.00 834.72
200.50 828.73
201.00 819.54
201.50 857.02
202.00 782.15
202.50 727.74
203.00 714.39
203.50 743.07
204.00 782.80
204.50 779.02
205.00 671.79
205.50 707.96
206.00 714.41
206.50 777.56
207.00 775.83
207.50 823.43
208.00 746.87
208.50 731.90
209.00 848.85
209.50 827.23
210.00 838.76
210.50 719.90
211.00 728.71
211.50 404.81
212.00 691.61
212.50 665.53
213.00 846.97
213.50 762.13
214.00 717.46
214.50 344.20
215.00 900.00
215.50 724.53
216.00 714.34
216.50 841.32
217.00 727.68
217.50 727.87
218.00 673.03
218.50 735.15
219.00 761.15
219.50 269.50
220.00 461.10
220.50 771.23
221.00 764.00
221.50 777.02
222.00 233.35
222.50 6.20
223.00 0.00
223.50 20.14
224.00 28.29
224.50 5.56
225.00 459.60
225.50 801.85
226.00 814.96
226.50 712.99
227.00 736.45
227.50 775.64
228.00 713.66
228.50 701.48
229.00 850.39
229.50 811.65
230.00 852.17
230.50 877.36
231.00 845.16
231.50 722.85
232.00 867.67
232.50 818.98
233.00 842.03
233.50 815.00
234.00 81.59
234.50 743.57
235.00 740.26
235.50 854.27
236.00 860.96
236.50 820.26
237.00 854.07
237.50 839.80
238.00 779.74
238.50 744.09
239.00 665.90
239.50 721.97
240.00 871.91
240.50 871.58
241.00 866.13
241.50 843.69
242.00 828.76
242.50 835.76
243.00 842.61
243.50 790.07
244.00 694.32
244.50 754.12
245.00 830.40
245.50 745.51
246.00 788.47
246.50 747.77
247.00 900.00
247.50 684.65
248.00 853.15
248.50 708.74
249.00 735.21
249.50 672.21
250.00 677.27
250.50 856.04
251.00 806.32
251.50 792.24
252.00 705.57
252.50 823.35
253.00 802.50
253.50 767.83
254.00 743.92
254.50 724.37
255.00 768.95
255.50 510.44
256.00 630.89
256.50 854.34
257.00 816.41
257.50 731.72
258.00 770.68
258.50 777.48
259.00 760.78
259.50 697.45
260.00 676.53
260.50 701.16
261.00 735.17
261.50 737.17
262.00 770.39
262.50 701.83
263.00 747.28
263.50 788.83
264.00 707.55
264.50 803.71
265.00 710.19
265.50 732.25
266.00 718.23
266.50 760.08
267.00 756.13
267.50 701.37
268.00 667.54
268.50 719.59
269.00 759.43
269.50 759.60
270.00 694.83
270.50 696.19
271.00 672.23
271.50 762.26
272.00 765.62
272.50 716.41
273.00 699.14
273.50 703.54
274.00 731.93
274.50 705.19
275.00 765.38
275.50 692.59
276.00 717.20
276.50 754.93
277.00 766.60
277.50 737.08
278.00 716.62
278.50 582.81
279.00 392.84
279.50 778.78
280.00 555.35
280.50 558.20
281.00 284.51
281.50 730.86
282.00 707.76
282.50 693.08
283.00 735.17
283.50 756.84
284.00 758.79
284.50 770.23
285.00 713.23
285.50 716.83
286.00 697.55
286.50 770.49
287.00 725.92
287.50 687.18
288.00 735.95
288.50 694.47
289.00 722.77
289.50 742.43
290.00 735.53
290.50 373.39
291.00 704.24
291.50 877.11
292.00 740.75
292.50 833.51
293.00 696.42
293.50 701.62
294.00 786.81
294.50 732.71
295.00 699.90
295.50 719.87
296.00 685.25
296.50 708.12
297.00 681.37
297.50 709.84
298.00 692.16
298.50 698.96
299.00 833.79
299.50 725.75
