0.00 709.64
0.50 813.78
1.00 763.42
1.50 757.98
2.00 772.60
2.50 643.69
3.00 711.68
3.50 764.57
4.00 755.64
4.50 702.35
5.00 751.05
5.50 700.40
6.00 805.42
6.50 713.76
7.00 743.98
7.50 791.15
8.00 715.00
8.50 755.25
9.00 693.80
9.50 700.30
10.00 701.04
10.50 740.94
11.00 764.78
11.50 767.98
12.00 693.93
12.50 762.27
13.00 694.01
13.50 691.55
14.00 719.84
14.50 765.25
15.00 711.10
15.50 736.51
16.00 748.78
16.50 715.71
17.00 780.82
17.50 744.49
18.00 824.32
18.50 843.40
19.00 793.77
19.50 780.39
20.00 724.25
20.50 728.19
21.00 659.27
21.50 846.95
22.00 805.63
22.50 706.04
23.00 717.47
23.50 680.84
24.00 862.99
24.50 296.66
25.00 870.68
25.50 712.41
26.00 764.75
26.50 736.19
27.00 855.63
27.50 703.45
28.00 724.91
28.50 791.36
29.00 701.42
29.50 323.20
30.00 707.27
30.50 643.96
31.00 749.73
31.50 715.54
32.00 662.67
32.50 777.64
33.00 310.91
33.50 395.39
34.00 792.03
34.50 669.64
35.00 816.61
35.50 839.19
36.00 840.62
36.50 858.86
37.00 874.50
37.50 767.57
38.00 717.27
38.50 711.51
39.00 725.83
39.50 706.49
40.00 84.97
40.50 289.51
41.00 738.50
41.50 783.07
42.00 713.92
42.50 849.45
43.00 709.84
43.50 707.42
44.00 730.62
44.50 713.79
45.00 494.93
45.50 276.61
46.00 729.35
46.50 709.73
47.00 723.14
47.50 772.28
48.00 692.70
48.50 722.79
49.00 781.47
49.50 728.19
50.00 769.88
50.50 767.92
51.00 756.30
51.50 683.79
52.00 750.28
52.50 786.04
53.00 745.32
53.50 736.06
54.00 713.35
54.50 736.47
55.00 710.22
55.50 721.06
56.00 713.00
56.50 782.76
57.00 733.27
57.50 690.04
58.00 797.64
58.50 713.83
59.00 734.71
59.50 722.13
60.00 735.45
60.50 737.96
61.00 738.88
61.50 762.51
62.00 702.26
62.50 757.89
63.00 721.04
63.50 760.19
64.00 715.90
64.50 730.89
65.00 719.65
65.50 751.44
66.00 748.07
66.50 761.23
67.00 675.02
67.50 682.12
68.00 693.95
68.50 755.06
69.00 733.55
69.50 748.17
70.00 738.68
70.50 808.62
71.00 713.60
71.50 764.79
72.00 700.21
72.50 793.43
73.00 781.16
73.50 701.89
74.00 769.67
74.50 766.20
75.00 788.09
75.50 724.02
76.00 711.95
76.50 795.06
77.00 747.82
77.50 786.10
78.00 804.24
78.50 726.48
79.00 756.57
79.50 733.03
80.00 778.47
80.50 767.00
81.00 727.60
81.50 722.72
82.00 769.55
82.50 772.52
83.00 744.01
83.50 701.99
84.00 756.73
84.50 731.86
85.00 516.15
85.50 706.80
86.00 788.81
86.50 751.61
87.00 689.05
87.50 833.74
88.00 723.88
88.50 780.27
89.00 785.38
89.50 704.40
90.00 673.90
90.50 725.31
91.00 715.73
91.50 770.76
92.00 699.09
92.50 731.13
93.00 812.69
93.50 797.41
94.00 753.94
94.50 754.69
95.00 739.56
95.50 740.88
96.00 726.22
96.50 724.83
97.00 736.02
97.50 740.90
98.00 699.84
98.50 775.41
99.00 773.63
99.50 785.13
100.00 724.96
100.50 732.73
101.00 729.39
101.50 716.89
102.00 792.87
102.50 728.27
103.00 725.96
103.50 778.19
104.00 770.46
104.50 689.06
105.00 687.79
105.50 763.25
106.00 727.94
106.50 721.46
107.00 719.35
107.50 761.79
108.00 734.40
108.50 706.06
109.00 815.55
109.50 808.46
110.00 751.22
110.50 691.97
111.00 686.62
111.50 696.06
112.00 693.79
112.50 820.15
113.00 689.12
113.50 694.10
114.00 387.29
114.50 776.70
115.00 0.00
115.50 0.00
116.00 0.00
116.50 15.60
117.00 5.53
117.50 0.00
118.00 715.01
118.50 762.29
119.00 769.18
119.50 798.80
120.00 691.77
120.50 703.31
121.00 741.71
121.50 743.90
122.00 743.68
122.50 795.04
123.00 752.81
123.50 772.18
124.00 825.37
124.50 513.94
125.00 840.99
125.50 804.41
126.00 746.34
126.50 786.63
127.00 776.78
127.50 734.66
128.00 772.97
128.50 838.05
129.00 818.14
129.50 728.16
130.00 675.03
130.50 751.32
131.00 715.40
131.50 810.23
132.00 669.55
132.50 758.31
133.00 814.77
133.50 808.44
134.00 749.32
134.50 715.80
135.00 704.76
135.50 688.44
136.00 718.35
136.50 720.99
137.00 702.44
137.50 900.00
138.00 717.56
138.50 710.58
139.00 786.11
139.50 806.58
140.00 717.93
140.50 696.81
141.00 725.65
141.50 736.69
142.00 714.56
142.50 752.69
143.00 716.83
143.50 775.19
144.00 762.97
144.50 754.40
145.00 786.18
145.50 725.50
146.00 716.45
146.50 736.34
147.00 701.79
147.50 778.48
148.00 799.26
148.50 732.90
149.00 757.12
149.50 689.08
150.00 764.92
150.50 728.42
151.00 727.95
151.50 777.17
152.00 790.74
152.50 697.82
153.00 753.59
153.50 731.84
154.00 732.97
154.50 752.44
155.00 773.71
155.50 725.27
156.00 805.73
156.50 761.47
157.00 697.41
157.50 706.83
158.00 718.57
158.50 714.31
159.00 746.12
159.50 774.33
160.00 717.99
160.50 744.04
161.00 740.52
161.50 758.20
162.00 846.33
162.50 690.32
163.00 760.18
163.50 710.03
164.00 763.90
164.50 735.11
165.00 710.49
165.50 698.19
166.00 753.53
166.50 738.41
167.00 738.92
167.50 725.86
168.00 735.08
168.50 855.59
169.00 817.60
169.50 855.99
170.00 861.48
170.50 835.69
171.00 836.73
171.50 736.90
172.00 696.31
172.50 870.53
173.00 754.45
173.50 700.41
174.00 817.48
174.50 752.91
175.00 784.54
175.50 841.72
176.00 900.00
176.50 367.38
177.00 793.57
177.50 353.15
178.00 668.07
178.50 857.76
179.00 683.47
179.50 672.01
180.00 679.84
180.50 742.00
181.00 853.21
181.50 712.54
182.00 785.93
182.50 740.97
183.00 821.20
183.50 720.17
184.00 715.43
184.50 771.10
185.00 694.02
185.50 706.58
186.00 727.45
186.50 550.56
187.00 732.59
187.50 681.56
188.00 696.86
188.50 795.11
189.00 688.27
189.50 400.22
190.00 661.23
190.50 724.83
191.00 753.09
191.50 819.89
192.00 671.41
192.50 862.58
193.00 697.51
193.50 685.68
194.00 291.00
194.50 768.69
195.00 688.85
195.50 765.32
196.00 352.54
196.50 662.36
197.00 711.00
197.50 703.16
198.00 815.10
198.50 865.62
199.00 875.04
199.50 661.58
200.00 468.69
200.50 714.71
201.00 105.79
201.50 11.95
202.00 0.94
202.50 228.55
203.00 241.55
203.50 0.00
204.00 0.00
204.50 0.00
205.00 858.54
205.50 850.83
206.00 856.64
206.50 836.91
207.00 832.91
207.50 838.94
208.00 836.17
208.50 852.16
209.00 860.77
209.50 876.99
210.00 832.60
210.50 878.13
211.00 826.78
211.50 840.43
212.00 835.26
212.50 658.13
213.00 736.82
213.50 839.12
214.00 857.05
214.50 704.67
215.00 730.01
215.50 673.61
216.00 706.24
216.50 724.18
217.00 658.57
217.50 808.56
218.00 817.98
218.50 803.32
219.00 660.21
219.50 755.40
220.00 729.89
220.50 668.19
221.00 793.43
221.50 816.91
222.00 846.72
222.50 835.35
223.00 848.61
223.50 818.05
224.00 831.71
224.50 727.61
225.00 710.80
225.50 767.66
226.00 845.49
226.50 816.85
227.00 876.74
227.50 746.83
228.00 721.61
228.50 729.50
229.00 721.18
229.50 767.52
230.00 730.01
230.50 676.94
231.00 712.94
231.50 801.73
232.00 837.19
232.50 687.46
233.00 754.81
233.50 754.29
234.00 761.40
234.50 823.87
235.00 702.01
235.50 719.44
236.00 745.44
236.50 845.40
237.00 847.18
237.50 833.37
238.00 838.36
238.50 723.03
239.00 474.49
239.50 761.43
240.00 688.88
240.50 706.35
241.00 572.01
241.50 486.37
242.00 148.93
242.50 169.47
243.00 742.45
243.50 304.33
244.00 545.95
244.50 757.42
245.00 854.50
245.50 677.38
246.00 729.55
246.50 722.02
247.00 802.94
247.50 798.57
248.00 863.26
248.50 710.66
249.00 696.23
249.50 680.67
250.00 832.00
250.50 752.82
251.00 886.56
251.50 743.32
252.00 682.45
252.50 900.00
253.00 854.47
253.50 680.09
254.00 667.64
254.50 819.42
255.00 731.87
255.50 816.53
256.00 710.51
256.50 855.98
257.00 854.90
257.50 699.23
258.00 850.06
258.50 834.87
259.00 856.13
259.50 843.88
260.00 714.36
260.50 701.87
261.00 490.42
261.50 1.75
262.00 471.13
262.50 156.30
263.00 776.96
263.50 804.43
264.00 329.80
264.50 385.59
265.00 344.24
265.50 681.79
266.00 767.47
266.50 846.84
267.00 859.48
267.50 813.74
268.00 837.50
268.50 825.46
269.00 835.27
269.50 857.44
270.00 698.36
270.50 702.48
271.00 750.23
271.50 744.82
272.00 745.52
272.50 755.86
273.00 748.09
273.50 583.99
274.00 270.85
274.50 351.10
275.00 719.82
275.50 652.92
276.00 831.46
276.50 668.70
277.00 809.63
277.50 817.98
278.00 833.05
278.50 826.70
279.00 772.72
279.50 828.00
280.00 809.68
280.50 759.99
281.00 726.78
281.50 700.18
282.00 776.39
282.50 786.35
283.00 710.36
283.50 736.17
284.00 695.61
284.50 735.24
285.00 699.23
285.50 767.93
286.00 702.28
286.50 679.26
287.00 756.27
287.50 772.24
288.00 703.27
288.50 706.31
289.00 800.90
289.50 728.64
290.00 731.58
290.50 877.42
291.00 863.27
291.50 826.56
292.00 831.37
292.50 140.03
293.00 560.14
293.50 182.86
294.00 200.10
294.50 782.02
295.00 832.76
295.50 775.66
296.00 696.64
296.50 776.25
297.00 743.91
297.50 714.10
298.00 731.47
298.50 768.08
299.00 739.90
299.50 717.64
