0.00 718.65
0.50 783.97
1.00 771.88
1.50 695.03
2.00 778.27
2.50 734.99
3.00 738.76
3.50 867.97
4.00 701.84
4.50 741.97
5.00 757.73
5.50 886.42
6.00 657.91
6.50 718.33
7.00 878.05
7.50 686.76
8.00 764.26
8.50 708.94
9.00 685.94
9.50 695.51
10.00 341.70
10.50 703.74
11.00 692.99
11.50 887.12
12.00 716.26
12.50 721.08
13.00 698.26
13.50 728.02
14.00 725.58
14.50 777.73
15.00 715.62
15.50 735.45
16.00 757.01
16.50 699.04
17.00 690.28
17.50 742.09
18.00 748.57
18.50 748.33
19.00 751.60
19.50 764.91
20.00 736.14
20.50 685.79
21.00 710.98
21.50 731.36
22.00 701.76
22.50 746.33
23.00 756.10
23.50 725.10
24.00 683.83
24.50 258.59
25.00 691.98
25.50 122.12
26.00 451.79
26.50 697.60
27.00 852.82
27.50 743.37
28.00 661.15
28.50 711.60
29.00 728.45
29.50 702.53
30.00 537.68
30.50 651.85
31.00 246.28
31.50 20.04
32.00 289.25
32.50 621.84
33.00 0.00
33.50 0.00
34.00 492.61
34.50 342.86
35.00 401.38
35.50 653.12
36.00 760.36
36.50 755.29
37.00 684.48
37.50 734.23
38.00 741.01
38.50 692.33
39.00 855.98
39.50 734.57
40.00 697.80
40.50 854.08
41.00 860.78
41.50 851.06
42.00 843.12
42.50 881.82
43.00 697.30
43.50 667.86
44.00 645.02
44.50 725.04
45.00 757.05
45.50 810.95
46.00 822.21
46.50 823.65
47.00 747.00
47.50 674.98
48.00 9.16
48.50 671.94
49.00 786.64
49.50 693.39
50.00 787.02
50.50 749.95
51.00 718.02
51.50 722.48
52.00 743.56
52.50 737.85
53.00 753.93
53.50 746.02
54.00 667.67
54.50 739.52
55.00 693.73
55.50 760.53
56.00 733.05
56.50 774.22
57.00 739.10
57.50 695.79
58.00 736.35
58.50 832.93
59.00 758.97
59.50 706.82
60.00 721.88
60.50 719.48
61.00 748.70
61.50 761.93
62.00 678.95
62.50 762.89
63.00 726.68
63.50 756.64
64.00 848.87
64.50 853.65
65.00 703.62
65.50 104.50
66.00 692.60
66.50 610.94
67.00 179.27
67.50 477.13
68.00 412.18
68.50 689.31
69.00 849.41
69.50 847.27
70.00 837.44
70.50 750.80
71.00 663.82
71.50 714.92
72.00 875.11
72.50 851.77
73.00 863.50
73.50 814.92
74.00 792.02
74.50 788.18
75.00 695.20
75.50 768.34
76.00 806.75
76.50 823.52
77.00 849.77
77.50 635.20
78.00 745.33
78.50 328.72
79.00 331.45
79.50 271.95
80.00 529.93
80.50 823.79
81.00 794.94
81.50 758.15
82.00 732.67
82.50 768.40
83.00 676.95
83.50 774.13
84.00 723.22
84.50 780.37
85.00 750.48
85.50 754.63
86.00 723.59
86.50 540.19
87.00 7.55
87.50 10.83
88.00 506.93
88.50 715.31
89.00 694.73
89.50 678.60
90.00 859.86
90.50 860.40
91.00 839.24
91.50 850.20
92.00 0.00
92.50 790.82
93.00 755.94
93.50 164.46
94.00 217.90
94.50 758.11
95.00 687.58
95.50 644.30
96.00 696.52
96.50 710.66
97.00 686.63
97.50 724.60
98.00 814.06
98.50 725.21
99.00 379.75
99.50 870.02
100.00 862.53
100.50 786.39
101.00 707.30
101.50 716.42
102.00 815.56
102.50 749.95
103.00 676.06
103.50 673.77
104.00 838.82
104.50 730.16
105.00 750.89
105.50 709.83
106.00 688.38
106.50 874.14
107.00 716.95
107.50 789.61
108.00 704.68
108.50 661.02
109.00 751.11
109.50 705.92
110.00 436.85
110.50 362.91
111.00 702.69
111.50 674.95
112.00 527.41
112.50 707.98
113.00 856.23
113.50 829.58
114.00 721.47
114.50 900.00
115.00 653.40
115.50 900.00
116.00 696.59
116.50 761.52
117.00 702.63
117.50 700.64
118.00 710.13
118.50 727.10
119.00 679.75
119.50 748.57
120.00 754.29
120.50 699.99
121.00 792.86
121.50 721.06
122.00 694.27
122.50 718.67
123.00 709.52
123.50 695.97
124.00 718.68
124.50 610.40
125.00 701.61
125.50 702.13
126.00 900.00
126.50 643.00
127.00 653.44
127.50 863.05
128.00 815.27
128.50 828.11
129.00 794.48
129.50 698.56
130.00 708.43
130.50 678.93
131.00 713.36
131.50 624.07
132.00 728.57
132.50 712.96
133.00 777.23
133.50 735.21
134.00 859.31
134.50 852.86
135.00 832.49
135.50 848.77
136.00 822.02
136.50 749.04
137.00 743.88
137.50 720.61
138.00 228.96
138.50 702.12
139.00 744.64
139.50 717.35
140.00 743.54
140.50 113.79
141.00 746.31
141.50 691.14
142.00 740.57
142.50 705.45
143.00 722.03
143.50 738.83
144.00 774.61
144.50 709.24
145.00 749.51
145.50 714.37
146.00 727.85
146.50 719.54
147.00 693.46
147.50 740.68
148.00 718.80
148.50 745.67
149.00 721.58
149.50 764.41
150.00 783.79
150.50 785.61
151.00 726.78
151.50 743.69
152.00 738.68
152.50 714.29
153.00 694.29
153.50 707.80
154.00 735.37
154.50 676.19
155.00 802.61
155.50 795.63
156.00 740.38
156.50 698.29
157.00 662.76
157.50 149.60
158.00 709.07
158.50 859.35
159.00 673.91
159.50 827.43
160.00 699.39
160.50 743.15
161.00 704.87
161.50 692.35
162.00 704.93
162.50 731.80
163.00 772.40
163.50 721.80
164.00 833.38
164.50 703.85
165.00 395.67
165.50 838.93
166.00 751.00
166.50 826.08
167.00 725.15
167.50 688.09
168.00 826.05
168.50 710.89
169.00 732.48
169.50 685.43
170.00 847.61
170.50 800.95
171.00 877.70
171.50 800.73
172.00 822.14
172.50 781.90
173.00 822.00
173.50 752.01
174.00 847.85
174.50 689.29
175.00 659.41
175.50 763.78
176.00 771.47
176.50 810.48
177.00 733.58
177.50 692.10
178.00 735.36
178.50 804.43
179.00 719.81
179.50 719.20
180.00 716.65
180.50 716.40
181.00 316.81
181.50 741.35
182.00 729.95
182.50 759.22
183.00 833.69
183.50 799.18
184.00 717.87
184.50 821.18
185.00 824.34
185.50 828.61
186.00 829.11
186.50 841.35
187.00 839.55
187.50 724.68
188.00 780.10
188.50 872.13
189.00 818.60
189.50 858.84
190.00 852.40
190.50 853.47
191.00 894.98
191.50 862.68
192.00 755.22
192.50 751.62
193.00 679.84
193.50 686.04
194.00 721.97
194.50 704.43
195.00 731.18
195.50 738.61
196.00 733.46
196.50 711.44
197.00 739.82
197.50 686.74
198.00 744.04
198.50 668.09
199.00 730.60
199.50 698.39
200.00 806.19
200.50 716.86
201.00 705.59
201.50 680.52
202.00 698.22
202.50 674.57
203.00 654.52
203.50 717.48
204.00 716.04
204.50 712.54
205.00 326.58
205.50 131.88
206.00 690.24
206.50 716.88
207.00 671.16
207.50 687.98
208.00 772.97
208.50 823.32
209.00 695.59
209.50 648.55
210.00 698.96
210.50 75.16
211.00 0.00
211.50 155.90
212.00 762.98
212.50 213.69
213.00 63.01
213.50 658.32
214.00 386.71
214.50 243.91
215.00 400.08
215.50 0.00
216.00 16.65
216.50 22.73
217.00 414.97
217.50 16.85
218.00 41.91
218.50 2.43
219.00 422.67
219.50 883.59
220.00 786.10
220.50 782.29
221.00 714.55
221.50 734.70
222.00 717.42
222.50 772.15
223.00 740.84
223.50 737.56
224.00 675.78
224.50 663.13
225.00 842.57
225.50 841.07
226.00 852.34
226.50 841.50
227.00 709.49
227.50 510.45
228.00 708.55
228.50 779.15
229.00 853.17
229.50 746.24
230.00 747.75
230.50 707.85
231.00 772.32
231.50 797.04
232.00 728.75
232.50 740.55
233.00 698.18
233.50 698.55
234.00 682.27
234.50 875.12
235.00 677.55
235.50 597.15
236.00 695.40
236.50 760.99
237.00 764.60
237.50 722.09
238.00 163.74
238.50 798.95
239.00 751.49
239.50 691.93
240.00 794.69
240.50 694.57
241.00 723.87
241.50 699.13
242.00 855.61
242.50 786.45
243.00 848.78
243.50 157.94
244.00 473.59
244.50 788.06
245.00 823.32
245.50 860.20
246.00 830.05
246.50 876.63
247.00 852.69
247.50 784.80
248.00 735.15
248.50 0.00
249.00 36.12
249.50 699.24
250.00 752.09
250.50 687.84
251.00 0.00
251.50 194.32
252.00 791.13
252.50 841.51
253.00 840.61
253.50 818.20
254.00 864.51
254.50 832.79
255.00 844.46
255.50 835.72
256.00 779.98
256.50 766.57
257.00 734.37
257.50 739.08
258.00 793.38
258.50 767.84
259.00 701.99
259.50 727.56
260.00 768.65
260.50 768.24
261.00 736.63
261.50 774.09
262.00 699.24
262.50 763.60
263.00 749.15
263.50 769.05
264.00 767.22
264.50 714.79
265.00 718.43
265.50 747.01
266.00 692.50
266.50 701.99
267.00 736.08
267.50 727.99
268.00 695.41
268.50 710.28
269.00 755.72
269.50 780.40
270.00 815.35
270.50 794.99
271.00 705.33
271.50 766.73
272.00 786.84
272.50 820.88
273.00 706.17
273.50 781.81
274.00 874.06
274.50 410.32
275.00 713.32
275.50 853.84
276.00 845.49
276.50 711.38
277.00 738.96
277.50 771.96
278.00 717.10
278.50 723.11
279.00 714.95
279.50 707.43
280.00 782.57
280.50 829.01
281.00 692.08
281.50 851.03
282.00 798.39
282.50 678.77
283.00 747.53
283.50 689.69
284.00 720.72
284.50 716.56
285.00 723.93
285.50 844.79
286.00 729.02
286.50 779.72
287.00 721.88
287.50 694.09
288.00 687.03
288.50 685.64
289.00 725.15
289.50 366.96
290.00 721.88
290.50 735.44
291.00 705.17
291.50 697.14
292.00 813.33
292.50 704.28
293.00 720.51
293.50 726.80
294.00 715.41
294.50 721.82
295.00 794.27
295.50 685.31
296.00 690.55
296.50 683.44
297.00 889.42
297.50 690.37
298.00 679.61
298.50 725.96
299.00 697.22
299.50 778.04
