0.00 774.47
0.50 726.17
1.00 676.62
1.50 756.87
2.00 687.29
2.50 782.37
3.00 691.17
3.50 746.47
4.00 699.55
4.50 718.47
5.00 721.83
5.50 772.73
6.00 708.51
6.50 773.34
7.00 739.28
7.50 696.87
8.00 775.28
8.50 725.16
9.00 761.95
9.50 699.49
10.00 731.97
10.50 751.43
11.00 682.23
11.50 731.18
12.00 669.26
12.50 734.42
13.00 761.12
13.50 778.60
14.00 767.38
14.50 679.16
15.00 710.51
15.50 704.44
16.00 677.42
16.50 680.68
17.00 731.24
17.50 691.83
18.00 695.78
18.50 782.63
19.00 700.33
19.50 433.53
20.00 672.42
20.50 746.59
21.00 750.75
21.50 763.39
22.00 790.71
22.50 783.97
23.00 672.89
23.50 674.38
24.00 745.93
24.50 336.18
25.00 739.13
25.50 693.38
26.00 708.77
26.50 710.43
27.00 690.61
27.50 714.07
28.00 713.14
28.50 723.93
29.00 769.31
29.50 832.99
30.00 812.71
30.50 884.61
31.00 811.96
31.50 815.35
32.00 808.51
32.50 706.83
33.00 667.34
33.50 711.34
34.00 586.24
34.50 675.01
35.00 900.00
35.50 678.81
36.00 700.06
36.50 774.01
37.00 742.97
37.50 766.34
38.00 706.52
38.50 757.64
39.00 444.31
39.50 735.90
40.00 842.51
40.50 795.40
41.00 742.95
41.50 707.94
42.00 716.76
42.50 709.49
43.00 705.50
43.50 748.12
44.00 743.34
44.50 755.28
45.00 777.31
45.50 719.31
46.00 748.96
46.50 746.10
47.00 776.93
47.50 770.36
48.00 801.38
48.50 774.99
49.00 724.91
49.50 763.34
50.00 751.46
50.50 750.83
51.00 771.71
51.50 735.62
52.00 730.98
52.50 708.39
53.00 810.10
53.50 774.49
54.00 723.94
54.50 453.93
55.00 690.01
55.50 693.65
56.00 712.08
56.50 817.93
57.00 856.81
57.50 739.43
58.00 403.10
58.50 364.09
59.00 556.42
59.50 171.54
60.00 830.37
60.50 851.60
61.00 832.37
61.50 830.46
62.00 700.45
62.50 826.62
63.00 816.69
63.50 818.76
64.00 825.99
64.50 687.79
65.00 701.33
65.50 739.81
66.00 729.16
66.50 728.39
67.00 826.35
67.50 678.14
68.00 693.83
68.50 737.97
69.00 711.05
69.50 692.42
70.00 65.26
70.50 734.32
71.00 707.37
71.50 728.89
72.00 664.76
72.50 781.58
73.00 789.76
73.50 813.25
74.00 761.53
74.50 783.74
75.00 678.19
75.50 701.85
76.00 696.82
76.50 744.02
77.00 725.40
77.50 703.11
78.00 556.11
78.50 721.10
79.00 707.04
79.50 687.70
80.00 722.36
80.50 701.23
81.00 697.73
81.50 731.58
82.00 789.54
82.50 373.94
83.00 715.28
83.50 735.61
84.00 702.99
84.50 781.29
85.00 713.12
85.50 731.31
86.00 708.52
86.50 778.35
87.00 762.77
87.50 712.12
88.00 714.29
88.50 693.21
89.00 745.39
89.50 697.87
90.00 701.69
90.50 733.92
91.00 686.56
91.50 713.11
92.00 528.47
92.50 738.32
93.00 668.15
93.50 662.51
94.00 744.73
94.50 703.99
95.00 763.60
95.50 751.85
96.00 777.97
96.50 713.12
97.00 709.44
97.50 691.32
98.00 744.05
98.50 733.74
99.00 763.88
99.50 671.87
100.00 696.66
100.50 717.88
101.00 753.15
101.50 645.89
102.00 803.85
102.50 693.16
103.00 728.55
103.50 739.70
104.00 771.82
104.50 750.21
105.00 756.71
105.50 780.96
106.00 712.74
106.50 780.27
107.00 768.50
107.50 753.85
108.00 693.97
108.50 763.00
109.00 750.82
109.50 751.28
110.00 756.30
110.50 722.23
111.00 728.43
111.50 779.93
112.00 676.81
112.50 732.67
113.00 783.56
113.50 717.73
114.00 724.73
114.50 733.30
115.00 698.73
115.50 715.92
116.00 755.00
116.50 740.89
117.00 704.55
117.50 713.59
118.00 764.81
118.50 725.21
119.00 704.36
119.50 725.19
120.00 722.78
120.50 751.78
121.00 747.81
121.50 700.45
122.00 738.86
122.50 750.51
123.00 708.67
123.50 712.99
124.00 742.27
124.50 737.36
125.00 766.85
125.50 754.85
126.00 749.57
126.50 747.14
127.00 763.26
127.50 718.12
128.00 727.59
128.50 707.49
129.00 746.43
129.50 740.75
130.00 782.34
130.50 742.18
131.00 730.31
131.50 743.96
132.00 777.57
132.50 709.12
133.00 693.12
133.50 735.59
134.00 773.03
134.50 706.92
135.00 748.39
135.50 730.75
136.00 729.95
136.50 667.21
137.00 714.53
137.50 769.92
138.00 769.60
138.50 716.55
139.00 740.73
139.50 747.99
140.00 708.40
140.50 706.49
141.00 723.19
141.50 721.51
142.00 767.76
142.50 767.97
143.00 755.43
143.50 704.95
144.00 756.33
144.50 761.27
145.00 714.47
145.50 855.47
146.00 605.19
146.50 816.78
147.00 682.69
147.50 768.36
148.00 764.91
148.50 709.76
149.00 745.98
149.50 687.05
150.00 782.56
150.50 768.08
151.00 724.72
151.50 699.17
152.00 727.72
152.50 730.10
153.00 765.20
153.50 688.00
154.00 702.02
154.50 783.83
155.00 710.96
155.50 766.48
156.00 722.57
156.50 701.15
157.00 740.22
157.50 727.60
158.00 700.04
158.50 720.17
159.00 698.96
159.50 774.28
160.00 712.71
160.50 747.37
161.00 669.54
161.50 834.26
162.00 675.07
162.50 793.77
163.00 694.05
163.50 664.70
164.00 679.55
164.50 882.52
165.00 717.86
165.50 723.52
166.00 735.35
166.50 757.04
167.00 734.36
167.50 727.75
168.00 694.66
168.50 748.11
169.00 751.96
169.50 755.69
170.00 715.32
170.50 763.11
171.00 742.84
171.50 736.49
172.00 686.48
172.50 596.79
173.00 741.34
173.50 838.85
174.00 881.56
174.50 842.75
175.00 846.48
175.50 810.67
176.00 832.60
176.50 788.54
177.00 814.30
177.50 843.96
178.00 834.47
178.50 824.56
179.00 825.69
179.50 715.79
180.00 742.85
180.50 714.01
181.00 770.49
181.50 750.59
182.00 792.77
182.50 729.58
183.00 719.56
183.50 726.02
184.00 703.54
184.50 704.59
185.00 791.21
185.50 734.58
186.00 786.45
186.50 678.66
187.00 724.03
187.50 704.69
188.00 739.24
188.50 740.90
189.00 740.50
189.50 787.66
190.00 688.02
190.50 758.01
191.00 678.34
191.50 749.10
192.00 748.54
192.50 753.05
193.00 775.68
193.50 686.89
194.00 708.69
194.50 640.92
195.00 271.35
195.50 732.14
196.00 333.95
196.50 5.77
197.00 383.54
197.50 9.20
198.00 22.43
198.50 451.48
199.00 217.38
199.50 22.05
200.00 0.59
200.50 284.13
201.00 9.63
201.50 1.19
202.00 0.00
202.50 0.00
203.00 13.79
203.50 28.72
204.00 0.00
204.50 8.80
205.00 3.16
205.50 11.19
206.00 463.68
206.50 857.34
207.00 861.54
207.50 197.69
208.00 545.40
208.50 250.89
209.00 260.74
209.50 35.70
210.00 691.26
210.50 758.32
211.00 753.25
211.50 686.81
212.00 758.47
212.50 805.64
213.00 683.27
213.50 700.16
214.00 696.93
214.50 785.54
215.00 726.52
215.50 455.96
216.00 705.14
216.50 711.18
217.00 874.28
217.50 825.25
218.00 846.03
218.50 843.92
219.00 0.00
219.50 221.02
220.00 795.62
220.50 517.83
221.00 743.47
221.50 746.73
222.00 801.92
222.50 68.86
223.00 3.04
223.50 302.94
224.00 0.00
224.50 305.38
225.00 330.00
225.50 750.47
226.00 585.68
226.50 755.99
227.00 693.05
227.50 681.93
228.00 730.76
228.50 708.82
229.00 760.67
229.50 862.83
230.00 733.08
230.50 599.67
231.00 781.50
231.50 900.00
232.00 686.95
232.50 685.34
233.00 674.51
233.50 706.27
234.00 706.62
234.50 700.77
235.00 708.43
235.50 741.02
236.00 804.61
236.50 852.15
237.00 744.75
237.50 713.44
238.00 673.85
238.50 720.02
239.00 733.26
239.50 736.04
240.00 768.16
240.50 735.15
241.00 685.92
241.50 745.38
242.00 742.81
242.50 737.49
243.00 728.86
243.50 770.04
244.00 726.04
244.50 774.23
245.00 624.10
245.50 724.71
246.00 681.66
246.50 718.79
247.00 692.23
247.50 689.67
248.00 533.49
248.50 687.31
249.00 806.51
249.50 634.65
250.00 688.65
250.50 749.77
251.00 713.24
251.50 697.31
252.00 759.27
252.50 755.08
253.00 697.14
253.50 696.25
254.00 781.53
254.50 688.23
255.00 692.83
255.50 780.38
256.00 736.60
256.50 728.93
257.00 735.86
257.50 748.19
258.00 665.76
258.50 727.93
259.00 721.86
259.50 828.28
260.00 863.54
260.50 670.37
261.00 742.59
261.50 765.07
262.00 741.41
262.50 757.79
263.00 765.00
263.50 703.02
264.00 727.57
264.50 738.73
265.00 754.52
265.50 764.07
266.00 691.45
266.50 721.47
267.00 723.09
267.50 442.01
268.00 712.88
268.50 714.94
269.00 744.49
269.50 749.89
270.00 744.93
270.50 703.64
271.00 877.14
271.50 869.60
272.00 472.26
272.50 651.17
273.00 6.32
273.50 536.68
274.00 10.07
274.50 21.08
275.00 0.00
275.50 0.00
276.00 313.12
276.50 510.20
277.00 0.00
277.50 11.59
278.00 11.67
278.50 427.94
279.00 760.54
279.50 773.11
280.00 789.80
280.50 770.51
281.00 749.50
281.50 734.06
282.00 717.66
282.50 753.97
283.00 741.92
283.50 767.10
284.00 756.80
284.50 675.49
285.00 533.56
285.50 303.04
286.00 703.39
286.50 709.36
287.00 781.12
287.50 753.27
288.00 673.44
288.50 672.32
289.00 687.92
289.50 689.31
290.00 483.17
290.50 770.07
291.00 730.01
291.50 689.33
292.00 726.73
292.50 752.04
293.00 748.32
293.50 736.34
294.00 733.58
294.50 710.64
295.00 744.84
295.50 750.87
296.00 724.37
296.50 751.26
297.00 759.80
297.50 748.15
298.00 729.88
298.50 772.15
299.00 721.63
299.50 743.34
