0.00 742.07
0.50 722.02
1.00 741.67
1.50 758.62
2.00 764.25
2.50 685.98
3.00 702.25
3.50 731.25
4.00 711.30
4.50 710.89
5.00 723.85
5.50 662.02
6.00 708.69
6.50 698.79
7.00 751.62
7.50 727.79
8.00 702.85
8.50 760.95
9.00 689.14
9.50 709.48
10.00 739.94
10.50 662.53
11.00 581.04
11.50 705.25
12.00 780.43
12.50 696.56
13.00 746.34
13.50 826.62
14.00 835.15
14.50 750.43
15.00 644.90
15.50 847.73
16.00 710.02
16.50 712.63
17.00 846.03
17.50 798.83
18.00 831.31
18.50 704.73
19.00 809.59
19.50 294.11
20.00 704.77
20.50 809.93
21.00 832.55
21.50 836.18
22.00 315.88
22.50 755.78
23.00 900.00
23.50 720.33
24.00 832.00
24.50 713.84
25.00 765.73
25.50 800.91
26.00 734.23
26.50 845.81
27.00 492.53
27.50 688.94
28.00 683.10
28.50 750.16
29.00 732.53
29.50 727.90
30.00 744.02
30.50 749.19
31.00 698.33
31.50 664.53
32.00 666.82
32.50 711.36
33.00 770.14
33.50 814.34
34.00 740.11
34.50 736.87
35.00 751.48
35.50 796.41
36.00 718.85
36.50 733.53
37.00 665.59
37.50 707.49
38.00 692.66
38.50 711.98
39.00 696.87
39.50 701.43
40.00 766.56
40.50 778.07
41.00 788.50
41.50 786.40
42.00 705.49
42.50 783.68
43.00 705.95
43.50 753.38
44.00 848.61
44.50 713.46
45.00 737.16
45.50 682.22
46.00 681.47
46.50 734.80
47.00 815.85
47.50 444.64
48.00 748.44
48.50 729.74
49.00 834.24
49.50 860.83
50.00 869.51
50.50 736.94
51.00 767.19
51.50 816.19
52.00 836.60
52.50 770.36
53.00 723.38
53.50 752.60
54.00 751.18
54.50 728.01
55.00 765.36
55.50 729.62
56.00 749.65
56.50 748.62
57.00 712.84
57.50 728.95
58.00 700.23
58.50 728.31
59.00 728.19
59.50 706.34
60.00 740.88
60.50 764.26
61.00 704.90
61.50 768.77
62.00 706.75
62.50 699.11
63.00 784.64
63.50 765.16
64.00 843.33
64.50 868.30
65.00 835.11
65.50 821.63
66.00 819.61
66.50 366.43
67.00 481.75
67.50 553.45
68.00 423.69
68.50 459.40
69.00 630.92
69.50 761.43
70.00 690.66
70.50 875.29
71.00 844.53
71.50 849.41
72.00 846.48
72.50 822.96
73.00 864.00
73.50 723.66
74.00 679.04
74.50 711.32
75.00 689.49
75.50 778.90
76.00 726.25
76.50 760.70
77.00 714.19
77.50 744.68
78.00 706.32
78.50 729.85
79.00 746.20
79.50 700.75
80.00 690.75
80.50 776.29
81.00 544.00
81.50 281.82
82.00 838.65
82.50 829.97
83.00 873.96
83.50 689.48
84.00 800.03
84.50 724.07
85.00 685.79
85.50 703.56
86.00 744.74
86.50 750.51
87.00 750.94
87.50 760.94
88.00 769.15
88.50 691.71
89.00 754.52
89.50 708.46
90.00 719.61
90.50 740.29
91.00 719.76
91.50 715.43
92.00 743.40
92.50 866.44
93.00 816.07
93.50 0.00
94.00 590.79
94.50 711.44
95.00 876.56
95.50 703.13
96.00 749.74
96.50 693.24
97.00 846.11
97.50 830.89
98.00 817.00
98.50 840.34
99.00 823.39
99.50 55.57
100.00 706.71
100.50 640.55
101.00 900.00
101.50 699.03
102.00 708.82
102.50 726.87
103.00 770.35
103.50 743.64
104.00 735.19
104.50 758.56
105.00 716.59
105.50 720.65
106.00 784.98
106.50 802.41
107.00 754.03
107.50 697.19
108.00 744.04
108.50 719.34
109.00 767.08
109.50 747.39
110.00 762.90
110.50 726.71
111.00 731.33
111.50 706.89
112.00 678.45
112.50 765.46
113.00 719.37
113.50 843.33
114.00 885.53
114.50 796.35
115.00 745.46
115.50 814.06
116.00 822.15
116.50 702.65
117.00 706.07
117.50 828.72
118.00 656.63
118.50 688.23
119.00 714.36
119.50 748.36
120.00 705.38
120.50 828.65
121.00 178.23
121.50 7.84
122.00 282.87
122.50 309.48
123.00 761.53
123.50 709.75
124.00 747.21
124.50 789.93
125.00 750.73
125.50 723.78
126.00 672.33
126.50 743.90
127.00 759.00
127.50 715.02
128.00 735.67
128.50 724.74
129.00 712.26
129.50 709.95
130.00 806.76
130.50 753.03
131.00 721.49
131.50 726.64
132.00 684.72
132.50 900.00
133.00 876.34
133.50 4.51
134.00 140.56
134.50 671.47
135.00 687.30
135.50 21.44
136.00 756.76
136.50 794.83
137.00 793.89
137.50 790.16
138.00 676.42
138.50 0.00
139.00 7.59
139.50 16.08
140.00 0.00
140.50 689.38
141.00 827.75
141.50 773.54
142.00 768.58
142.50 696.72
143.00 844.19
143.50 793.49
144.00 703.45
144.50 813.37
145.00 632.73
145.50 660.20
146.00 690.85
146.50 712.40
147.00 727.56
147.50 731.08
148.00 709.60
148.50 696.53
149.00 700.43
149.50 713.69
150.00 696.75
150.50 789.59
151.00 816.20
151.50 795.00
152.00 735.90
152.50 721.42
153.00 830.21
153.50 630.23
154.00 786.02
154.50 604.05
155.00 802.65
155.50 771.17
156.00 690.66
156.50 694.82
157.00 727.50
157.50 728.92
158.00 730.32
158.50 754.25
159.00 706.40
159.50 736.59
160.00 650.46
160.50 748.87
161.00 812.68
161.50 852.09
162.00 761.02
162.50 696.00
163.00 705.62
163.50 857.51
164.00 736.93
164.50 852.10
165.00 803.50
165.50 706.20
166.00 729.67
166.50 749.08
167.00 682.60
167.50 674.51
168.00 809.51
168.50 820.16
169.00 712.72
169.50 684.73
170.00 689.60
170.50 683.76
171.00 470.77
171.50 13.98
172.00 142.30
172.50 400.23
173.00 419.72
173.50 669.11
174.00 769.29
174.50 316.18
175.00 0.00
175.50 6.81
176.00 19.41
176.50 2.39
177.00 15.11
177.50 0.00
178.00 128.79
178.50 595.31
179.00 329.88
179.50 386.08
180.00 0.00
180.50 823.32
181.00 837.47
181.50 869.58
182.00 859.51
182.50 833.81
183.00 847.16
183.50 828.05
184.00 834.34
184.50 575.70
185.00 707.80
185.50 698.88
186.00 794.25
186.50 735.31
187.00 687.89
187.50 726.47
188.00 717.65
188.50 687.78
189.00 708.13
189.50 242.59
190.00 858.88
190.50 720.10
191.00 751.36
191.50 740.18
192.00 696.41
192.50 692.20
193.00 569.43
193.50 690.66
194.00 713.47
194.50 669.56
195.00 749.04
195.50 703.22
196.00 719.99
196.50 782.82
197.00 736.03
197.50 768.50
198.00 766.25
198.50 743.36
199.00 719.62
199.50 767.65
200.00 708.48
200.50 769.02
201.00 723.48
201.50 727.63
202.00 680.14
202.50 711.77
203.00 783.54
203.50 688.25
204.00 704.45
204.50 831.22
205.00 730.80
205.50 714.50
206.00 717.55
206.50 702.86
207.00 687.08
207.50 890.13
208.00 745.85
208.50 795.90
209.00 733.26
209.50 567.57
210.00 713.15
210.50 729.35
211.00 863.58
211.50 752.29
212.00 724.02
212.50 702.51
213.00 797.45
213.50 718.28
214.00 765.57
214.50 773.23
215.00 700.20
215.50 556.77
216.00 727.79
216.50 698.98
217.00 690.53
217.50 665.77
218.00 714.70
218.50 757.90
219.00 691.09
219.50 752.86
220.00 716.62
220.50 698.36
221.00 756.91
221.50 697.47
222.00 713.17
222.50 708.18
223.00 695.76
223.50 102.32
224.00 3.11
224.50 513.80
225.00 464.25
225.50 742.32
226.00 725.45
226.50 826.66
227.00 733.80
227.50 886.18
228.00 845.23
228.50 819.14
229.00 398.30
229.50 27.52
230.00 0.18
230.50 0.00
231.00 0.00
231.50 28.14
232.00 0.00
232.50 2.61
233.00 6.59
233.50 244.40
234.00 784.36
234.50 708.61
235.00 681.67
235.50 666.57
236.00 835.41
236.50 204.57
237.00 848.56
237.50 715.95
238.00 707.66
238.50 715.65
239.00 717.61
239.50 798.75
240.00 736.17
240.50 708.00
241.00 714.46
241.50 766.82
242.00 711.19
242.50 730.49
243.00 791.16
243.50 715.29
244.00 740.00
244.50 716.86
245.00 674.99
245.50 736.91
246.00 724.23
246.50 692.83
247.00 777.85
247.50 737.11
248.00 720.99
248.50 754.16
249.00 772.90
249.50 738.51
250.00 732.49
250.50 748.31
251.00 721.96
251.50 776.56
252.00 723.36
252.50 754.92
253.00 717.39
253.50 726.69
254.00 705.80
254.50 690.76
255.00 731.18
255.50 747.08
256.00 739.17
256.50 716.67
257.00 786.52
257.50 805.73
258.00 683.99
258.50 689.06
259.00 702.01
259.50 708.96
260.00 707.89
260.50 670.16
261.00 723.15
261.50 836.28
262.00 747.33
262.50 672.99
263.00 781.65
263.50 829.02
264.00 834.56
264.50 836.89
265.00 883.11
265.50 0.00
266.00 11.29
266.50 14.00
267.00 0.00
267.50 6.86
268.00 13.29
268.50 9.07
269.00 553.68
269.50 833.76
270.00 727.72
270.50 744.29
271.00 895.61
271.50 773.65
272.00 731.83
272.50 668.34
273.00 708.18
273.50 719.65
274.00 678.25
274.50 728.86
275.00 749.73
275.50 711.50
276.00 690.66
276.50 735.22
277.00 765.27
277.50 706.28
278.00 746.41
278.50 352.61
279.00 704.63
279.50 696.28
280.00 684.07
280.50 768.07
281.00 851.32
281.50 724.20
282.00 743.39
282.50 900.00
283.00 804.77
283.50 701.20
284.00 768.72
284.50 746.40
285.00 754.33
285.50 754.21
286.00 732.70
286.50 793.41
287.00 741.06
287.50 674.25
288.00 799.42
288.50 714.86
289.00 754.00
289.50 713.99
290.00 737.40
290.50 757.87
291.00 713.03
291.50 730.26
292.00 706.48
292.50 761.21
293.00 754.82
293.50 698.26
294.00 729.89
294.50 666.64
295.00 727.26
295.50 672.42
296.00 714.47
296.50 711.90
297.00 687.86
297.50 525.81
298.00 789.57
298.50 704.44
299.00 716.82
299.50 655.13
