0.00 774.57
0.50 709.42
1.00 738.58
1.50 754.70
2.00 758.69
2.50 734.36
3.00 702.01
3.50 727.35
4.00 755.59
4.50 340.32
5.00 746.23
5.50 761.15
6.00 783.40
6.50 747.91
7.00 738.03
7.50 819.09
8.00 705.16
8.50 643.36
9.00 798.38
9.50 228.81
10.00 748.95
10.50 807.67
11.00 837.00
11.50 842.69
12.00 880.49
12.50 755.57
13.00 751.44
13.50 743.01
14.00 694.20
14.50 745.29
15.00 717.16
15.50 804.52
16.00 719.31
16.50 760.14
17.00 734.23
17.50 784.69
18.00 795.69
18.50 759.10
19.00 834.56
19.50 791.07
20.00 781.18
20.50 698.22
21.00 696.74
21.50 666.77
22.00 849.94
22.50 753.76
23.00 792.90
23.50 758.67
24.00 768.56
24.50 833.34
25.00 216.67
25.50 754.08
26.00 799.18
26.50 343.14
27.00 275.17
27.50 847.93
28.00 827.29
28.50 849.43
29.00 771.49
29.50 731.98
30.00 757.81
30.50 676.05
31.00 762.75
31.50 760.31
32.00 710.18
32.50 706.61
33.00 716.81
33.50 687.08
34.00 821.32
34.50 852.18
35.00 716.46
35.50 347.44
36.00 713.48
36.50 720.09
37.00 858.58
37.50 870.67
38.00 860.26
38.50 844.48
39.00 734.45
39.50 696.88
40.00 748.93
40.50 734.43
41.00 202.95
41.50 439.84
42.00 12.33
42.50 563.75
43.00 0.00
43.50 725.83
44.00 822.35
44.50 837.58
45.00 814.42
45.50 649.43
46.00 96.72
46.50 683.15
47.00 694.77
47.50 729.87
48.00 764.24
48.50 708.36
49.00 701.25
49.50 722.52
50.00 733.31
50.50 740.93
51.00 757.85
51.50 805.83
52.00 900.00
52.50 789.47
53.00 849.78
53.50 688.57
54.00 694.06
54.50 818.24
55.00 775.15
55.50 814.19
56.00 771.96
56.50 860.87
57.00 707.65
57.50 686.18
58.00 724.32
58.50 708.02
59.00 681.41
59.50 727.85
60.00 743.18
60.50 732.43
61.00 772.63
61.50 704.64
62.00 741.62
62.50 5.06
63.00 17.71
63.50 349.24
64.00 756.01
64.50 820.29
65.00 742.06
65.50 837.65
66.00 821.50
66.50 824.19
67.00 681.68
67.50 786.32
68.00 729.54
68.50 13.25
69.00 733.36
69.50 758.58
70.00 754.63
70.50 818.68
71.00 866.73
71.50 829.06
72.00 793.05
72.50 600.38
73.00 790.91
73.50 787.64
74.00 734.12
74.50 701.04
75.00 658.74
75.50 579.76
76.00 532.03
76.50 707.96
77.00 669.19
77.50 757.56
78.00 740.68
78.50 775.52
79.00 766.71
79.50 728.67
80.00 728.36
80.50 717.68
81.00 693.99
81.50 723.00
82.00 684.23
82.50 708.27
83.00 849.06
83.50 833.17
84.00 747.30
84.50 708.57
85.00 766.22
85.50 867.68
86.00 833.08
86.50 859.79
87.00 35.44
87.50 602.42
88.00 682.54
88.50 714.43
89.00 694.56
89.50 711.08
90.00 704.66
90.50 360.75
91.00 900.00
91.50 444.22
92.00 664.70
92.50 715.20
93.00 757.49
93.50 846.66
94.00 684.88
94.50 720.95
95.00 753.24
95.50 848.50
96.00 850.92
96.50 703.08
97.00 700.87
97.50 729.78
98.00 824.84
98.50 756.91
99.00 704.44
99.50 677.01
100.00 673.53
100.50 822.13
101.00 862.43
101.50 472.57
102.00 751.20
102.50 737.21
103.00 750.12
103.50 718.85
104.00 732.96
104.50 757.97
105.00 790.95
105.50 723.16
106.00 752.28
106.50 784.82
107.00 772.39
107.50 729.16
108.00 747.12
108.50 723.98
109.00 737.98
109.50 809.35
110.00 787.91
110.50 721.58
111.00 775.63
111.50 780.21
112.00 812.54
112.50 756.25
113.00 657.95
113.50 727.52
114.00 735.02
114.50 736.18
115.00 706.02
115.50 693.83
116.00 710.98
116.50 735.34
117.00 794.54
117.50 676.62
118.00 679.93
118.50 697.08
119.00 863.99
119.50 833.30
120.00 799.81
120.50 742.69
121.00 754.09
121.50 554.58
122.00 708.17
122.50 824.35
123.00 843.09
123.50 807.90
124.00 801.90
124.50 690.96
125.00 775.46
125.50 682.24
126.00 695.94
126.50 716.47
127.00 790.92
127.50 749.97
128.00 733.47
128.50 736.44
129.00 752.98
129.50 773.61
130.00 712.16
130.50 725.41
131.00 717.02
131.50 757.50
132.00 784.65
132.50 726.51
133.00 694.09
133.50 743.05
134.00 704.21
134.50 723.37
135.00 750.36
135.50 268.86
136.00 708.26
136.50 760.12
137.00 796.79
137.50 695.51
138.00 702.19
138.50 696.73
139.00 718.61
139.50 733.91
140.00 724.29
140.50 722.37
141.00 675.66
141.50 755.42
142.00 689.61
142.50 735.10
143.00 571.68
143.50 868.59
144.00 789.13
144.50 763.39
145.00 752.21
145.50 729.76
146.00 702.10
146.50 771.48
147.00 749.86
147.50 750.60
148.00 737.10
148.50 693.35
149.00 689.89
149.50 756.86
150.00 754.36
150.50 715.78
151.00 730.03
151.50 850.21
152.00 724.99
152.50 15.33
153.00 33.13
153.50 344.88
154.00 735.12
154.50 716.61
155.00 702.67
155.50 763.17
156.00 769.19
156.50 727.99
157.00 734.47
157.50 713.26
158.00 787.27
158.50 773.84
159.00 734.23
159.50 710.04
160.00 713.85
160.50 734.76
161.00 28.96
161.50 0.00
162.00 0.00
162.50 20.99
163.00 5.36
163.50 3.83
164.00 539.94
164.50 769.83
165.00 795.00
165.50 725.28
166.00 694.29
166.50 751.00
167.00 309.53
167.50 12.50
168.00 19.17
168.50 0.11
169.00 14.86
169.50 7.39
170.00 6.02
170.50 6.64
171.00 0.00
171.50 10.91
172.00 0.00
172.50 452.66
173.00 367.58
173.50 735.97
174.00 763.44
174.50 237.39
175.00 717.23
175.50 620.69
176.00 563.64
176.50 654.21
177.00 100.71
177.50 755.11
178.00 861.56
178.50 863.35
179.00 833.96
179.50 835.19
180.00 753.09
180.50 751.72
181.00 781.74
181.50 731.47
182.00 785.62
182.50 845.50
183.00 724.28
183.50 384.25
184.00 675.26
184.50 698.28
185.00 696.96
185.50 749.61
186.00 485.42
186.50 319.28
187.00 856.68
187.50 847.93
188.00 797.58
188.50 721.26
189.00 724.34
189.50 696.07
190.00 724.26
190.50 694.39
191.00 760.03
191.50 706.55
192.00 792.47
192.50 739.01
193.00 670.51
193.50 722.86
194.00 704.33
194.50 662.44
195.00 688.19
195.50 694.26
196.00 762.01
196.50 682.05
197.00 688.69
197.50 695.37
198.00 705.05
198.50 690.31
199.00 836.31
199.50 735.19
200.00 804.43
200.50 676.05
201.00 713.32
201.50 567.76
202.00 771.24
202.50 782.12
203.00 683.11
203.50 685.12
204.00 670.48
204.50 692.19
205.00 713.16
205.50 704.55
206.00 790.58
206.50 736.84
207.00 701.65
207.50 730.67
208.00 731.14
208.50 15.00
209.00 0.00
209.50 527.97
210.00 0.43
210.50 641.89
211.00 0.00
211.50 739.45
212.00 849.43
212.50 853.35
213.00 888.97
213.50 764.57
214.00 724.33
214.50 738.91
215.00 804.32
215.50 774.53
216.00 279.89
216.50 355.56
217.00 872.64
217.50 834.36
218.00 775.50
218.50 695.25
219.00 702.87
219.50 879.04
220.00 705.87
220.50 698.32
221.00 503.97
221.50 744.02
222.00 725.92
222.50 729.57
223.00 731.52
223.50 749.82
224.00 735.22
224.50 687.44
225.00 707.56
225.50 754.94
226.00 705.23
226.50 711.80
227.00 744.96
227.50 721.66
228.00 730.33
228.50 806.67
229.00 699.31
229.50 771.72
230.00 715.27
230.50 776.87
231.00 703.33
231.50 714.39
232.00 713.33
232.50 717.07
233.00 709.41
233.50 861.95
234.00 695.97
234.50 673.85
235.00 694.98
235.50 818.70
236.00 854.78
236.50 744.53
237.00 328.63
237.50 233.37
238.00 707.75
238.50 779.07
239.00 704.02
239.50 729.92
240.00 696.58
240.50 740.20
241.00 714.39
241.50 778.41
242.00 787.46
242.50 749.14
243.00 669.54
243.50 777.72
244.00 744.47
244.50 718.31
245.00 717.89
245.50 750.53
246.00 736.78
246.50 790.41
247.00 758.01
247.50 792.45
248.00 733.46
248.50 721.79
249.00 723.42
249.50 749.89
250.00 769.62
250.50 782.07
251.00 723.57
251.50 711.19
252.00 731.17
252.50 754.37
253.00 722.38
253.50 783.86
254.00 766.37
254.50 700.85
255.00 718.26
255.50 724.49
256.00 716.83
256.50 751.21
257.00 791.28
257.50 761.02
258.00 699.12
258.50 709.12
259.00 723.13
259.50 388.22
260.00 716.20
260.50 821.63
261.00 741.19
261.50 791.44
262.00 379.47
262.50 669.50
263.00 745.98
263.50 617.63
264.00 689.22
264.50 776.08
265.00 765.90
265.50 832.24
266.00 697.47
266.50 708.49
267.00 699.03
267.50 730.24
268.00 706.07
268.50 749.29
269.00 748.00
269.50 790.62
270.00 748.69
270.50 695.98
271.00 690.87
271.50 739.69
272.00 672.41
272.50 718.34
273.00 699.13
273.50 714.66
274.00 784.67
274.50 767.72
275.00 785.15
275.50 728.85
276.00 695.47
276.50 674.55
277.00 680.90
277.50 687.77
278.00 708.95
278.50 713.75
279.00 772.47
279.50 776.97
280.00 717.96
280.50 733.11
281.00 765.61
281.50 824.96
282.00 739.28
282.50 735.56
283.00 751.96
283.50 717.88
284.00 900.00
284.50 690.45
285.00 710.76
285.50 793.71
286.00 746.19
286.50 876.21
287.00 757.45
287.50 774.00
288.00 754.02
288.50 772.22
289.00 758.64
289.50 753.65
290.00 743.58
290.50 744.52
291.00 763.52
291.50 676.11
292.00 753.50
292.50 803.17
293.00 688.00
293.50 677.48
294.00 739.85
294.50 712.85
295.00 724.01
295.50 748.02
296.00 675.66
296.50 704.06
297.00 718.87
297.50 774.05
298.00 803.53
298.50 731.99
299.00 707.72
299.50 705.22
