0.00 740.93
0.50 756.94
1.00 750.96
1.50 822.59
2.00 757.24
2.50 842.96
3.00 252.09
3.50 730.36
4.00 702.72
4.50 711.99
5.00 781.48
5.50 741.21
6.00 709.29
6.50 663.27
7.00 773.76
7.50 747.44
8.00 850.74
8.50 759.21
9.00 768.93
9.50 708.59
10.00 725.52
10.50 728.98
11.00 744.17
11.50 741.36
12.00 755.05
12.50 713.92
13.00 730.72
13.50 679.18
14.00 769.17
14.50 731.03
15.00 735.23
15.50 737.25
16.00 696.20
16.50 541.08
17.00 15.77
17.50 0.00
18.00 7.33
18.50 13.42
19.00 701.75
19.50 735.58
20.00 699.84
20.50 741.69
21.00 707.15
21.50 741.86
22.00 709.78
22.50 685.55
23.00 703.56
23.50 708.68
24.00 697.50
24.50 715.70
25.00 724.19
25.50 744.81
26.00 765.67
26.50 771.07
27.00 672.73
27.50 652.78
28.00 741.99
28.50 740.70
29.00 777.64
29.50 749.76
30.00 742.79
30.50 685.85
31.00 727.36
31.50 745.56
32.00 709.98
32.50 770.77
33.00 745.60
33.50 730.55
34.00 669.84
34.50 752.58
35.00 683.99
35.50 792.53
36.00 710.55
36.50 752.55
37.00 806.40
37.50 794.30
38.00 710.07
38.50 804.80
39.00 852.25
39.50 843.83
40.00 848.07
40.50 863.68
41.00 821.13
41.50 841.68
42.00 851.61
42.50 879.56
43.00 826.96
43.50 215.07
44.00 734.01
44.50 849.37
45.00 730.97
45.50 716.66
46.00 216.61
46.50 860.30
47.00 712.48
47.50 709.30
48.00 690.69
48.50 797.97
49.00 732.69
49.50 14.27
50.00 10.49
50.50 42.16
51.00 383.16
51.50 124.52
52.00 326.25
52.50 658.63
53.00 640.22
53.50 739.69
54.00 760.72
54.50 671.37
55.00 848.85
55.50 837.85
56.00 768.88
56.50 675.81
57.00 775.89
57.50 856.60
58.00 602.05
58.50 697.01
59.00 775.45
59.50 681.54
60.00 740.16
60.50 728.00
61.00 795.63
61.50 727.88
62.00 779.75
62.50 727.27
63.00 743.51
63.50 724.30
64.00 788.02
64.50 715.18
65.00 748.41
65.50 716.51
66.00 763.17
66.50 724.83
67.00 738.58
67.50 705.18
68.00 764.52
68.50 701.43
69.00 735.11
69.50 759.64
70.00 741.26
70.50 711.33
71.00 699.70
71.50 701.86
72.00 705.14
72.50 739.32
73.00 738.27
73.50 387.72
74.00 579.40
74.50 312.47
75.00 830.93
75.50 711.22
76.00 409.47
76.50 726.54
77.00 868.20
77.50 698.88
78.00 756.99
78.50 780.82
79.00 786.90
79.50 795.43
80.00 754.67
80.50 720.00
81.00 725.82
81.50 774.44
82.00 779.77
82.50 704.02
83.00 722.73
83.50 717.29
84.00 741.75
84.50 777.64
85.00 782.95
85.50 720.03
86.00 708.05
86.50 689.29
87.00 774.92
87.50 715.96
88.00 695.84
88.50 766.51
89.00 751.93
89.50 752.91
90.00 756.94
90.50 719.73
91.00 784.53
91.50 763.18
92.00 691.17
92.50 717.46
93.00 765.24
93.50 751.52
94.00 805.13
94.50 708.55
95.00 743.05
95.50 746.15
96.00 750.07
96.50 742.04
97.00 668.78
97.50 656.61
98.00 715.36
98.50 680.78
99.00 772.39
99.50 786.97
100.00 730.93
100.50 696.48
101.00 794.22
101.50 729.35
102.00 728.19
102.50 710.29
103.00 707.38
103.50 750.30
104.00 743.32
104.50 717.70
105.00 730.00
105.50 11.26
106.00 300.45
106.50 739.64
107.00 785.83
107.50 770.85
108.00 714.88
108.50 789.12
109.00 775.00
109.50 704.40
110.00 757.03
110.50 889.30
111.00 872.78
111.50 847.21
112.00 802.63
112.50 772.19
113.00 741.35
113.50 688.77
114.00 682.99
114.50 716.04
115.00 701.90
115.50 728.40
116.00 752.74
116.50 719.63
117.00 705.54
117.50 722.08
118.00 737.75
118.50 715.10
119.00 699.34
119.50 737.96
120.00 737.34
120.50 758.81
121.00 747.94
121.50 780.55
122.00 407.65
122.50 775.53
123.00 736.88
123.50 388.37
124.00 272.78
124.50 28.83
125.00 448.63
125.50 599.61
126.00 756.48
126.50 762.20
127.00 791.18
127.50 743.02
128.00 715.26
128.50 755.16
129.00 727.49
129.50 796.61
130.00 708.91
130.50 730.81
131.00 580.11
131.50 698.66
132.00 717.63
132.50 882.52
133.00 728.57
133.50 696.54
134.00 770.30
134.50 888.52
135.00 724.05
135.50 760.07
136.00 697.00
136.50 739.36
137.00 703.31
137.50 722.88
138.00 748.70
138.50 688.71
139.00 769.47
139.50 749.11
140.00 715.45
140.50 684.13
141.00 692.99
141.50 811.49
142.00 780.07
142.50 728.32
143.00 741.47
143.50 671.78
144.00 784.51
144.50 720.01
145.00 667.19
145.50 714.63
146.00 556.25
146.50 821.61
147.00 790.48
147.50 727.40
148.00 900.00
148.50 445.17
149.00 14.52
149.50 13.43
150.00 490.28
150.50 488.27
151.00 781.50
151.50 707.89
152.00 445.69
152.50 216.52
153.00 483.05
153.50 285.92
154.00 385.91
154.50 738.16
155.00 713.35
155.50 753.72
156.00 721.69
156.50 656.10
157.00 762.67
157.50 745.36
158.00 786.63
158.50 746.99
159.00 746.96
159.50 805.39
160.00 729.10
160.50 718.55
161.00 742.15
161.50 781.62
162.00 704.95
162.50 770.39
163.00 761.33
163.50 698.89
164.00 750.22
164.50 765.35
165.00 698.45
165.50 795.64
166.00 736.69
166.50 720.99
167.00 713.67
167.50 747.67
168.00 859.57
168.50 840.94
169.00 670.84
169.50 705.55
170.00 676.78
170.50 761.71
171.00 713.41
171.50 790.03
172.00 399.57
172.50 870.92
173.00 900.00
173.50 837.64
174.00 861.72
174.50 720.53
175.00 693.23
175.50 709.02
176.00 824.57
176.50 813.22
177.00 825.10
177.50 698.44
178.00 761.63
178.50 703.94
179.00 841.42
179.50 876.48
180.00 757.02
180.50 817.87
181.00 887.21
181.50 837.07
182.00 842.38
182.50 737.28
183.00 659.21
183.50 834.80
184.00 789.71
184.50 762.30
185.00 852.20
185.50 703.90
186.00 615.66
186.50 724.12
187.00 730.95
187.50 711.85
188.00 692.70
188.50 703.66
189.00 722.79
189.50 794.16
190.00 708.95
190.50 704.43
191.00 700.32
191.50 725.04
192.00 817.23
192.50 840.86
193.00 601.54
193.50 236.09
194.00 143.15
194.50 775.76
195.00 686.42
195.50 818.10
196.00 826.60
196.50 806.91
197.00 728.51
197.50 696.11
198.00 825.08
198.50 735.94
199.00 762.58
199.50 710.61
200.00 685.69
200.50 827.48
201.00 689.90
201.50 756.78
202.00 699.04
202.50 730.94
203.00 801.58
203.50 788.63
204.00 710.27
204.50 721.69
205.00 836.67
205.50 671.07
206.00 705.33
206.50 748.04
207.00 735.40
207.50 792.46
208.00 859.77
208.50 738.52
209.00 673.67
209.50 748.63
210.00 706.44
210.50 724.96
211.00 695.17
211.50 664.69
212.00 698.14
212.50 724.98
213.00 743.65
213.50 722.35
214.00 734.59
214.50 683.68
215.00 746.86
215.50 683.77
216.00 229.32
216.50 703.74
217.00 662.88
217.50 826.38
218.00 751.37
218.50 743.09
219.00 717.33
219.50 758.39
220.00 762.78
220.50 734.01
221.00 741.87
221.50 771.44
222.00 765.97
222.50 721.85
223.00 745.92
223.50 794.22
224.00 736.65
224.50 698.73
225.00 795.74
225.50 766.60
226.00 775.62
226.50 747.93
227.00 686.74
227.50 721.71
228.00 746.68
228.50 738.96
229.00 717.05
229.50 723.46
230.00 750.42
230.50 718.92
231.00 723.43
231.50 769.16
232.00 734.74
232.50 686.53
233.00 784.50
233.50 715.70
234.00 772.33
234.50 772.58
235.00 716.65
235.50 875.51
236.00 728.46
236.50 771.38
237.00 712.02
237.50 707.58
238.00 493.31
238.50 247.72
239.00 629.01
239.50 408.19
240.00 707.77
240.50 751.90
241.00 712.89
241.50 715.63
242.00 376.28
242.50 685.50
243.00 720.38
243.50 688.43
244.00 697.22
244.50 731.31
245.00 738.08
245.50 566.15
246.00 764.03
246.50 669.73
247.00 831.03
247.50 821.97
248.00 847.54
248.50 798.53
249.00 849.19
249.50 721.10
250.00 700.20
250.50 695.89
251.00 806.64
251.50 853.66
252.00 865.87
252.50 848.30
253.00 755.97
253.50 264.95
254.00 450.40
254.50 391.75
255.00 0.00
255.50 132.01
256.00 708.11
256.50 700.62
257.00 701.56
257.50 753.99
258.00 712.86
258.50 725.76
259.00 776.21
259.50 680.71
260.00 739.62
260.50 713.17
261.00 720.05
261.50 706.65
262.00 795.62
262.50 713.02
263.00 752.28
263.50 744.46
264.00 799.43
264.50 766.04
265.00 710.07
265.50 734.84
266.00 679.00
266.50 797.92
267.00 741.41
267.50 733.66
268.00 680.43
268.50 763.06
269.00 731.64
269.50 704.12
270.00 761.50
270.50 764.28
271.00 747.18
271.50 695.19
272.00 708.16
272.50 759.00
273.00 759.51
273.50 722.93
274.00 788.25
274.50 766.35
275.00 755.19
275.50 679.56
276.00 730.17
276.50 712.36
277.00 711.06
277.50 698.24
278.00 867.97
278.50 799.76
279.00 729.81
279.50 745.74
280.00 763.59
280.50 823.45
281.00 714.15
281.50 885.38
282.00 705.10
282.50 850.97
283.00 736.70
283.50 850.09
284.00 688.06
284.50 732.85
285.00 800.82
285.50 800.24
286.00 667.77
286.50 764.14
287.00 745.76
287.50 710.93
288.00 717.60
288.50 495.16
289.00 806.08
289.50 243.57
290.00 662.33
290.50 706.96
291.00 704.08
291.50 713.42
292.00 695.78
292.50 696.06
293.00 694.24
293.50 678.46
294.00 766.76
294.50 713.44
295.00 714.30
295.50 685.89
296.00 762.51
296.50 799.16
297.00 853.47
297.50 730.38
298.00 444.07
298.50 900.00
299.00 338.28
299.50 425.46
