0.00 714.82
0.50 748.94
1.00 777.05
1.50 705.23
2.00 760.70
2.50 701.35
3.00 729.34
3.50 752.28
4.00 740.88
4.50 755.11
5.00 737.51
5.50 681.60
6.00 750.13
6.50 761.88
7.00 747.19
7.50 671.31
8.00 729.59
8.50 741.57
9.00 768.06
9.50 741.33
10.00 731.60
10.50 708.40
11.00 716.89
11.50 689.78
12.00 679.60
12.50 755.42
13.00 748.91
13.50 816.97
14.00 714.49
14.50 741.89
15.00 796.05
15.50 863.68
16.00 728.21
16.50 801.17
17.00 846.45
17.50 742.65
18.00 816.99
18.50 693.27
19.00 703.33
19.50 681.68
20.00 382.34
20.50 374.89
21.00 773.34
21.50 833.97
22.00 680.76
22.50 731.11
23.00 718.19
23.50 720.71
24.00 444.05
24.50 741.08
25.00 872.41
25.50 821.74
26.00 797.07
26.50 686.69
27.00 675.92
27.50 706.48
28.00 900.00
28.50 709.65
29.00 737.22
29.50 802.45
30.00 817.52
30.50 708.96
31.00 409.14
31.50 666.35
32.00 693.93
32.50 720.48
33.00 678.17
33.50 756.00
34.00 829.62
34.50 774.42
35.00 675.82
35.50 675.87
36.00 771.58
36.50 716.08
37.00 421.82
37.50 398.26
38.00 705.67
38.50 833.65
39.00 720.95
39.50 742.03
40.00 693.72
40.50 792.57
41.00 699.33
41.50 809.45
42.00 872.36
42.50 775.25
43.00 767.20
43.50 702.66
44.00 708.28
44.50 717.90
45.00 679.61
45.50 887.22
46.00 682.75
46.50 862.09
47.00 828.41
47.50 824.45
48.00 799.52
48.50 680.10
49.00 798.29
49.50 667.96
50.00 781.85
50.50 770.04
51.00 720.89
51.50 838.50
52.00 855.61
52.50 740.11
53.00 721.56
53.50 672.87
54.00 746.34
54.50 698.93
55.00 727.74
55.50 697.97
56.00 677.60
56.50 716.67
57.00 714.85
57.50 457.95
58.00 831.99
58.50 711.01
59.00 722.29
59.50 731.66
60.00 728.94
60.50 900.00
61.00 747.32
61.50 758.03
62.00 738.19
62.50 706.06
63.00 483.92
63.50 245.81
64.00 639.23
64.50 381.32
65.00 762.16
65.50 822.74
66.00 685.30
66.50 741.05
67.00 736.58
67.50 732.61
68.00 725.97
68.50 711.42
69.00 470.15
69.50 695.07
70.00 748.77
70.50 813.48
71.00 734.08
71.50 809.79
72.00 732.36
72.50 680.36
73.00 724.19
73.50 721.09
74.00 841.83
74.50 685.93
75.00 869.92
75.50 739.16
76.00 707.62
76.50 710.31
77.00 781.13
77.50 696.88
78.00 769.68
78.50 731.03
79.00 789.18
79.50 718.67
80.00 777.72
80.50 716.40
81.00 741.83
81.50 763.98
82.00 731.72
82.50 746.62
83.00 716.44
83.50 737.85
84.00 693.70
84.50 685.00
85.00 680.03
85.50 738.90
86.00 704.66
86.50 703.32
87.00 766.81
87.50 716.20
88.00 797.34
88.50 853.73
89.00 790.67
89.50 838.60
90.00 704.33
90.50 772.76
91.00 762.65
91.50 700.00
92.00 675.58
92.50 718.00
93.00 763.72
93.50 716.66
94.00 857.51
94.50 835.42
95.00 859.57
95.50 830.85
96.00 712.07
96.50 810.46
97.00 729.50
97.50 692.89
98.00 728.69
98.50 706.29
99.00 617.78
99.50 695.09
100.00 694.81
100.50 702.35
101.00 702.66
101.50 725.39
102.00 882.29
102.50 740.75
103.00 766.35
103.50 749.13
104.00 680.32
104.50 754.16
105.00 778.36
105.50 805.63
106.00 728.36
106.50 815.38
107.00 678.66
107.50 791.13
108.00 748.68
108.50 829.06
109.00 756.80
109.50 839.65
110.00 752.20
110.50 722.41
111.00 74.67
111.50 706.17
112.00 740.55
112.50 703.17
113.00 735.94
113.50 771.84
114.00 700.34
114.50 681.93
115.00 730.58
115.50 729.03
116.00 703.98
116.50 702.56
117.00 787.93
117.50 705.61
118.00 738.96
118.50 696.90
119.00 709.62
119.50 721.43
120.00 705.61
120.50 723.10
121.00 667.73
121.50 692.22
122.00 831.14
122.50 686.26
123.00 753.13
123.50 785.71
124.00 675.60
124.50 863.45
125.00 458.00
125.50 749.33
126.00 422.91
126.50 701.14
127.00 680.35
127.50 835.39
128.00 840.12
128.50 830.35
129.00 844.80
129.50 799.70
130.00 705.63
130.50 716.85
131.00 714.48
131.50 879.46
132.00 705.92
132.50 722.60
133.00 744.27
133.50 851.66
134.00 819.05
134.50 835.53
135.00 775.75
135.50 736.20
136.00 730.53
136.50 501.56
137.00 17.53
137.50 0.00
138.00 760.18
138.50 742.77
139.00 258.18
139.50 745.13
140.00 832.81
140.50 739.49
141.00 742.62
141.50 740.07
142.00 685.53
142.50 861.00
143.00 844.07
143.50 835.10
144.00 845.19
144.50 463.09
145.00 721.64
145.50 843.10
146.00 822.60
146.50 817.43
147.00 839.07
147.50 852.41
148.00 866.32
148.50 832.55
149.00 167.70
149.50 673.90
150.00 529.76
150.50 13.20
151.00 516.65
151.50 573.81
152.00 0.00
152.50 529.41
153.00 17.61
153.50 1.87
154.00 733.08
154.50 753.38
155.00 705.31
155.50 781.52
156.00 696.71
156.50 695.20
157.00 701.04
157.50 721.90
158.00 798.79
158.50 720.86
159.00 719.37
159.50 754.88
160.00 662.75
160.50 747.30
161.00 726.70
161.50 762.95
162.00 723.91
162.50 705.38
163.00 792.78
163.50 716.44
164.00 747.30
164.50 708.44
165.00 701.99
165.50 745.06
166.00 702.03
166.50 753.82
167.00 710.53
167.50 755.58
168.00 746.12
168.50 768.22
169.00 738.10
169.50 733.69
170.00 841.06
170.50 814.66
171.00 819.31
171.50 777.40
172.00 764.54
172.50 674.44
173.00 579.22
173.50 529.96
174.00 709.49
174.50 713.95
175.00 693.47
175.50 900.00
176.00 866.67
176.50 515.81
177.00 704.98
177.50 787.08
178.00 879.35
178.50 843.92
179.00 839.53
179.50 861.06
180.00 854.35
180.50 816.39
181.00 850.31
181.50 761.44
182.00 421.14
182.50 694.84
183.00 735.43
183.50 704.24
184.00 695.88
184.50 689.54
185.00 711.50
185.50 703.45
186.00 720.29
186.50 701.16
187.00 703.78
187.50 883.23
188.00 696.34
188.50 679.97
189.00 758.71
189.50 762.94
190.00 765.48
190.50 697.62
191.00 805.78
191.50 738.15
192.00 778.73
192.50 775.36
193.00 718.03
193.50 732.41
194.00 735.53
194.50 720.47
195.00 781.26
195.50 842.10
196.00 851.67
196.50 698.26
197.00 825.63
197.50 771.59
198.00 778.81
198.50 719.19
199.00 765.92
199.50 723.25
200.00 735.95
200.50 735.76
201.00 758.62
201.50 764.38
202.00 740.83
202.50 761.32
203.00 866.61
203.50 825.66
204.00 779.14
204.50 730.76
205.00 710.78
205.50 716.92
206.00 744.03
206.50 756.06
207.00 696.14
207.50 704.62
208.00 691.30
208.50 735.88
209.00 678.11
209.50 743.22
210.00 734.67
210.50 691.32
211.00 741.11
211.50 735.33
212.00 746.17
212.50 774.79
213.00 685.69
213.50 735.13
214.00 675.84
214.50 757.63
215.00 694.73
215.50 735.42
216.00 750.78
216.50 699.64
217.00 691.76
217.50 752.84
218.00 703.13
218.50 753.26
219.00 766.17
219.50 862.52
220.00 816.82
220.50 717.90
221.00 756.23
221.50 796.46
222.00 794.23
222.50 810.52
223.00 737.40
223.50 729.32
224.00 725.99
224.50 671.04
225.00 794.51
225.50 726.91
226.00 694.01
226.50 788.70
227.00 818.44
227.50 758.77
228.00 826.37
228.50 820.17
229.00 839.81
229.50 850.18
230.00 900.00
230.50 699.23
231.00 681.08
231.50 691.32
232.00 697.62
232.50 723.19
233.00 704.14
233.50 797.41
234.00 719.04
234.50 699.68
235.00 822.70
235.50 735.57
236.00 440.67
236.50 831.39
237.00 682.66
237.50 731.93
238.00 679.47
238.50 679.39
239.00 703.94
239.50 900.00
240.00 710.27
240.50 709.15
241.00 0.00
241.50 593.90
242.00 404.13
242.50 764.26
243.00 780.89
243.50 562.94
244.00 580.42
244.50 0.00
245.00 365.25
245.50 395.96
246.00 788.45
246.50 657.73
247.00 248.30
247.50 481.93
248.00 763.59
248.50 864.96
249.00 804.57
249.50 885.81
250.00 757.36
250.50 721.12
251.00 787.68
251.50 680.71
252.00 717.65
252.50 707.10
253.00 770.72
253.50 706.59
254.00 732.10
254.50 733.62
255.00 725.32
255.50 725.04
256.00 711.20
256.50 822.93
257.00 696.22
257.50 710.95
258.00 875.07
258.50 676.15
259.00 703.34
259.50 719.24
260.00 790.74
260.50 726.56
261.00 720.11
261.50 704.63
262.00 806.52
262.50 689.19
263.00 741.84
263.50 700.87
264.00 678.40
264.50 721.54
265.00 731.61
265.50 714.19
266.00 272.25
266.50 723.78
267.00 740.10
267.50 814.15
268.00 687.66
268.50 732.67
269.00 728.96
269.50 737.18
270.00 744.55
270.50 740.21
271.00 752.52
271.50 750.41
272.00 776.70
272.50 827.13
273.00 785.94
273.50 714.54
274.00 726.45
274.50 707.09
275.00 733.59
275.50 733.67
276.00 734.40
276.50 722.88
277.00 707.00
277.50 225.61
278.00 18.61
278.50 738.29
279.00 727.74
279.50 752.10
280.00 733.20
280.50 715.94
281.00 759.82
281.50 826.53
282.00 701.49
282.50 734.59
283.00 692.03
283.50 706.64
284.00 700.33
284.50 704.49
285.00 697.15
285.50 727.00
286.00 703.28
286.50 663.73
287.00 767.60
287.50 881.73
288.00 817.54
288.50 827.87
289.00 788.50
289.50 693.00
290.00 699.06
290.50 801.24
291.00 740.72
291.50 808.17
292.00 775.23
292.50 708.31
293.00 703.87
293.50 698.68
294.00 839.76
294.50 729.79
295.00 745.03
295.50 753.66
296.00 767.93
296.50 719.65
297.00 726.49
297.50 717.00
298.00 771.30
298.50 775.58
299.00 648.31
299.50 698.86
