0.00 794.17
0.50 714.42
1.00 703.03
1.50 785.40
2.00 703.63
2.50 760.58
3.00 785.19
3.50 777.06
4.00 718.33
4.50 699.88
5.00 777.27
5.50 793.60
6.00 816.03
6.50 697.05
7.00 700.38
7.50 693.35
8.00 731.74
8.50 712.30
9.00 703.42
9.50 716.22
10.00 723.32
10.50 721.91
11.00 735.10
11.50 689.64
12.00 724.81
12.50 834.59
13.00 754.38
13.50 717.34
14.00 391.22
14.50 734.98
15.00 737.64
15.50 753.92
16.00 732.30
16.50 746.11
17.00 739.95
17.50 761.64
18.00 723.89
18.50 709.27
19.00 773.83
19.50 780.52
20.00 738.20
20.50 781.50
21.00 713.36
21.50 731.64
22.00 771.09
22.50 706.94
23.00 686.79
23.50 662.22
24.00 707.24
24.50 774.34
25.00 791.53
25.50 790.19
26.00 705.95
26.50 854.98
27.00 754.64
27.50 687.45
28.00 873.41
28.50 750.78
29.00 723.76
29.50 508.46
30.00 694.86
30.50 714.71
31.00 852.64
31.50 853.85
32.00 808.23
32.50 785.43
33.00 757.35
33.50 674.71
34.00 716.69
34.50 807.57
35.00 734.92
35.50 654.30
36.00 689.87
36.50 721.45
37.00 739.70
37.50 705.70
38.00 673.34
38.50 709.56
39.00 741.63
39.50 702.38
40.00 732.94
40.50 791.08
41.00 697.94
41.50 735.51
42.00 720.81
42.50 721.97
43.00 721.62
43.50 736.05
44.00 701.08
44.50 742.12
45.00 706.02
45.50 732.75
46.00 687.37
46.50 706.73
47.00 809.08
47.50 683.77
48.00 661.51
48.50 787.50
49.00 791.26
49.50 784.75
50.00 721.84
50.50 795.62
51.00 707.96
51.50 714.90
52.00 837.07
52.50 764.54
53.00 782.32
53.50 699.51
54.00 846.28
54.50 803.33
55.00 754.52
55.50 701.46
56.00 776.96
56.50 715.61
57.00 708.58
57.50 693.05
58.00 749.73
58.50 767.57
59.00 741.12
59.50 702.19
60.00 704.40
60.50 711.54
61.00 721.95
61.50 648.86
62.00 288.93
62.50 843.14
63.00 724.79
63.50 860.37
64.00 764.72
64.50 729.02
65.00 788.96
65.50 720.71
66.00 736.02
66.50 836.13
67.00 718.85
67.50 777.85
68.00 896.59
68.50 717.29
69.00 783.42
69.50 668.56
70.00 688.65
70.50 728.93
71.00 544.46
71.50 746.95
72.00 726.84
72.50 804.06
73.00 853.98
73.50 775.55
74.00 737.93
74.50 749.59
75.00 720.24
75.50 786.97
76.00 753.41
76.50 710.59
77.00 679.29
77.50 734.98
78.00 711.53
78.50 764.92
79.00 722.62
79.50 765.38
80.00 744.62
80.50 753.22
81.00 720.06
81.50 717.38
82.00 695.22
82.50 741.97
83.00 752.19
83.50 727.95
84.00 721.76
84.50 730.35
85.00 761.94
85.50 739.01
86.00 666.24
86.50 718.45
87.00 736.46
87.50 774.16
88.00 692.31
88.50 729.55
89.00 739.92
89.50 760.23
90.00 782.71
90.50 728.72
91.00 721.99
91.50 12.58
92.00 168.06
92.50 847.02
93.00 829.05
93.50 842.79
94.00 852.46
94.50 831.14
95.00 839.04
95.50 830.30
96.00 749.46
96.50 849.09
97.00 710.62
97.50 871.61
98.00 866.52
98.50 847.08
99.00 840.52
99.50 854.79
100.00 812.10
100.50 889.45
101.00 695.70
101.50 690.13
102.00 786.23
102.50 802.28
103.00 722.53
103.50 830.01
104.00 829.63
104.50 851.09
105.00 843.56
105.50 843.07
106.00 852.15
106.50 848.65
107.00 864.82
107.50 815.72
108.00 696.18
108.50 692.32
109.00 687.44
109.50 775.52
110.00 742.19
110.50 0.00
111.00 707.58
111.50 689.67
112.00 732.23
112.50 737.28
113.00 775.85
113.50 236.80
114.00 0.00
114.50 314.44
115.00 309.36
115.50 1.90
116.00 871.43
116.50 446.82
117.00 784.96
117.50 851.39
118.00 803.09
118.50 694.60
119.00 772.18
119.50 782.55
120.00 768.72
120.50 859.19
121.00 695.68
121.50 714.68
122.00 767.69
122.50 703.32
123.00 723.57
123.50 10.58
124.00 543.13
124.50 722.90
125.00 749.06
125.50 729.17
126.00 713.14
126.50 768.78
127.00 717.14
127.50 725.06
128.00 765.35
128.50 691.26
129.00 662.37
129.50 696.19
130.00 708.39
130.50 801.93
131.00 827.91
131.50 710.49
132.00 704.55
132.50 739.44
133.00 409.50
133.50 710.79
134.00 496.68
134.50 895.10
135.00 697.30
135.50 719.23
136.00 733.05
136.50 822.93
137.00 744.12
137.50 716.45
138.00 646.00
138.50 779.36
139.00 795.03
139.50 701.81
140.00 857.82
140.50 659.22
141.00 716.20
141.50 849.87
142.00 765.07
142.50 745.57
143.00 771.30
143.50 706.51
144.00 711.92
144.50 674.30
145.00 710.75
145.50 869.30
146.00 713.16
146.50 707.93
147.00 709.03
147.50 629.57
148.00 630.88
148.50 394.68
149.00 675.46
149.50 288.93
150.00 708.09
150.50 894.76
151.00 815.59
151.50 741.07
152.00 756.04
152.50 797.77
153.00 832.56
153.50 783.18
154.00 715.97
154.50 809.33
155.00 764.44
155.50 682.80
156.00 833.69
156.50 893.95
157.00 738.72
157.50 839.11
158.00 700.33
158.50 712.18
159.00 743.94
159.50 707.27
160.00 764.51
160.50 689.34
161.00 714.77
161.50 679.90
162.00 884.33
162.50 604.69
163.00 367.01
163.50 747.51
164.00 800.35
164.50 693.38
165.00 690.93
165.50 748.70
166.00 531.60
166.50 681.58
167.00 878.86
167.50 656.21
168.00 685.49
168.50 717.56
169.00 372.84
169.50 680.76
170.00 776.14
170.50 741.62
171.00 764.28
171.50 704.04
172.00 734.22
172.50 772.88
173.00 680.32
173.50 742.19
174.00 668.76
174.50 128.98
175.00 408.24
175.50 692.26
176.00 764.72
176.50 702.83
177.00 758.19
177.50 848.24
178.00 780.62
178.50 797.10
179.00 745.46
179.50 720.85
180.00 701.01
180.50 747.25
181.00 746.37
181.50 803.53
182.00 713.81
182.50 710.28
183.00 739.93
183.50 552.59
184.00 707.84
184.50 786.33
185.00 712.04
185.50 713.18
186.00 731.82
186.50 757.43
187.00 859.26
187.50 818.06
188.00 656.74
188.50 736.62
189.00 832.29
189.50 809.26
190.00 849.49
190.50 854.53
191.00 828.89
191.50 754.71
192.00 6.88
192.50 40.62
193.00 12.52
193.50 2.86
194.00 9.49
194.50 542.50
195.00 547.27
195.50 813.86
196.00 691.28
196.50 256.76
197.00 210.43
197.50 733.64
198.00 774.04
198.50 90.25
199.00 212.18
199.50 0.00
200.00 92.70
200.50 658.43
201.00 758.42
201.50 758.50
202.00 701.73
202.50 818.61
203.00 708.39
203.50 852.70
204.00 860.33
204.50 850.02
205.00 838.41
205.50 863.52
206.00 876.53
206.50 0.00
207.00 782.67
207.50 778.82
208.00 770.50
208.50 792.63
209.00 299.93
209.50 369.64
210.00 736.08
210.50 378.51
211.00 686.31
211.50 717.87
212.00 707.35
212.50 862.22
213.00 745.65
213.50 754.46
214.00 764.95
214.50 704.51
215.00 473.66
215.50 678.78
216.00 709.06
216.50 663.21
217.00 728.06
217.50 653.58
218.00 769.11
218.50 881.77
219.00 819.78
219.50 821.79
220.00 853.34
220.50 871.62
221.00 844.01
221.50 856.12
222.00 862.25
222.50 759.03
223.00 698.14
223.50 734.29
224.00 750.22
224.50 754.31
225.00 738.54
225.50 703.33
226.00 741.84
226.50 796.16
227.00 698.46
227.50 714.11
228.00 741.68
228.50 727.67
229.00 786.38
229.50 804.87
230.00 807.21
230.50 753.01
231.00 741.41
231.50 693.02
232.00 685.37
232.50 715.75
233.00 724.52
233.50 733.73
234.00 674.77
234.50 696.94
235.00 718.03
235.50 789.90
236.00 744.85
236.50 846.21
237.00 862.09
237.50 815.07
238.00 719.06
238.50 758.04
239.00 788.98
239.50 813.46
240.00 13.80
240.50 217.02
241.00 693.96
241.50 741.50
242.00 785.34
242.50 788.75
243.00 678.15
243.50 777.70
244.00 706.36
244.50 710.09
245.00 820.50
245.50 592.57
246.00 468.84
246.50 728.71
247.00 732.25
247.50 697.02
248.00 858.23
248.50 800.74
249.00 805.55
249.50 703.50
250.00 818.92
250.50 738.64
251.00 514.25
251.50 640.00
252.00 775.94
252.50 386.63
253.00 422.28
253.50 696.53
254.00 733.04
254.50 711.35
255.00 714.76
255.50 709.74
256.00 479.69
256.50 309.10
257.00 780.06
257.50 815.52
258.00 732.39
258.50 494.41
259.00 700.97
259.50 679.85
260.00 704.88
260.50 688.05
261.00 734.22
261.50 726.56
262.00 711.11
262.50 230.67
263.00 819.70
263.50 828.10
264.00 719.76
264.50 803.65
265.00 859.28
265.50 829.40
266.00 624.23
266.50 837.13
267.00 763.21
267.50 711.66
268.00 753.91
268.50 729.46
269.00 753.94
269.50 847.00
270.00 714.45
270.50 281.98
271.00 643.40
271.50 874.58
272.00 830.08
272.50 843.49
273.00 690.44
273.50 680.00
274.00 699.46
274.50 719.52
275.00 718.93
275.50 689.36
276.00 700.50
276.50 675.59
277.00 666.13
277.50 650.88
278.00 719.36
278.50 668.37
279.00 784.71
279.50 811.02
280.00 701.85
280.50 762.44
281.00 815.41
281.50 842.28
282.00 724.34
282.50 682.84
283.00 781.68
283.50 715.32
284.00 717.06
284.50 718.90
285.00 700.53
285.50 841.97
286.00 710.40
286.50 766.72
287.00 743.71
287.50 698.46
288.00 703.77
288.50 746.08
289.00 737.66
289.50 746.29
290.00 731.36
290.50 699.43
291.00 685.76
291.50 761.42
292.00 799.18
292.50 115.20
293.00 0.00
293.50 404.74
294.00 827.86
294.50 770.29
295.00 750.78
295.50 778.39
296.00 735.70
296.50 712.63
297.00 872.58
297.50 806.26
298.00 720.98
298.50 731.66
299.00 684.80
299.50 754.68
