0.00 734.76
0.50 708.60
1.00 756.83
1.50 705.78
2.00 684.46
2.50 730.17
3.00 738.79
3.50 732.69
4.00 679.86
4.50 900.00
5.00 423.84
5.50 689.42
6.00 700.04
6.50 669.02
7.00 669.05
7.50 757.20
8.00 705.66
8.50 717.96
9.00 704.99
9.50 702.96
10.00 757.88
10.50 871.14
11.00 674.28
11.50 812.95
12.00 706.41
12.50 746.60
13.00 734.20
13.50 701.33
14.00 728.73
14.50 823.90
15.00 765.07
15.50 720.99
16.00 764.69
16.50 734.24
17.00 785.19
17.50 527.48
18.00 550.28
18.50 758.00
19.00 141.60
19.50 823.36
20.00 711.59
20.50 792.60
21.00 834.84
21.50 839.21
22.00 700.46
22.50 716.54
23.00 785.32
23.50 762.97
24.00 712.11
24.50 673.31
25.00 860.10
25.50 755.70
26.00 796.64
26.50 707.70
27.00 737.48
27.50 759.01
28.00 739.17
28.50 713.23
29.00 719.98
29.50 762.27
30.00 719.38
30.50 716.66
31.00 703.81
31.50 752.04
32.00 711.06
32.50 748.93
33.00 731.96
33.50 694.10
34.00 760.12
34.50 700.79
35.00 683.46
35.50 701.23
36.00 767.27
36.50 777.18
37.00 774.80
37.50 11.79
38.00 20.57
38.50 402.08
39.00 680.60
39.50 689.04
40.00 671.90
40.50 729.49
41.00 900.00
41.50 813.14
42.00 702.39
42.50 529.42
43.00 9.82
43.50 3.69
44.00 13.73
44.50 7.93
45.00 7.18
45.50 723.31
46.00 728.79
46.50 2.30
47.00 11.67
47.50 11.98
48.00 0.00
48.50 456.33
49.00 437.39
49.50 0.00
50.00 26.61
50.50 453.86
51.00 706.02
51.50 716.64
52.00 833.39
52.50 859.44
53.00 792.69
53.50 693.25
54.00 708.63
54.50 747.62
55.00 762.41
55.50 708.04
56.00 669.41
56.50 714.86
57.00 727.24
57.50 741.81
58.00 706.85
58.50 677.58
59.00 774.45
59.50 687.37
60.00 715.45
60.50 685.63
61.00 313.39
61.50 728.10
62.00 742.18
62.50 710.07
63.00 687.36
63.50 697.14
64.00 727.67
64.50 714.61
65.00 720.04
65.50 677.73
66.00 737.62
66.50 712.39
67.00 711.11
67.50 710.14
68.00 839.08
68.50 802.99
69.00 699.12
69.50 664.13
70.00 717.51
70.50 0.00
71.00 668.90
71.50 820.66
72.00 849.54
72.50 826.18
73.00 842.80
73.50 877.23
74.00 853.38
74.50 854.72
75.00 540.80
75.50 528.37
76.00 95.29
76.50 225.41
77.00 221.74
77.50 528.33
78.00 636.58
78.50 267.44
79.00 171.48
79.50 156.98
80.00 414.43
80.50 473.01
81.00 169.84
81.50 565.70
82.00 499.44
82.50 823.49
83.00 366.21
83.50 256.09
84.00 736.37
84.50 60.41
85.00 16.27
85.50 4.67
86.00 6.10
86.50 25.03
87.00 0.00
87.50 18.34
88.00 26.45
88.50 422.72
89.00 455.13
89.50 805.87
90.00 286.36
90.50 694.91
91.00 385.86
91.50 603.39
92.00 440.17
92.50 497.89
93.00 884.46
93.50 786.07
94.00 721.10
94.50 728.98
95.00 811.03
95.50 832.27
96.00 696.36
96.50 890.51
97.00 737.40
97.50 685.50
98.00 691.24
98.50 735.94
99.00 880.16
99.50 731.61
100.00 773.05
100.50 764.63
101.00 794.11
101.50 696.68
102.00 810.80
102.50 716.91
103.00 714.62
103.50 728.70
104.00 900.00
104.50 749.59
105.00 717.66
105.50 862.82
106.00 697.73
106.50 770.19
107.00 720.20
107.50 707.05
108.00 728.88
108.50 697.84
109.00 709.51
109.50 742.11
110.00 732.82
110.50 736.03
111.00 745.56
111.50 720.29
112.00 709.44
112.50 732.26
113.00 739.46
113.50 695.31
114.00 688.01
114.50 716.41
115.00 775.94
115.50 699.07
116.00 766.47
116.50 710.03
117.00 782.77
117.50 707.25
118.00 728.28
118.50 750.52
119.00 745.15
119.50 787.32
120.00 735.85
120.50 754.33
121.00 735.26
121.50 725.92
122.00 736.29
122.50 762.53
123.00 443.50
123.50 797.43
124.00 742.51
124.50 312.83
125.00 350.63
125.50 710.15
126.00 769.31
126.50 745.65
127.00 729.92
127.50 784.98
128.00 730.33
128.50 677.32
129.00 714.00
129.50 709.24
130.00 750.28
130.50 755.21
131.00 703.99
131.50 755.05
132.00 725.68
132.50 733.13
133.00 780.47
133.50 681.78
134.00 713.22
134.50 845.50
135.00 686.31
135.50 713.96
136.00 696.74
136.50 693.59
137.00 732.43
137.50 706.84
138.00 720.11
138.50 766.71
139.00 750.10
139.50 752.10
140.00 704.49
140.50 735.74
141.00 752.89
141.50 848.58
142.00 845.42
142.50 853.01
143.00 825.82
143.50 811.59
144.00 820.96
144.50 838.88
145.00 834.31
145.50 840.86
146.00 813.33
146.50 822.03
147.00 874.52
147.50 844.96
148.00 829.46
148.50 863.69
149.00 823.97
149.50 751.39
150.00 707.16
150.50 703.53
151.00 756.32
151.50 836.50
152.00 679.41
152.50 705.82
153.00 778.55
153.50 787.89
154.00 143.55
154.50 193.44
155.00 648.73
155.50 717.31
156.00 692.17
156.50 759.33
157.00 744.82
157.50 742.95
158.00 808.15
158.50 692.64
159.00 782.91
159.50 794.53
160.00 719.46
160.50 700.24
161.00 813.45
161.50 784.64
162.00 701.27
162.50 852.68
163.00 827.97
163.50 780.61
164.00 709.84
164.50 778.93
165.00 695.13
165.50 793.61
166.00 822.44
166.50 768.42
167.00 677.94
167.50 649.46
168.00 615.46
168.50 263.87
169.00 744.03
169.50 728.85
170.00 891.09
170.50 749.19
171.00 712.36
171.50 828.37
172.00 708.18
172.50 702.75
173.00 699.08
173.50 816.97
174.00 863.78
174.50 718.17
175.00 710.82
175.50 868.50
176.00 709.49
176.50 728.25
177.00 709.79
177.50 713.00
178.00 834.39
178.50 709.15
179.00 687.16
179.50 689.23
180.00 718.16
180.50 699.86
181.00 809.32
181.50 716.88
182.00 646.62
182.50 757.76
183.00 729.08
183.50 723.67
184.00 736.86
184.50 724.34
185.00 700.29
185.50 736.13
186.00 701.03
186.50 733.35
187.00 750.28
187.50 739.05
188.00 712.55
188.50 702.87
189.00 701.10
189.50 756.48
190.00 762.11
190.50 755.08
191.00 704.96
191.50 723.18
192.00 731.06
192.50 712.17
193.00 741.96
193.50 730.92
194.00 685.38
194.50 726.54
195.00 744.84
195.50 707.19
196.00 746.30
196.50 730.47
197.00 731.41
197.50 767.53
198.00 726.53
198.50 664.33
199.00 768.82
199.50 753.21
200.00 775.19
200.50 706.55
201.00 732.09
201.50 728.75
202.00 704.95
202.50 847.00
203.00 899.09
203.50 773.15
204.00 754.98
204.50 837.20
205.00 694.19
205.50 717.50
206.00 804.45
206.50 714.26
207.00 809.77
207.50 768.32
208.00 726.76
208.50 711.09
209.00 709.69
209.50 785.79
210.00 828.84
210.50 815.74
211.00 726.67
211.50 747.62
212.00 512.13
212.50 366.71
213.00 8.58
213.50 557.10
214.00 697.98
214.50 570.70
215.00 682.88
215.50 223.28
216.00 91.80
216.50 1.02
217.00 1.55
217.50 3.20
218.00 0.00
218.50 510.44
219.00 725.83
219.50 497.71
220.00 331.09
220.50 679.78
221.00 679.43
221.50 725.09
222.00 747.60
222.50 877.93
223.00 796.01
223.50 815.00
224.00 721.97
224.50 470.36
225.00 484.36
225.50 713.84
226.00 715.93
226.50 800.09
227.00 738.37
227.50 854.33
228.00 796.60
228.50 781.94
229.00 811.82
229.50 682.46
230.00 684.19
230.50 733.28
231.00 802.20
231.50 701.08
232.00 729.46
232.50 721.74
233.00 811.59
233.50 817.75
234.00 837.80
234.50 815.25
235.00 850.57
235.50 832.79
236.00 765.55
236.50 713.13
237.00 772.82
237.50 681.41
238.00 762.33
238.50 877.85
239.00 808.87
239.50 856.73
240.00 805.65
240.50 695.15
241.00 698.05
241.50 728.81
242.00 787.85
242.50 680.60
243.00 837.36
243.50 815.62
244.00 751.83
244.50 670.39
245.00 347.16
245.50 154.68
246.00 654.22
246.50 718.48
247.00 842.64
247.50 730.03
248.00 705.97
248.50 720.16
249.00 712.43
249.50 704.74
250.00 827.52
250.50 867.09
251.00 878.36
251.50 799.87
252.00 840.73
252.50 758.80
253.00 685.93
253.50 849.57
254.00 713.73
254.50 786.31
255.00 771.53
255.50 655.56
256.00 683.53
256.50 792.84
257.00 695.11
257.50 716.40
258.00 720.98
258.50 855.94
259.00 740.96
259.50 706.09
260.00 750.14
260.50 809.85
261.00 716.14
261.50 785.99
262.00 828.61
262.50 823.29
263.00 730.59
263.50 714.21
264.00 697.68
264.50 743.30
265.00 886.48
265.50 811.19
266.00 698.22
266.50 857.85
267.00 900.00
267.50 882.00
268.00 685.01
268.50 681.09
269.00 736.46
269.50 705.95
270.00 735.65
270.50 765.87
271.00 760.13
271.50 710.82
272.00 713.49
272.50 768.69
273.00 776.65
273.50 734.88
274.00 747.39
274.50 739.55
275.00 772.88
275.50 680.17
276.00 714.41
276.50 874.93
277.00 745.28
277.50 715.08
278.00 265.78
278.50 676.15
279.00 674.45
279.50 703.98
280.00 693.56
280.50 836.38
281.00 684.26
281.50 737.69
282.00 698.72
282.50 720.02
283.00 795.79
283.50 794.67
284.00 900.00
284.50 755.52
285.00 848.30
285.50 687.36
286.00 692.49
286.50 836.74
287.00 803.40
287.50 85.93
288.00 877.27
288.50 729.21
289.00 704.06
289.50 817.58
290.00 511.76
290.50 410.40
291.00 9.72
291.50 677.77
292.00 730.79
292.50 742.08
293.00 818.06
293.50 883.52
294.00 719.72
294.50 686.30
295.00 703.08
295.50 665.87
296.00 778.74
296.50 646.78
297.00 721.49
297.50 817.55
298.00 844.46
298.50 824.67
299.00 866.20
299.50 461.83
