0.00 744.76
0.50 852.89
1.00 839.85
1.50 828.54
2.00 759.97
2.50 785.33
3.00 712.83
3.50 725.62
4.00 699.38
4.50 682.17
5.00 736.95
5.50 733.70
6.00 704.58
6.50 709.08
7.00 719.62
7.50 782.85
8.00 778.06
8.50 728.29
9.00 736.63
9.50 743.58
10.00 811.18
10.50 750.68
11.00 809.06
11.50 706.04
12.00 749.61
12.50 756.72
13.00 5.69
13.50 0.00
14.00 11.38
14.50 95.08
15.00 498.70
15.50 233.65
16.00 153.45
16.50 754.97
17.00 788.77
17.50 790.12
18.00 737.81
18.50 430.87
19.00 441.32
19.50 698.15
20.00 873.64
20.50 862.95
21.00 881.95
21.50 879.16
22.00 515.72
22.50 325.65
23.00 562.95
23.50 679.59
24.00 665.72
24.50 701.20
25.00 710.38
25.50 710.63
26.00 699.88
26.50 763.82
27.00 900.00
27.50 858.97
28.00 731.54
28.50 790.35
29.00 855.74
29.50 673.62
30.00 877.23
30.50 697.98
31.00 715.34
31.50 665.32
32.00 738.01
32.50 805.84
33.00 711.01
33.50 732.93
34.00 5.68
34.50 0.00
35.00 660.04
35.50 239.51
36.00 696.76
36.50 757.17
37.00 825.29
37.50 735.76
38.00 710.71
38.50 781.35
39.00 728.84
39.50 837.61
40.00 900.00
40.50 794.33
41.00 753.47
41.50 710.03
42.00 708.62
42.50 673.81
43.00 838.05
43.50 782.72
44.00 748.12
44.50 710.87
45.00 763.18
45.50 674.27
46.00 745.22
46.50 725.54
47.00 693.47
47.50 703.27
48.00 707.68
48.50 722.53
49.00 710.08
49.50 707.03
50.00 749.22
50.50 748.96
51.00 724.07
51.50 761.62
52.00 714.43
52.50 689.59
53.00 703.58
53.50 748.02
54.00 766.32
54.50 744.21
55.00 716.93
55.50 721.64
56.00 735.94
56.50 724.86
57.00 786.78
57.50 785.45
58.00 717.85
58.50 712.42
59.00 687.26
59.50 704.56
60.00 728.60
60.50 703.77
61.00 702.63
61.50 766.70
62.00 754.42
62.50 772.36
63.00 706.26
63.50 740.18
64.00 736.94
64.50 706.66
65.00 714.25
65.50 763.55
66.00 786.09
66.50 705.31
67.00 689.23
67.50 712.03
68.00 706.20
68.50 739.87
69.00 753.91
69.50 682.05
70.00 692.31
70.50 665.98
71.00 820.60
71.50 608.61
72.00 754.17
72.50 723.40
73.00 716.20
73.50 807.82
74.00 741.64
74.50 756.55
75.00 827.06
75.50 859.21
76.00 788.38
76.50 716.12
77.00 271.88
77.50 390.42
78.00 648.36
78.50 692.94
79.00 799.97
79.50 659.45
80.00 701.91
80.50 718.21
81.00 738.72
81.50 708.06
82.00 690.11
82.50 730.65
83.00 705.11
83.50 691.29
84.00 775.12
84.50 855.15
85.00 758.59
85.50 877.80
86.00 841.26
86.50 869.90
87.00 730.84
87.50 851.96
88.00 781.45
88.50 706.16
89.00 704.37
89.50 690.55
90.00 862.34
90.50 895.28
91.00 817.74
91.50 851.09
92.00 144.31
92.50 487.41
93.00 843.13
93.50 503.13
94.00 765.46
94.50 739.85
95.00 717.52
95.50 692.80
96.00 709.67
96.50 760.94
97.00 724.08
97.50 770.29
98.00 684.43
98.50 765.20
99.00 763.38
99.50 751.39
100.00 783.95
100.50 719.23
101.00 727.40
101.50 700.82
102.00 730.98
102.50 742.94
103.00 734.55
103.50 692.27
104.00 772.75
104.50 730.05
105.00 797.85
105.50 750.88
106.00 728.22
106.50 731.31
107.00 779.66
107.50 718.36
108.00 754.65
108.50 759.54
109.00 680.75
109.50 768.07
110.00 722.24
110.50 742.00
111.00 779.30
111.50 730.83
112.00 744.89
112.50 758.35
113.00 743.12
113.50 785.56
114.00 766.23
114.50 729.55
115.00 734.62
115.50 829.86
116.00 843.56
116.50 849.93
117.00 847.57
117.50 853.95
118.00 746.02
118.50 717.25
119.00 291.33
119.50 419.91
120.00 758.21
120.50 773.47
121.00 851.37
121.50 677.51
122.00 759.40
122.50 853.03
123.00 800.10
123.50 713.45
124.00 709.35
124.50 847.66
125.00 689.88
125.50 740.27
126.00 719.38
126.50 753.33
127.00 713.47
127.50 747.21
128.00 739.46
128.50 675.76
129.00 702.01
129.50 711.51
130.00 683.08
130.50 776.82
131.00 680.22
131.50 735.57
132.00 711.57
132.50 686.43
133.00 793.15
133.50 734.52
134.00 725.19
134.50 718.28
135.00 704.26
135.50 719.93
136.00 741.87
136.50 696.34
137.00 780.11
137.50 691.22
138.00 726.09
138.50 756.07
139.00 719.32
139.50 781.11
140.00 798.14
140.50 766.96
141.00 739.05
141.50 762.96
142.00 724.82
142.50 726.70
143.00 761.22
143.50 742.53
144.00 725.79
144.50 700.88
145.00 708.63
145.50 751.17
146.00 853.26
146.50 838.64
147.00 840.34
147.50 834.54
148.00 869.93
148.50 787.14
149.00 716.82
149.50 685.44
150.00 829.96
150.50 741.16
151.00 427.59
151.50 511.36
152.00 633.95
152.50 876.89
153.00 733.20
153.50 751.68
154.00 676.62
154.50 731.61
155.00 813.27
155.50 715.82
156.00 694.18
156.50 768.00
157.00 868.74
157.50 802.70
158.00 678.12
158.50 734.26
159.00 694.00
159.50 695.79
160.00 705.05
160.50 697.27
161.00 823.05
161.50 669.10
162.00 377.34
162.50 735.41
163.00 716.91
163.50 831.97
164.00 763.09
164.50 732.95
165.00 719.10
165.50 707.41
166.00 708.14
166.50 698.20
167.00 695.43
167.50 726.25
168.00 692.00
168.50 297.82
169.00 566.99
169.50 4.72
170.00 124.02
170.50 24.20
171.00 30.24
171.50 725.05
172.00 701.69
172.50 819.60
173.00 708.00
173.50 725.57
174.00 753.08
174.50 762.71
175.00 710.82
175.50 766.76
176.00 791.94
176.50 738.31
177.00 747.37
177.50 723.09
178.00 696.87
178.50 687.18
179.00 769.77
179.50 699.99
180.00 691.80
180.50 868.12
181.00 788.88
181.50 848.11
182.00 855.26
182.50 900.00
183.00 755.57
183.50 705.59
184.00 720.59
184.50 682.09
185.00 741.31
185.50 762.38
186.00 303.74
186.50 323.86
187.00 502.45
187.50 22.96
188.00 0.00
188.50 3.01
189.00 1.77
189.50 291.42
190.00 766.54
190.50 728.76
191.00 755.94
191.50 660.17
192.00 783.04
192.50 838.85
193.00 388.89
193.50 729.75
194.00 697.74
194.50 695.44
195.00 601.56
195.50 645.59
196.00 725.10
196.50 703.07
197.00 800.60
197.50 730.11
198.00 740.79
198.50 659.68
199.00 753.14
199.50 706.97
200.00 708.11
200.50 759.36
201.00 772.94
201.50 777.69
202.00 661.80
202.50 713.39
203.00 269.83
203.50 426.36
204.00 214.67
204.50 476.91
205.00 493.94
205.50 658.87
206.00 347.00
206.50 508.33
207.00 742.67
207.50 804.61
208.00 731.72
208.50 684.61
209.00 900.00
209.50 692.73
210.00 661.14
210.50 771.53
211.00 714.59
211.50 705.21
212.00 693.95
212.50 692.32
213.00 802.21
213.50 821.64
214.00 711.59
214.50 727.78
215.00 759.59
215.50 740.76
216.00 688.45
216.50 694.57
217.00 759.84
217.50 744.04
218.00 744.66
218.50 721.48
219.00 735.02
219.50 784.02
220.00 720.79
220.50 731.41
221.00 768.44
221.50 737.44
222.00 768.53
222.50 739.55
223.00 691.11
223.50 730.16
224.00 735.10
224.50 737.95
225.00 761.05
225.50 753.93
226.00 22.78
226.50 13.57
227.00 3.77
227.50 28.25
228.00 348.86
228.50 10.20
229.00 7.10
229.50 0.00
230.00 10.86
230.50 15.16
231.00 178.78
231.50 12.87
232.00 15.79
232.50 19.18
233.00 542.40
233.50 577.69
234.00 716.85
234.50 681.32
235.00 0.00
235.50 723.16
236.00 746.62
236.50 770.98
237.00 721.94
237.50 749.22
238.00 785.29
238.50 768.99
239.00 697.18
239.50 725.02
240.00 766.20
240.50 753.93
241.00 738.64
241.50 750.14
242.00 777.46
242.50 697.14
243.00 762.86
243.50 723.03
244.00 657.83
244.50 811.64
245.00 709.13
245.50 861.49
246.00 815.88
246.50 740.68
247.00 709.17
247.50 554.30
248.00 121.13
248.50 638.43
249.00 580.03
249.50 631.37
250.00 754.83
250.50 740.03
251.00 790.30
251.50 756.60
252.00 796.52
252.50 710.11
253.00 692.12
253.50 743.31
254.00 747.30
254.50 745.08
255.00 867.92
255.50 685.85
256.00 747.75
256.50 746.61
257.00 5.82
257.50 733.61
258.00 370.63
258.50 9.31
259.00 595.90
259.50 484.07
260.00 319.82
260.50 13.90
261.00 27.95
261.50 553.08
262.00 10.66
262.50 204.74
263.00 715.00
263.50 510.84
264.00 160.26
264.50 423.40
265.00 727.71
265.50 691.17
266.00 693.55
266.50 767.29
267.00 716.77
267.50 698.65
268.00 220.12
268.50 813.04
269.00 797.47
269.50 900.00
270.00 756.23
270.50 865.78
271.00 805.33
271.50 764.01
272.00 748.65
272.50 715.05
273.00 805.49
273.50 764.01
274.00 738.66
274.50 813.75
275.00 691.98
275.50 800.37
276.00 855.45
276.50 682.26
277.00 778.80
277.50 720.98
278.00 718.18
278.50 840.55
279.00 686.48
279.50 573.45
280.00 722.27
280.50 717.66
281.00 776.83
281.50 764.93
282.00 733.56
282.50 742.77
283.00 778.55
283.50 677.41
284.00 762.60
284.50 684.03
285.00 718.67
285.50 737.23
286.00 740.43
286.50 797.95
287.00 726.92
287.50 725.41
288.00 724.33
288.50 747.84
289.00 783.74
289.50 689.78
290.00 693.37
290.50 758.44
291.00 652.01
291.50 742.87
292.00 697.85
292.50 727.35
293.00 847.83
293.50 713.41
294.00 745.00
294.50 728.37
295.00 728.56
295.50 177.06
296.00 711.46
296.50 798.18
297.00 777.21
297.50 782.92
298.00 716.73
298.50 728.93
299.00 704.78
299.50 799.16
