0.00 748.63
0.50 755.93
1.00 738.61
1.50 741.84
2.00 762.18
2.50 786.16
3.00 732.54
3.50 822.73
4.00 697.10
4.50 688.08
5.00 868.22
5.50 705.42
6.00 740.94
6.50 667.38
7.00 818.03
7.50 696.54
8.00 707.60
8.50 430.59
9.00 669.52
9.50 678.06
10.00 685.60
10.50 737.10
11.00 760.05
11.50 786.76
12.00 900.00
12.50 827.56
13.00 728.39
13.50 779.95
14.00 833.41
14.50 844.22
15.00 857.79
15.50 845.39
16.00 864.20
16.50 828.29
17.00 849.84
17.50 785.69
18.00 722.19
18.50 811.93
19.00 735.74
19.50 694.96
20.00 739.43
20.50 753.77
21.00 801.71
21.50 752.51
22.00 728.10
22.50 509.93
23.00 697.13
23.50 865.31
24.00 806.78
24.50 751.70
25.00 739.51
25.50 713.65
26.00 674.45
26.50 473.63
27.00 780.29
27.50 505.65
28.00 278.27
28.50 0.00
29.00 0.00
29.50 224.04
30.00 593.11
30.50 313.33
31.00 14.12
31.50 34.09
32.00 8.87
32.50 452.52
33.00 21.87
33.50 24.45
34.00 0.00
34.50 443.90
35.00 473.21
35.50 456.66
36.00 354.21
36.50 596.24
37.00 713.64
37.50 730.31
38.00 838.77
38.50 837.33
39.00 502.20
39.50 512.94
40.00 724.75
40.50 716.84
41.00 700.88
41.50 749.48
42.00 743.04
42.50 751.61
43.00 729.01
43.50 795.69
44.00 859.30
44.50 742.53
45.00 786.58
45.50 754.21
46.00 686.85
46.50 707.81
47.00 657.28
47.50 726.56
48.00 689.78
48.50 732.77
49.00 770.01
49.50 761.88
50.00 736.40
50.50 725.95
51.00 731.34
51.50 733.92
52.00 774.98
52.50 681.24
53.00 699.36
53.50 707.60
54.00 772.57
54.50 731.23
55.00 760.32
55.50 830.12
56.00 765.07
56.50 819.11
57.00 861.19
57.50 851.12
58.00 854.69
58.50 844.59
59.00 772.25
59.50 756.48
60.00 801.49
60.50 670.82
61.00 517.57
61.50 791.87
62.00 876.97
62.50 664.08
63.00 593.95
63.50 722.02
64.00 703.33
64.50 792.79
65.00 728.96
65.50 773.96
66.00 709.02
66.50 740.28
67.00 726.21
67.50 768.23
68.00 7.86
68.50 16.79
69.00 18.37
69.50 211.23
70.00 782.65
70.50 403.24
71.00 784.26
71.50 829.91
72.00 719.25
72.50 731.06
73.00 787.23
73.50 642.10
74.00 699.00
74.50 307.93
75.00 734.80
75.50 749.45
76.00 771.46
76.50 748.23
77.00 772.23
77.50 734.16
78.00 748.38
78.50 730.65
79.00 727.22
79.50 707.49
80.00 748.84
80.50 737.04
81.00 743.71
81.50 707.51
82.00 707.61
82.50 735.02
83.00 708.70
83.50 784.76
84.00 708.51
84.50 725.78
85.00 705.90
85.50 714.12
86.00 786.35
86.50 750.68
87.00 711.61
87.50 730.18
88.00 701.49
88.50 843.18
89.00 715.38
89.50 711.25
90.00 770.27
90.50 810.21
91.00 795.13
91.50 852.74
92.00 852.45
92.50 226.15
93.00 340.98
93.50 520.86
94.00 745.44
94.50 844.77
95.00 842.13
95.50 267.44
96.00 0.00
96.50 555.60
97.00 779.20
97.50 876.59
98.00 778.21
98.50 742.01
99.00 780.17
99.50 700.49
100.00 689.96
100.50 706.62
101.00 734.82
101.50 722.40
102.00 700.81
102.50 873.01
103.00 687.24
103.50 778.19
104.00 723.73
104.50 728.98
105.00 724.71
105.50 667.88
106.00 492.97
106.50 763.28
107.00 858.59
107.50 852.09
108.00 842.32
108.50 836.53
109.00 771.74
109.50 773.92
110.00 796.52
110.50 696.48
111.00 677.56
111.50 661.00
112.00 772.24
112.50 689.28
113.00 764.87
113.50 684.29
114.00 736.62
114.50 739.36
115.00 694.74
115.50 754.80
116.00 704.42
116.50 770.22
117.00 723.54
117.50 773.78
118.00 766.75
118.50 841.70
119.00 837.90
119.50 868.57
120.00 560.76
120.50 20.48
121.00 20.19
121.50 8.30
122.00 0.00
122.50 12.22
123.00 82.40
123.50 726.45
124.00 696.92
124.50 692.04
125.00 688.19
125.50 694.59
126.00 685.57
126.50 688.25
127.00 725.00
127.50 710.22
128.00 819.66
128.50 847.30
129.00 686.85
129.50 850.07
130.00 715.85
130.50 709.52
131.00 663.80
131.50 726.25
132.00 705.72
132.50 706.49
133.00 742.27
133.50 704.01
134.00 724.51
134.50 357.47
135.00 874.71
135.50 832.10
136.00 729.43
136.50 221.38
137.00 732.55
137.50 697.24
138.00 700.54
138.50 692.56
139.00 752.55
139.50 731.25
140.00 704.53
140.50 716.47
141.00 832.79
141.50 721.81
142.00 689.16
142.50 343.48
143.00 711.68
143.50 727.05
144.00 648.59
144.50 686.12
145.00 899.34
145.50 802.11
146.00 872.81
146.50 691.28
147.00 723.51
147.50 770.59
148.00 703.84
148.50 703.27
149.00 716.58
149.50 716.78
150.00 716.73
150.50 678.32
151.00 810.84
151.50 876.92
152.00 849.94
152.50 732.34
153.00 253.09
153.50 717.22
154.00 708.09
154.50 711.77
155.00 761.76
155.50 734.68
156.00 894.84
156.50 697.95
157.00 662.74
157.50 691.73
158.00 722.37
158.50 669.59
159.00 719.01
159.50 727.80
160.00 749.97
160.50 673.94
161.00 716.61
161.50 772.05
162.00 758.33
162.50 735.57
163.00 754.36
163.50 734.80
164.00 696.34
164.50 675.72
165.00 687.59
165.50 823.04
166.00 732.96
166.50 663.85
167.00 679.32
167.50 701.68
168.00 712.38
168.50 702.80
169.00 848.67
169.50 789.69
170.00 776.72
170.50 839.04
171.00 792.18
171.50 870.89
172.00 830.01
172.50 853.70
173.00 739.54
173.50 837.35
174.00 0.77
174.50 454.75
175.00 219.15
175.50 710.84
176.00 728.18
176.50 848.97
177.00 831.68
177.50 447.67
178.00 0.00
178.50 326.58
179.00 0.00
179.50 0.00
180.00 17.50
180.50 752.41
181.00 783.78
181.50 742.38
182.00 727.91
182.50 837.67
183.00 814.14
183.50 729.08
184.00 850.81
184.50 882.69
185.00 807.08
185.50 739.77
186.00 305.11
186.50 265.57
187.00 783.92
187.50 770.87
188.00 719.37
188.50 868.42
189.00 838.64
189.50 847.00
190.00 866.03
190.50 820.78
191.00 745.21
191.50 832.72
192.00 740.37
192.50 787.19
193.00 719.41
193.50 839.25
194.00 823.05
194.50 848.07
195.00 886.26
195.50 837.02
196.00 821.14
196.50 803.88
197.00 812.50
197.50 793.64
198.00 854.63
198.50 831.20
199.00 828.27
199.50 833.21
200.00 848.98
200.50 858.01
201.00 788.13
201.50 835.75
202.00 840.93
202.50 835.06
203.00 850.58
203.50 882.66
204.00 855.77
204.50 900.00
205.00 726.02
205.50 748.53
206.00 724.38
206.50 728.60
207.00 737.05
207.50 734.75
208.00 674.27
208.50 748.18
209.00 704.20
209.50 737.62
210.00 713.54
210.50 762.67
211.00 710.40
211.50 690.53
212.00 755.38
212.50 732.06
213.00 728.60
213.50 745.97
214.00 749.45
214.50 543.37
215.00 646.09
215.50 874.42
216.00 770.01
216.50 694.48
217.00 373.75
217.50 729.63
218.00 733.11
218.50 674.90
219.00 763.78
219.50 688.03
220.00 697.07
220.50 746.30
221.00 709.59
221.50 759.45
222.00 748.72
222.50 745.03
223.00 430.71
223.50 756.29
224.00 723.01
224.50 791.78
225.00 822.72
225.50 882.02
226.00 685.61
226.50 722.18
227.00 705.15
227.50 784.06
228.00 833.37
228.50 845.28
229.00 838.29
229.50 826.60
230.00 762.63
230.50 713.54
231.00 793.46
231.50 736.16
232.00 112.63
232.50 260.70
233.00 591.06
233.50 453.11
234.00 5.44
234.50 2.10
235.00 29.15
235.50 545.94
236.00 900.00
236.50 703.68
237.00 714.78
237.50 774.49
238.00 761.73
238.50 856.70
239.00 795.31
239.50 681.55
240.00 684.53
240.50 833.42
241.00 807.19
241.50 710.53
242.00 686.62
242.50 717.11
243.00 695.83
243.50 752.11
244.00 762.24
244.50 712.18
245.00 696.83
245.50 770.70
246.00 740.35
246.50 758.95
247.00 701.29
247.50 715.97
248.00 761.12
248.50 795.57
249.00 718.45
249.50 723.09
250.00 745.17
250.50 768.98
251.00 682.42
251.50 129.47
252.00 675.20
252.50 310.37
253.00 618.52
253.50 8.79
254.00 531.41
254.50 310.25
255.00 700.74
255.50 754.91
256.00 703.96
256.50 789.49
257.00 713.86
257.50 732.79
258.00 672.19
258.50 687.96
259.00 825.13
259.50 766.00
260.00 731.78
260.50 770.45
261.00 744.53
261.50 788.05
262.00 722.24
262.50 709.22
263.00 690.77
263.50 770.67
264.00 772.54
264.50 724.48
265.00 659.19
265.50 737.56
266.00 711.63
266.50 759.68
267.00 755.74
267.50 688.69
268.00 777.44
268.50 775.85
269.00 722.87
269.50 717.61
270.00 719.93
270.50 749.51
271.00 717.95
271.50 766.17
272.00 747.06
272.50 741.12
273.00 804.55
273.50 725.43
274.00 798.06
274.50 740.92
275.00 828.76
275.50 315.43
276.00 377.00
276.50 536.96
277.00 266.85
277.50 0.00
278.00 2.46
278.50 167.28
279.00 0.00
279.50 734.38
280.00 726.77
280.50 769.29
281.00 717.01
281.50 730.98
282.00 703.07
282.50 777.90
283.00 744.14
283.50 814.90
284.00 772.73
284.50 722.51
285.00 772.02
285.50 147.23
286.00 2.07
286.50 363.61
287.00 0.00
287.50 398.96
288.00 741.95
288.50 753.95
289.00 723.32
289.50 870.32
290.00 821.30
290.50 716.82
291.00 766.87
291.50 852.99
292.00 813.90
292.50 868.91
293.00 847.68
293.50 848.70
294.00 842.27
294.50 763.34
295.00 758.36
295.50 831.05
296.00 826.98
296.50 723.47
297.00 797.08
297.50 736.82
298.00 727.28
298.50 884.82
299.00 680.27
299.50 725.87
