0.00 753.29
0.50 745.92
1.00 731.20
1.50 737.70
2.00 818.17
2.50 810.68
3.00 785.59
3.50 797.59
4.00 739.88
4.50 818.15
5.00 732.25
5.50 125.22
6.00 2.56
6.50 277.80
7.00 400.88
7.50 689.78
8.00 786.38
8.50 763.78
9.00 722.29
9.50 858.69
10.00 770.87
10.50 820.92
11.00 812.81
11.50 840.62
12.00 483.71
12.50 15.63
13.00 8.26
13.50 0.00
14.00 247.54
14.50 14.05
15.00 0.00
15.50 0.00
16.00 330.67
16.50 173.78
17.00 263.15
17.50 732.53
18.00 711.83
18.50 708.28
19.00 728.09
19.50 760.95
20.00 727.58
20.50 766.97
21.00 731.10
21.50 686.87
22.00 767.89
22.50 727.88
23.00 727.61
23.50 697.94
24.00 772.16
24.50 709.60
25.00 699.40
25.50 694.33
26.00 711.10
26.50 274.44
27.00 14.90
27.50 0.00
28.00 4.03
28.50 475.25
29.00 584.31
29.50 14.13
30.00 266.41
30.50 417.04
31.00 0.00
31.50 9.59
32.00 0.00
32.50 726.52
33.00 744.16
33.50 776.78
34.00 663.08
34.50 731.54
35.00 755.64
35.50 759.24
36.00 705.86
36.50 725.82
37.00 713.09
37.50 738.84
38.00 713.09
38.50 712.97
39.00 659.02
39.50 640.61
40.00 235.36
40.50 543.56
41.00 673.82
41.50 809.66
42.00 726.16
42.50 693.60
43.00 738.88
43.50 265.13
44.00 266.51
44.50 729.69
45.00 749.85
45.50 697.61
46.00 722.49
46.50 668.96
47.00 746.23
47.50 875.62
48.00 858.25
48.50 768.22
49.00 772.69
49.50 758.23
50.00 775.70
50.50 721.40
51.00 773.66
51.50 840.17
52.00 701.94
52.50 750.93
53.00 375.89
53.50 762.92
54.00 739.63
54.50 712.34
55.00 156.98
55.50 389.51
56.00 665.88
56.50 838.74
57.00 699.43
57.50 695.79
58.00 718.69
58.50 703.22
59.00 711.90
59.50 757.28
60.00 765.17
60.50 728.40
61.00 632.90
61.50 821.28
62.00 704.21
62.50 767.02
63.00 778.04
63.50 651.38
64.00 351.83
64.50 7.90
65.00 0.00
65.50 4.29
66.00 9.33
66.50 23.66
67.00 409.17
67.50 436.36
68.00 431.61
68.50 87.12
69.00 65.40
69.50 119.27
70.00 491.82
70.50 717.52
71.00 763.86
71.50 4.25
72.00 146.02
72.50 255.16
73.00 650.69
73.50 842.89
74.00 872.17
74.50 746.15
75.00 665.94
75.50 745.87
76.00 759.26
76.50 799.14
77.00 753.12
77.50 826.30
78.00 850.73
78.50 851.00
79.00 828.08
79.50 840.96
80.00 854.45
80.50 848.61
81.00 749.20
81.50 667.15
82.00 684.26
82.50 844.12
83.00 820.15
83.50 711.48
84.00 787.41
84.50 714.25
85.00 715.86
85.50 752.62
86.00 751.72
86.50 689.34
87.00 690.00
87.50 717.32
88.00 681.81
88.50 692.89
89.00 791.66
89.50 819.85
90.00 752.40
90.50 772.33
91.00 864.56
91.50 484.73
92.00 665.71
92.50 698.23
93.00 707.46
93.50 724.70
94.00 860.82
94.50 728.30
95.00 771.84
95.50 723.69
96.00 740.97
96.50 718.60
97.00 787.40
97.50 782.70
98.00 700.35
98.50 690.47
99.00 900.00
99.50 802.53
100.00 732.14
100.50 696.94
101.00 819.76
101.50 691.50
102.00 808.94
102.50 798.60
103.00 698.95
103.50 768.26
104.00 744.77
104.50 724.96
105.00 782.34
105.50 735.00
106.00 716.23
106.50 755.17
107.00 750.59
107.50 789.92
108.00 707.19
108.50 771.16
109.00 736.49
109.50 777.96
110.00 752.24
110.50 755.14
111.00 743.28
111.50 744.49
112.00 736.09
112.50 743.01
113.00 678.93
113.50 675.67
114.00 476.66
114.50 710.90
115.00 738.99
115.50 665.00
116.00 716.65
116.50 695.78
117.00 547.05
117.50 699.85
118.00 693.55
118.50 831.10
119.00 722.17
119.50 750.03
120.00 724.43
120.50 732.86
121.00 689.50
121.50 829.07
122.00 862.19
122.50 703.62
123.00 462.23
123.50 720.16
124.00 756.96
124.50 695.48
125.00 700.14
125.50 732.40
126.00 612.04
126.50 161.01
127.00 766.17
127.50 829.33
128.00 804.07
128.50 743.95
129.00 690.87
129.50 693.10
130.00 688.72
130.50 770.55
131.00 851.24
131.50 845.70
132.00 849.46
132.50 525.81
133.00 211.12
133.50 281.47
134.00 584.86
134.50 732.70
135.00 789.25
135.50 463.24
136.00 702.89
136.50 766.34
137.00 765.97
137.50 723.38
138.00 833.65
138.50 791.03
139.00 836.04
139.50 832.90
140.00 785.59
140.50 690.34
141.00 730.22
141.50 637.57
142.00 642.93
142.50 774.15
143.00 819.51
143.50 782.12
144.00 758.40
144.50 733.36
145.00 702.60
145.50 688.65
146.00 746.76
146.50 715.78
147.00 751.93
147.50 750.00
148.00 749.70
148.50 676.35
149.00 696.93
149.50 1.55
150.00 373.36
150.50 751.07
151.00 782.28
151.50 760.04
152.00 698.70
152.50 851.43
153.00 486.34
153.50 4.07
154.00 546.72
154.50 15.23
155.00 801.56
155.50 775.90
156.00 798.67
156.50 716.34
157.00 887.79
157.50 693.19
158.00 802.31
158.50 698.08
159.00 795.87
159.50 853.80
160.00 689.76
160.50 674.06
161.00 772.14
161.50 692.99
162.00 666.12
162.50 838.18
163.00 799.42
163.50 900.00
164.00 735.97
164.50 710.75
165.00 695.50
165.50 705.48
166.00 804.27
166.50 706.13
167.00 688.33
167.50 797.80
168.00 759.31
168.50 723.30
169.00 743.01
169.50 775.13
170.00 699.20
170.50 717.37
171.00 878.02
171.50 721.69
172.00 811.31
172.50 830.22
173.00 729.60
173.50 706.00
174.00 675.17
174.50 424.64
175.00 741.73
175.50 712.24
176.00 700.09
176.50 111.42
177.00 793.19
177.50 778.35
178.00 729.47
178.50 759.67
179.00 392.54
179.50 436.88
180.00 475.47
180.50 664.01
181.00 849.49
181.50 745.46
182.00 778.91
182.50 753.60
183.00 768.29
183.50 693.58
184.00 737.05
184.50 661.01
185.00 732.39
185.50 706.95
186.00 712.80
186.50 799.95
187.00 635.09
187.50 713.83
188.00 793.38
188.50 673.76
189.00 826.37
189.50 740.64
190.00 754.96
190.50 764.81
191.00 699.98
191.50 685.77
192.00 731.14
192.50 713.27
193.00 859.11
193.50 693.86
194.00 710.14
194.50 757.15
195.00 717.31
195.50 695.71
196.00 805.60
196.50 291.19
197.00 705.35
197.50 750.18
198.00 694.31
198.50 734.38
199.00 705.22
199.50 730.61
200.00 698.87
200.50 716.70
201.00 706.00
201.50 720.60
202.00 706.90
202.50 686.60
203.00 811.98
203.50 711.42
204.00 705.60
204.50 791.48
205.00 469.90
205.50 717.86
206.00 709.95
206.50 859.86
207.00 829.04
207.50 781.11
208.00 681.54
208.50 147.67
209.00 471.28
209.50 305.64
210.00 900.00
210.50 689.11
211.00 693.64
211.50 726.89
212.00 698.02
212.50 724.75
213.00 735.38
213.50 733.82
214.00 781.59
214.50 724.17
215.00 652.49
215.50 713.18
216.00 709.53
216.50 725.03
217.00 665.64
217.50 675.30
218.00 711.64
218.50 371.68
219.00 673.56
219.50 695.77
220.00 702.34
220.50 654.65
221.00 900.00
221.50 367.15
222.00 301.38
222.50 674.94
223.00 432.90
223.50 721.45
224.00 687.68
224.50 707.87
225.00 873.88
225.50 748.84
226.00 714.04
226.50 817.17
227.00 836.44
227.50 845.51
228.00 728.12
228.50 765.52
229.00 744.18
229.50 721.50
230.00 723.03
230.50 750.44
231.00 833.05
231.50 713.56
232.00 729.99
232.50 748.66
233.00 821.72
233.50 868.13
234.00 841.74
234.50 713.44
235.00 718.58
235.50 734.63
236.00 718.50
236.50 705.59
237.00 722.91
237.50 714.22
238.00 766.68
238.50 300.84
239.00 0.00
239.50 16.37
240.00 10.41
240.50 17.73
241.00 701.54
241.50 709.37
242.00 727.21
242.50 727.52
243.00 694.21
243.50 763.77
244.00 694.38
244.50 659.66
245.00 738.78
245.50 180.25
246.00 724.34
246.50 714.51
247.00 709.16
247.50 659.00
248.00 721.29
248.50 747.87
249.00 727.72
249.50 801.52
250.00 757.60
250.50 706.69
251.00 637.86
251.50 660.82
252.00 794.91
252.50 841.75
253.00 664.86
253.50 537.58
254.00 686.51
254.50 781.90
255.00 699.31
255.50 798.43
256.00 775.59
256.50 709.62
257.00 727.79
257.50 801.55
258.00 702.81
258.50 687.36
259.00 830.45
259.50 688.21
260.00 744.16
260.50 714.19
261.00 659.61
261.50 666.93
262.00 742.61
262.50 889.45
263.00 859.02
263.50 701.34
264.00 731.80
264.50 695.46
265.00 729.54
265.50 724.97
266.00 870.17
266.50 701.26
267.00 720.69
267.50 762.88
268.00 796.46
268.50 763.04
269.00 729.36
269.50 717.64
270.00 832.00
270.50 749.74
271.00 747.79
271.50 711.21
272.00 548.88
272.50 0.00
273.00 23.04
273.50 695.48
274.00 712.76
274.50 737.78
275.00 746.75
275.50 743.72
276.00 714.77
276.50 750.47
277.00 685.31
277.50 718.45
278.00 678.86
278.50 689.30
279.00 398.79
279.50 731.41
280.00 869.19
280.50 805.25
281.00 726.37
281.50 755.03
282.00 747.51
282.50 758.78
283.00 762.07
283.50 859.20
284.00 851.24
284.50 161.68
285.00 573.55
285.50 714.41
286.00 827.54
286.50 795.96
287.00 869.97
287.50 823.83
288.00 704.38
288.50 730.19
289.00 789.35
289.50 676.07
290.00 740.59
290.50 803.08
291.00 736.78
291.50 711.46
292.00 673.16
292.50 251.65
293.00 9.53
293.50 4.15
294.00 2.80
294.50 7.17
295.00 228.15
295.50 337.26
296.00 438.13
296.50 338.91
297.00 786.04
297.50 750.73
298.00 676.63
298.50 696.96
299.00 694.57
299.50 777.89
