0.00 765.99
0.50 690.88
1.00 740.14
1.50 782.04
2.00 754.31
2.50 705.09
3.00 727.03
3.50 660.37
4.00 723.64
4.50 711.11
5.00 760.52
5.50 720.44
6.00 746.21
6.50 723.81
7.00 717.84
7.50 4.74
8.00 24.51
8.50 7.29
9.00 6.49
9.50 763.37
10.00 728.37
10.50 742.79
11.00 802.04
11.50 167.43
12.00 0.00
12.50 385.03
13.00 20.69
13.50 27.09
14.00 722.75
14.50 726.28
15.00 753.26
15.50 677.65
16.00 749.68
16.50 683.06
17.00 579.71
17.50 494.47
18.00 17.67
18.50 595.35
19.00 697.51
19.50 758.64
20.00 713.84
20.50 752.84
21.00 660.66
21.50 689.30
22.00 689.77
22.50 697.48
23.00 753.70
23.50 352.92
24.00 364.39
24.50 874.18
25.00 481.36
25.50 404.13
26.00 761.39
26.50 775.19
27.00 701.03
27.50 660.69
28.00 4.25
28.50 5.28
29.00 7.37
29.50 15.50
30.00 439.79
30.50 739.61
31.00 797.13
31.50 687.82
32.00 810.75
32.50 496.06
33.00 804.70
33.50 837.52
34.00 844.22
34.50 837.86
35.00 833.50
35.50 767.17
36.00 666.88
36.50 744.02
37.00 851.74
37.50 708.70
38.00 18.97
38.50 0.73
39.00 488.12
39.50 335.73
40.00 770.91
40.50 863.78
41.00 482.97
41.50 356.18
42.00 760.70
42.50 891.68
43.00 699.82
43.50 701.08
44.00 739.12
44.50 634.15
45.00 648.03
45.50 682.03
46.00 745.29
46.50 660.45
47.00 738.44
47.50 810.82
48.00 770.41
48.50 778.96
49.00 753.67
49.50 710.08
50.00 316.41
50.50 13.11
51.00 10.30
51.50 7.13
52.00 557.28
52.50 63.72
53.00 752.64
53.50 299.71
54.00 824.74
54.50 695.57
55.00 781.04
55.50 776.37
56.00 761.54
56.50 719.08
57.00 718.86
57.50 735.39
58.00 721.24
58.50 770.96
59.00 685.05
59.50 761.69
60.00 900.00
60.50 800.15
61.00 783.57
61.50 840.69
62.00 802.42
62.50 760.60
63.00 719.10
63.50 708.48
64.00 741.16
64.50 705.93
65.00 735.89
65.50 737.71
66.00 764.34
66.50 751.67
67.00 883.97
67.50 287.85
68.00 841.52
68.50 755.16
69.00 379.19
69.50 693.71
70.00 737.28
70.50 868.66
71.00 820.81
71.50 832.90
72.00 694.24
72.50 348.18
73.00 714.12
73.50 705.97
74.00 698.56
74.50 709.87
75.00 722.71
75.50 695.10
76.00 737.69
76.50 820.45
77.00 749.60
77.50 716.96
78.00 749.05
78.50 831.63
79.00 754.64
79.50 773.97
80.00 674.65
80.50 749.32
81.00 716.38
81.50 769.46
82.00 823.23
82.50 696.93
83.00 758.71
83.50 726.74
84.00 653.97
84.50 690.35
85.00 749.78
85.50 739.20
86.00 697.39
86.50 693.38
87.00 674.93
87.50 781.52
88.00 715.56
88.50 730.54
89.00 732.90
89.50 790.87
90.00 851.28
90.50 750.72
91.00 729.11
91.50 869.99
92.00 691.12
92.50 737.84
93.00 712.91
93.50 704.24
94.00 690.92
94.50 752.51
95.00 735.17
95.50 827.39
96.00 823.43
96.50 725.45
97.00 725.67
97.50 881.60
98.00 786.87
98.50 741.76
99.00 746.61
99.50 762.16
100.00 763.78
100.50 722.13
101.00 730.68
101.50 733.54
102.00 748.59
102.50 706.90
103.00 730.92
103.50 778.63
104.00 734.15
104.50 813.40
105.00 738.31
105.50 717.80
106.00 751.42
106.50 695.64
107.00 735.77
107.50 746.31
108.00 704.81
108.50 726.99
109.00 773.78
109.50 777.64
110.00 723.83
110.50 649.84
111.00 724.12
111.50 807.58
112.00 725.43
112.50 760.60
113.00 724.28
113.50 727.75
114.00 792.08
114.50 781.10
115.00 704.52
115.50 757.71
116.00 726.49
116.50 757.02
117.00 668.35
117.50 704.95
118.00 749.29
118.50 706.63
119.00 755.52
119.50 717.90
120.00 778.11
120.50 713.42
121.00 761.57
121.50 850.63
122.00 862.85
122.50 797.03
123.00 849.09
123.50 727.48
124.00 776.14
124.50 186.02
125.00 373.46
125.50 586.32
126.00 227.46
126.50 643.38
127.00 705.47
127.50 747.96
128.00 685.03
128.50 841.31
129.00 834.42
129.50 744.20
130.00 863.39
130.50 827.74
131.00 839.07
131.50 878.34
132.00 809.36
132.50 834.11
133.00 773.59
133.50 690.98
134.00 694.39
134.50 822.91
135.00 818.50
135.50 831.61
136.00 825.41
136.50 753.45
137.00 692.10
137.50 533.44
138.00 731.94
138.50 699.02
139.00 692.42
139.50 706.12
140.00 723.93
140.50 722.16
141.00 704.42
141.50 695.08
142.00 746.47
142.50 769.31
143.00 516.80
143.50 700.06
144.00 712.96
144.50 825.27
145.00 794.85
145.50 838.31
146.00 759.45
146.50 749.18
147.00 205.19
147.50 0.00
148.00 27.76
148.50 437.97
149.00 562.52
149.50 25.13
150.00 0.00
150.50 0.00
151.00 73.43
151.50 694.18
152.00 720.68
152.50 695.27
153.00 738.39
153.50 731.60
154.00 794.93
154.50 900.00
155.00 691.78
155.50 845.17
156.00 685.65
156.50 719.99
157.00 680.77
157.50 600.50
158.00 740.93
158.50 819.29
159.00 788.23
159.50 796.62
160.00 776.14
160.50 867.51
161.00 728.23
161.50 864.63
162.00 802.90
162.50 786.29
163.00 758.92
163.50 695.33
164.00 691.53
164.50 785.11
165.00 870.00
165.50 848.90
166.00 776.91
166.50 776.98
167.00 645.54
167.50 900.00
168.00 682.49
168.50 705.54
169.00 764.42
169.50 785.45
170.00 794.79
170.50 778.06
171.00 709.18
171.50 772.33
172.00 824.77
172.50 853.01
173.00 858.03
173.50 713.16
174.00 756.44
174.50 718.76
175.00 682.96
175.50 836.85
176.00 807.01
176.50 671.96
177.00 756.77
177.50 708.08
178.00 721.87
178.50 747.36
179.00 691.31
179.50 871.03
180.00 844.73
180.50 838.11
181.00 832.40
181.50 798.10
182.00 774.50
182.50 716.62
183.00 801.03
183.50 732.85
184.00 366.89
184.50 640.81
185.00 683.30
185.50 673.13
186.00 714.69
186.50 826.09
187.00 761.11
187.50 819.77
188.00 766.16
188.50 708.87
189.00 733.70
189.50 786.59
190.00 729.06
190.50 839.08
191.00 751.73
191.50 771.01
192.00 778.38
192.50 724.30
193.00 747.43
193.50 749.75
194.00 740.27
194.50 319.30
195.00 694.52
195.50 856.87
196.00 843.32
196.50 835.75
197.00 696.42
197.50 112.37
198.00 800.00
198.50 189.59
199.00 0.65
199.50 482.19
200.00 657.49
200.50 681.48
201.00 704.30
201.50 720.25
202.00 680.49
202.50 840.10
203.00 788.48
203.50 805.73
204.00 744.19
204.50 720.04
205.00 763.80
205.50 762.25
206.00 718.30
206.50 763.73
207.00 765.39
207.50 683.58
208.00 785.75
208.50 767.42
209.00 792.24
209.50 724.97
210.00 670.28
210.50 703.09
211.00 751.71
211.50 750.48
212.00 804.77
212.50 757.22
213.00 720.34
213.50 720.20
214.00 703.95
214.50 735.01
215.00 749.98
215.50 739.55
216.00 733.19
216.50 729.28
217.00 681.58
217.50 730.31
218.00 764.19
218.50 494.12
219.00 426.68
219.50 690.02
220.00 572.65
220.50 396.20
221.00 667.79
221.50 839.94
222.00 816.33
222.50 854.39
223.00 565.13
223.50 21.16
224.00 20.03
224.50 308.79
225.00 892.56
225.50 726.52
226.00 699.74
226.50 674.23
227.00 728.67
227.50 847.59
228.00 713.03
228.50 658.21
229.00 718.68
229.50 748.98
230.00 805.69
230.50 739.82
231.00 822.59
231.50 497.15
232.00 756.19
232.50 806.22
233.00 776.79
233.50 777.11
234.00 646.58
234.50 767.69
235.00 653.33
235.50 582.38
236.00 702.09
236.50 655.48
237.00 759.25
237.50 838.50
238.00 208.18
238.50 749.88
239.00 749.45
239.50 686.64
240.00 797.74
240.50 704.87
241.00 664.23
241.50 664.38
242.00 760.61
242.50 782.55
243.00 719.51
243.50 717.54
244.00 811.17
244.50 724.61
245.00 881.34
245.50 697.65
246.00 733.63
246.50 624.25
247.00 98.56
247.50 667.61
248.00 846.37
248.50 722.64
249.00 769.75
249.50 793.88
250.00 733.68
250.50 757.44
251.00 733.49
251.50 659.86
252.00 715.62
252.50 737.33
253.00 843.69
253.50 739.38
254.00 830.41
254.50 847.89
255.00 623.98
255.50 793.53
256.00 769.74
256.50 690.24
257.00 860.34
257.50 694.73
258.00 752.80
258.50 785.13
259.00 787.06
259.50 730.47
260.00 741.77
260.50 678.15
261.00 219.31
261.50 824.15
262.00 713.38
262.50 699.41
263.00 684.17
263.50 709.85
264.00 771.13
264.50 432.10
265.00 682.86
265.50 705.78
266.00 713.87
266.50 703.48
267.00 735.75
267.50 22.48
268.00 607.48
268.50 667.69
269.00 727.59
269.50 712.37
270.00 707.60
270.50 737.44
271.00 845.31
271.50 766.85
272.00 775.86
272.50 707.43
273.00 713.52
273.50 309.80
274.00 849.29
274.50 790.36
275.00 719.50
275.50 792.57
276.00 750.50
276.50 678.19
277.00 752.58
277.50 859.54
278.00 834.65
278.50 824.95
279.00 860.34
279.50 839.16
280.00 852.92
280.50 875.77
281.00 794.48
281.50 797.09
282.00 763.76
282.50 779.38
283.00 753.38
283.50 755.91
284.00 702.32
284.50 713.06
285.00 736.84
285.50 674.40
286.00 716.19
286.50 748.87
287.00 752.13
287.50 765.24
288.00 710.17
288.50 761.03
289.00 763.41
289.50 690.77
290.00 715.05
290.50 743.01
291.00 746.75
291.50 674.60
292.00 730.23
292.50 711.43
293.00 833.12
293.50 634.83
294.00 746.16
294.50 747.22
295.00 675.40
295.50 774.92
296.00 663.52
296.50 866.69
297.00 849.20
297.50 872.34
298.00 695.26
298.50 659.55
299.00 709.39
299.50 713.35
