0.00 751.05
0.50 777.13
1.00 752.65
1.50 670.01
2.00 694.76
2.50 814.32
3.00 302.14
3.50 654.08
4.00 696.81
4.50 354.15
5.00 0.00
5.50 205.42
6.00 732.38
6.50 683.37
7.00 711.91
7.50 677.08
8.00 796.73
8.50 792.10
9.00 708.23
9.50 670.41
10.00 756.56
10.50 755.90
11.00 697.96
11.50 734.30
12.00 721.96
12.50 711.17
13.00 695.14
13.50 717.07
14.00 728.55
14.50 751.90
15.00 726.41
15.50 731.90
16.00 782.71
16.50 718.33
17.00 786.91
17.50 791.32
18.00 764.17
18.50 684.67
19.00 759.44
19.50 721.82
20.00 727.38
20.50 713.30
21.00 786.14
21.50 740.34
22.00 848.45
22.50 811.98
23.00 889.36
23.50 844.68
24.00 831.03
24.50 859.69
25.00 697.07
25.50 757.94
26.00 710.75
26.50 825.03
27.00 694.65
27.50 742.73
28.00 734.25
28.50 682.30
29.00 735.54
29.50 715.11
30.00 623.68
30.50 757.54
31.00 688.96
31.50 821.15
32.00 724.60
32.50 705.56
33.00 756.27
33.50 742.10
34.00 700.16
34.50 697.97
35.00 710.49
35.50 283.68
36.00 654.39
36.50 710.75
37.00 699.34
37.50 783.67
38.00 872.33
38.50 686.69
39.00 810.27
39.50 700.55
40.00 748.76
40.50 790.11
41.00 710.68
41.50 722.24
42.00 740.43
42.50 785.13
43.00 716.71
43.50 829.01
44.00 811.73
44.50 840.48
45.00 863.93
45.50 744.10
46.00 735.15
46.50 765.09
47.00 337.61
47.50 801.42
48.00 647.38
48.50 484.00
49.00 331.05
49.50 320.11
50.00 232.49
50.50 0.00
51.00 625.82
51.50 642.49
52.00 686.47
52.50 177.08
53.00 472.52
53.50 870.50
54.00 692.72
54.50 767.99
55.00 835.26
55.50 714.31
56.00 731.01
56.50 366.48
57.00 28.31
57.50 14.53
58.00 10.30
58.50 408.20
59.00 734.88
59.50 815.06
60.00 867.69
60.50 753.18
61.00 845.00
61.50 832.72
62.00 765.54
62.50 701.14
63.00 758.16
63.50 718.69
64.00 798.97
64.50 729.17
65.00 831.35
65.50 730.56
66.00 720.17
66.50 97.24
67.00 530.07
67.50 756.39
68.00 754.80
68.50 734.97
69.00 737.35
69.50 752.21
70.00 721.20
70.50 733.41
71.00 738.87
71.50 781.07
72.00 716.63
72.50 742.88
73.00 801.70
73.50 900.00
74.00 896.29
74.50 714.06
75.00 726.62
75.50 710.23
76.00 834.39
76.50 702.67
77.00 786.56
77.50 816.89
78.00 733.88
78.50 826.07
79.00 690.42
79.50 794.87
80.00 754.62
80.50 896.04
81.00 826.34
81.50 716.91
82.00 688.89
82.50 814.38
83.00 850.64
83.50 764.19
84.00 813.36
84.50 734.00
85.00 488.89
85.50 338.93
86.00 724.47
86.50 732.80
87.00 711.62
87.50 697.40
88.00 740.97
88.50 829.19
89.00 733.07
89.50 703.02
90.00 681.85
90.50 822.51
91.00 707.62
91.50 716.13
92.00 894.16
92.50 751.58
93.00 722.60
93.50 771.84
94.00 669.16
94.50 706.87
95.00 514.35
95.50 900.00
96.00 834.57
96.50 835.45
97.00 799.76
97.50 768.63
98.00 743.80
98.50 717.56
99.00 720.37
99.50 718.77
100.00 714.15
100.50 817.83
101.00 739.75
101.50 742.67
102.00 724.68
102.50 865.61
103.00 791.94
103.50 786.95
104.00 695.51
104.50 833.87
105.00 841.80
105.50 776.03
106.00 812.52
106.50 808.04
107.00 734.30
107.50 718.45
108.00 727.59
108.50 723.32
109.00 789.44
109.50 822.91
110.00 900.00
110.50 733.23
111.00 886.79
111.50 771.72
112.00 827.90
112.50 736.14
113.00 701.78
113.50 438.86
114.00 749.79
114.50 753.92
115.00 712.67
115.50 727.16
116.00 728.38
116.50 760.24
117.00 759.36
117.50 767.55
118.00 731.21
118.50 715.57
119.00 848.11
119.50 807.43
120.00 856.76
120.50 826.56
121.00 392.54
121.50 735.90
122.00 686.18
122.50 737.23
123.00 744.78
123.50 766.48
124.00 736.41
124.50 759.72
125.00 807.50
125.50 769.39
126.00 761.29
126.50 739.12
127.00 742.46
127.50 756.22
128.00 729.78
128.50 727.53
129.00 686.05
129.50 750.04
130.00 767.53
130.50 693.60
131.00 748.21
131.50 725.53
132.00 778.81
132.50 733.12
133.00 737.27
133.50 748.98
134.00 686.09
134.50 869.05
135.00 870.99
135.50 748.72
136.00 805.66
136.50 782.61
137.00 782.47
137.50 900.00
138.00 734.36
138.50 715.34
139.00 685.34
139.50 736.04
140.00 697.12
140.50 690.69
141.00 734.50
141.50 822.86
142.00 677.49
142.50 717.70
143.00 708.87
143.50 815.58
144.00 744.26
144.50 757.99
145.00 747.21
145.50 754.10
146.00 704.16
146.50 686.72
147.00 698.99
147.50 756.87
148.00 699.82
148.50 702.19
149.00 750.59
149.50 735.25
150.00 779.84
150.50 729.29
151.00 724.50
151.50 748.04
152.00 698.04
152.50 686.85
153.00 810.93
153.50 702.83
154.00 829.69
154.50 839.18
155.00 832.21
155.50 854.94
156.00 842.37
156.50 857.98
157.00 806.94
157.50 660.31
158.00 737.94
158.50 825.42
159.00 875.04
159.50 746.73
160.00 810.10
160.50 820.41
161.00 733.06
161.50 824.03
162.00 837.47
162.50 769.36
163.00 718.67
163.50 733.73
164.00 743.29
164.50 233.59
165.00 269.37
165.50 691.84
166.00 711.75
166.50 689.23
167.00 713.66
167.50 815.73
168.00 768.02
168.50 729.01
169.00 696.38
169.50 302.97
170.00 9.82
170.50 491.19
171.00 7.37
171.50 24.49
172.00 19.50
172.50 583.80
173.00 272.25
173.50 826.74
174.00 769.95
174.50 771.00
175.00 746.44
175.50 845.18
176.00 867.78
176.50 840.10
177.00 833.00
177.50 470.13
178.00 416.56
178.50 679.69
179.00 733.87
179.50 724.49
180.00 588.77
180.50 573.84
181.00 320.45
181.50 684.91
182.00 325.53
182.50 658.46
183.00 428.50
183.50 320.15
184.00 155.02
184.50 839.97
185.00 804.05
185.50 864.02
186.00 762.48
186.50 87.18
187.00 359.34
187.50 209.77
188.00 0.00
188.50 783.08
189.00 698.31
189.50 585.99
190.00 125.19
190.50 468.85
191.00 397.53
191.50 590.00
192.00 703.66
192.50 721.70
193.00 741.95
193.50 789.79
194.00 740.32
194.50 628.61
195.00 732.13
195.50 703.46
196.00 867.99
196.50 868.82
197.00 873.00
197.50 862.81
198.00 866.80
198.50 822.70
199.00 827.64
199.50 815.67
200.00 846.20
200.50 718.64
201.00 761.51
201.50 229.99
202.00 751.91
202.50 786.70
203.00 720.70
203.50 734.02
204.00 693.47
204.50 842.50
205.00 828.28
205.50 714.98
206.00 727.18
206.50 739.39
207.00 723.93
207.50 696.78
208.00 241.68
208.50 731.70
209.00 727.08
209.50 636.92
210.00 508.23
210.50 17.12
211.00 5.66
211.50 125.41
212.00 390.79
212.50 749.19
213.00 834.24
213.50 805.45
214.00 829.12
214.50 761.19
215.00 176.88
215.50 342.39
216.00 299.02
216.50 196.06
217.00 8.90
217.50 0.00
218.00 5.78
218.50 2.15
219.00 2.74
219.50 7.02
220.00 3.94
220.50 8.41
221.00 17.23
221.50 43.14
222.00 161.82
222.50 57.09
223.00 873.42
223.50 699.84
224.00 716.72
224.50 675.98
225.00 712.70
225.50 887.34
226.00 814.86
226.50 728.95
227.00 783.08
227.50 720.03
228.00 758.75
228.50 705.51
229.00 847.63
229.50 712.26
230.00 744.43
230.50 731.73
231.00 721.75
231.50 764.86
232.00 685.62
232.50 690.56
233.00 707.36
233.50 766.50
234.00 765.49
234.50 711.50
235.00 783.04
235.50 751.59
236.00 748.25
236.50 745.87
237.00 712.14
237.50 708.05
238.00 678.00
238.50 738.43
239.00 716.08
239.50 755.72
240.00 724.83
240.50 760.44
241.00 775.20
241.50 802.20
242.00 725.42
242.50 741.73
243.00 569.45
243.50 700.09
244.00 660.92
244.50 853.38
245.00 724.74
245.50 753.66
246.00 816.27
246.50 693.74
247.00 709.57
247.50 697.33
248.00 705.99
248.50 686.44
249.00 724.63
249.50 772.91
250.00 720.30
250.50 773.31
251.00 881.65
251.50 829.84
252.00 841.65
252.50 765.80
253.00 496.17
253.50 363.49
254.00 0.00
254.50 785.61
255.00 758.00
255.50 744.73
256.00 673.79
256.50 654.49
257.00 759.11
257.50 772.75
258.00 715.21
258.50 346.99
259.00 669.00
259.50 12.15
260.00 418.46
260.50 0.00
261.00 269.72
261.50 564.78
262.00 851.03
262.50 838.60
263.00 850.93
263.50 846.79
264.00 169.81
264.50 863.66
265.00 824.59
265.50 860.48
266.00 854.67
266.50 868.32
267.00 885.53
267.50 888.68
268.00 856.29
268.50 818.30
269.00 835.56
269.50 848.32
270.00 702.10
270.50 677.21
271.00 708.19
271.50 712.85
272.00 723.58
272.50 706.76
273.00 720.93
273.50 713.08
274.00 724.96
274.50 754.90
275.00 712.89
275.50 726.46
276.00 690.87
276.50 703.21
277.00 710.98
277.50 729.39
278.00 724.01
278.50 740.65
279.00 713.11
279.50 672.41
280.00 716.85
280.50 702.39
281.00 900.00
281.50 694.51
282.00 698.48
282.50 704.36
283.00 822.88
283.50 708.52
284.00 701.21
284.50 718.23
285.00 681.40
285.50 693.27
286.00 739.05
286.50 875.72
287.00 744.73
287.50 732.43
288.00 569.20
288.50 727.85
289.00 783.75
289.50 865.32
290.00 798.41
290.50 698.71
291.00 690.32
291.50 748.64
292.00 782.69
292.50 680.20
293.00 769.29
293.50 696.62
294.00 712.38
294.50 722.84
295.00 692.93
295.50 757.56
296.00 754.66
296.50 700.42
297.00 777.25
297.50 787.37
298.00 690.63
298.50 665.40
299.00 746.22
299.50 807.05
