0.00 682.78
0.50 785.54
1.00 747.15
1.50 843.94
2.00 815.71
2.50 702.17
3.00 867.09
3.50 711.58
4.00 810.50
4.50 745.95
5.00 828.05
5.50 900.00
6.00 856.20
6.50 852.64
7.00 701.43
7.50 731.04
8.00 767.48
8.50 814.99
9.00 713.69
9.50 691.57
10.00 737.94
10.50 750.97
11.00 702.49
11.50 862.46
12.00 724.65
12.50 723.38
13.00 702.93
13.50 691.83
14.00 714.41
14.50 800.91
15.00 704.15
15.50 694.89
16.00 0.00
16.50 22.59
17.00 0.00
17.50 676.96
18.00 763.43
18.50 720.59
19.00 755.84
19.50 724.66
20.00 745.46
20.50 743.45
21.00 731.86
21.50 531.01
22.00 257.94
22.50 834.12
23.00 241.14
23.50 745.12
24.00 558.84
24.50 557.56
25.00 388.32
25.50 47.34
26.00 718.47
26.50 784.09
27.00 761.28
27.50 703.91
28.00 744.49
28.50 875.48
29.00 719.32
29.50 804.22
30.00 742.68
30.50 764.88
31.00 726.97
31.50 708.94
32.00 748.99
32.50 693.78
33.00 711.78
33.50 727.38
34.00 754.22
34.50 742.66
35.00 785.75
35.50 688.26
36.00 725.58
36.50 743.47
37.00 774.92
37.50 717.58
38.00 746.92
38.50 727.61
39.00 756.34
39.50 728.64
40.00 782.72
40.50 693.11
41.00 791.15
41.50 743.51
42.00 674.88
42.50 739.35
43.00 788.99
43.50 728.47
44.00 726.54
44.50 712.65
45.00 787.34
45.50 670.23
46.00 730.77
46.50 738.50
47.00 712.72
47.50 690.60
48.00 842.35
48.50 737.24
49.00 689.20
49.50 709.51
50.00 756.12
50.50 704.02
51.00 721.93
51.50 723.31
52.00 791.93
52.50 744.63
53.00 715.33
53.50 727.51
54.00 821.27
54.50 851.67
55.00 686.38
55.50 722.88
56.00 746.61
56.50 820.13
57.00 798.64
57.50 763.33
58.00 781.09
58.50 722.26
59.00 689.16
59.50 671.35
60.00 685.86
60.50 742.17
61.00 692.50
61.50 699.07
62.00 684.22
62.50 766.73
63.00 840.10
63.50 784.11
64.00 696.40
64.50 684.29
65.00 781.89
65.50 672.12
66.00 720.86
66.50 816.01
67.00 732.72
67.50 763.97
68.00 723.65
68.50 808.18
69.00 478.74
69.50 718.97
70.00 696.58
70.50 716.47
71.00 755.63
71.50 614.71
72.00 820.57
72.50 513.81
73.00 3.96
73.50 11.18
74.00 741.58
74.50 601.99
75.00 765.51
75.50 710.28
76.00 759.25
76.50 759.31
77.00 718.68
77.50 757.56
78.00 752.63
78.50 753.41
79.00 798.51
79.50 696.66
80.00 697.58
80.50 721.64
81.00 771.97
81.50 723.05
82.00 422.05
82.50 434.67
83.00 742.02
83.50 718.76
84.00 731.77
84.50 737.35
85.00 564.91
85.50 683.56
86.00 698.51
86.50 683.52
87.00 820.14
87.50 712.70
88.00 672.15
88.50 847.76
89.00 703.55
89.50 714.12
90.00 709.85
90.50 685.19
91.00 736.10
91.50 721.62
92.00 748.31
92.50 710.54
93.00 751.14
93.50 707.07
94.00 757.24
94.50 709.57
95.00 735.53
95.50 681.39
96.00 259.96
96.50 468.99
97.00 722.97
97.50 102.28
98.00 685.82
98.50 716.91
99.00 732.88
99.50 863.74
100.00 758.79
100.50 752.99
101.00 731.10
101.50 726.20
102.00 697.93
102.50 739.72
103.00 700.86
103.50 706.33
104.00 696.67
104.50 712.28
105.00 721.48
105.50 781.91
106.00 713.51
106.50 720.93
107.00 747.10
107.50 720.81
108.00 765.95
108.50 741.60
109.00 713.31
109.50 842.01
110.00 820.62
110.50 455.62
111.00 375.45
111.50 344.77
112.00 0.00
112.50 65.20
113.00 177.00
113.50 58.77
114.00 521.04
114.50 8.45
115.00 0.20
115.50 336.52
116.00 5.98
116.50 6.20
117.00 38.40
117.50 7.30
118.00 0.00
118.50 752.92
119.00 664.11
119.50 838.83
120.00 731.08
120.50 790.96
121.00 749.09
121.50 688.14
122.00 765.72
122.50 741.80
123.00 717.61
123.50 861.41
124.00 869.62
124.50 279.44
125.00 244.54
125.50 91.36
126.00 777.39
126.50 833.22
127.00 803.76
127.50 808.31
128.00 677.21
128.50 891.26
129.00 755.15
129.50 747.31
130.00 777.36
130.50 787.43
131.00 741.28
131.50 710.26
132.00 771.83
132.50 759.57
133.00 794.96
133.50 749.55
134.00 818.15
134.50 284.41
135.00 317.68
135.50 13.19
136.00 443.82
136.50 325.80
137.00 702.80
137.50 848.52
138.00 76.30
138.50 0.00
139.00 414.17
139.50 324.11
140.00 25.84
140.50 26.16
141.00 421.38
141.50 700.83
142.00 697.04
142.50 776.32
143.00 736.54
143.50 734.25
144.00 398.11
144.50 730.39
145.00 822.20
145.50 720.92
146.00 713.38
146.50 711.36
147.00 758.11
147.50 774.51
148.00 842.50
148.50 706.75
149.00 747.42
149.50 693.37
150.00 774.43
150.50 742.72
151.00 750.72
151.50 717.43
152.00 785.79
152.50 646.20
153.00 728.83
153.50 1.15
154.00 323.97
154.50 344.49
155.00 278.03
155.50 693.74
156.00 758.88
156.50 787.34
157.00 776.64
157.50 694.74
158.00 770.42
158.50 730.22
159.00 740.28
159.50 770.73
160.00 783.83
160.50 715.67
161.00 694.98
161.50 657.18
162.00 141.30
162.50 263.11
163.00 681.13
163.50 796.58
164.00 732.47
164.50 622.10
165.00 677.88
165.50 724.39
166.00 851.39
166.50 826.91
167.00 748.02
167.50 857.88
168.00 826.72
168.50 747.88
169.00 792.69
169.50 782.08
170.00 740.75
170.50 826.14
171.00 565.26
171.50 694.55
172.00 17.05
172.50 13.41
173.00 19.25
173.50 324.60
174.00 752.22
174.50 848.41
175.00 853.48
175.50 837.79
176.00 827.15
176.50 879.73
177.00 871.39
177.50 658.02
178.00 139.83
178.50 812.76
179.00 703.36
179.50 711.33
180.00 702.36
180.50 725.36
181.00 673.44
181.50 799.95
182.00 712.84
182.50 699.10
183.00 287.45
183.50 6.14
184.00 0.00
184.50 337.74
185.00 217.79
185.50 255.34
186.00 0.00
186.50 27.94
187.00 224.58
187.50 722.95
188.00 702.66
188.50 807.48
189.00 829.44
189.50 852.55
190.00 845.40
190.50 837.21
191.00 839.07
191.50 703.83
192.00 739.41
192.50 362.54
193.00 691.83
193.50 853.05
194.00 794.02
194.50 293.82
195.00 50.89
195.50 356.74
196.00 743.64
196.50 762.07
197.00 765.98
197.50 105.63
198.00 2.83
198.50 4.39
199.00 19.06
199.50 819.37
200.00 777.13
200.50 758.00
201.00 773.40
201.50 713.52
202.00 729.17
202.50 791.60
203.00 820.26
203.50 686.09
204.00 734.70
204.50 767.38
205.00 793.61
205.50 842.06
206.00 636.74
206.50 641.85
207.00 736.36
207.50 683.07
208.00 781.20
208.50 673.19
209.00 484.80
209.50 121.65
210.00 705.56
210.50 748.69
211.00 744.20
211.50 732.84
212.00 740.65
212.50 756.70
213.00 738.06
213.50 709.48
214.00 711.60
214.50 740.01
215.00 754.54
215.50 712.90
216.00 703.41
216.50 761.45
217.00 781.53
217.50 711.23
218.00 797.40
218.50 843.65
219.00 824.09
219.50 826.28
220.00 863.05
220.50 855.76
221.00 689.98
221.50 669.38
222.00 730.14
222.50 680.55
223.00 735.37
223.50 770.33
224.00 747.95
224.50 768.11
225.00 758.56
225.50 746.68
226.00 697.93
226.50 765.37
227.00 743.50
227.50 696.22
228.00 737.41
228.50 767.17
229.00 775.49
229.50 718.29
230.00 783.04
230.50 743.05
231.00 660.68
231.50 723.23
232.00 733.11
232.50 750.91
233.00 698.46
233.50 714.47
234.00 699.11
234.50 736.25
235.00 699.99
235.50 764.54
236.00 699.06
236.50 718.52
237.00 699.13
237.50 764.50
238.00 729.60
238.50 705.80
239.00 775.46
239.50 728.97
240.00 714.78
240.50 755.81
241.00 713.06
241.50 794.87
242.00 749.20
242.50 794.85
243.00 727.63
243.50 721.75
244.00 720.93
244.50 752.11
245.00 711.87
245.50 718.54
246.00 687.93
246.50 804.51
247.00 684.90
247.50 782.11
248.00 709.18
248.50 590.81
249.00 228.87
249.50 719.12
250.00 873.08
250.50 719.10
251.00 715.98
251.50 705.67
252.00 752.09
252.50 719.88
253.00 793.26
253.50 758.12
254.00 723.11
254.50 755.38
255.00 759.15
255.50 711.76
256.00 718.58
256.50 739.20
257.00 704.72
257.50 739.28
258.00 706.97
258.50 784.16
259.00 709.85
259.50 744.13
260.00 740.46
260.50 773.77
261.00 741.51
261.50 762.87
262.00 709.67
262.50 755.93
263.00 714.93
263.50 738.22
264.00 795.66
264.50 729.43
265.00 681.97
265.50 731.43
266.00 770.16
266.50 832.68
267.00 739.84
267.50 774.34
268.00 707.83
268.50 738.32
269.00 788.83
269.50 674.11
270.00 729.93
270.50 702.25
271.00 770.27
271.50 741.80
272.00 802.46
272.50 736.42
273.00 691.82
273.50 700.15
274.00 739.57
274.50 762.21
275.00 506.91
275.50 209.26
276.00 750.85
276.50 760.42
277.00 763.17
277.50 695.53
278.00 739.11
278.50 746.75
279.00 744.41
279.50 778.83
280.00 781.28
280.50 743.31
281.00 788.11
281.50 752.21
282.00 718.52
282.50 748.12
283.00 731.46
283.50 708.58
284.00 737.46
284.50 772.13
285.00 706.52
285.50 722.56
286.00 742.76
286.50 681.84
287.00 812.25
287.50 676.12
288.00 719.57
288.50 751.10
289.00 778.67
289.50 673.01
290.00 739.98
290.50 803.04
291.00 571.50
291.50 219.43
292.00 662.64
292.50 350.50
293.00 269.70
293.50 0.00
294.00 256.56
294.50 387.79
295.00 510.24
295.50 0.00
296.00 651.15
296.50 5.18
297.00 740.01
297.50 729.34
298.00 864.41
298.50 576.79
299.00 759.05
299.50 710.53
