705
734
724
789
845
856
833
845
849
847
839
784
753
711
728
482
690
845
849
847
854
851
816
711
631
312
98.7
203
5.56
73.4
182
104
6.15
44.2
1.90
151
49.5
0.0
361
617
690
742
763
774
812
810
533
579
23.5
0.0
0.0
0.0
0.0
58.7
526
648
763
648
703
216
403
531
755
814
666
2.32
300
654
277
222
554
315
522
327
554
11.9
23.2
16.8
9.96
0.0
0.0
0.0
0.0
0.0
214
593
359
518
428
738
585
254
134
776
841
839
826
717
747
740
736
459
4.29
30.2
6.65
14.1
209
0.0
0.0
545
761
795
816
816
814
833
826
828
830
763
738
671
663
747
828
707
747
514
2.20
0.0
0.0
0.0
0.0
340
744
431
30.1
627
688
744
768
778
835
820
267
175
612
703
728
753
791
795
799
826
841
845
856
839
837
467
4.63
18.9
682
719
705
789
818
816
837
833
126
0.0
428
843
818
851
776
736
726
833
675
629
480
319
667
898
728
644
826
849
201
2.10
554
763
835
875
203
650
629
732
843
740
747
751
740
736
161
520
26.6
29.4
581
283
6.14
0.0
23.1
562
585
136
96.1
2.66
472
631
675
747
789
786
744
173
37.7
659
717
698
220
54.8
617
795
860
849
843
400
552
749
747
650
482
740
801
709
22.0
0.0
226
675
709
765
776
711
820
864
856
849
837
845
778
738
593
881
872
877
895
365
51.3
0.0
0.0
0.0
0.0
0.0
0.0
0.0
0.0
340
667
3.02
298
602
690
715
749
780
784
814
717
46.4
139
598
38.9
0.0
0.0
0.0
0.0
172
428
671
724
751
795
759
807
797
835
807
822
835
721
35.1
369
786
816
822
837
818
828
824
830
843
814
728
724
740
736
732
740
744
740
742
742
721
751
742
740
732
768
851
864
837
839
851
858
883
845
843
738
340
843
902
889
812
851
866
862
803
728
826
847
841
854
755
602
112
0.0
0.0
226
721
801
780
843
868
816
732
738
736
742
721
858
791
717
640
667
705
805
839
826
694
698
409
738
635
447
736
738
749
841
837
847
868
721
757
732
738
736
845
851
856
847
845
875
854
881
271
30.7
31.5
62.7
262
50.3
591
671
724
770
566
22.3
18.9
57.2
3.71
33.6
476
247
707
757
734
732
696
134
0.0
96.5
690
763
807
822
828
833
847
845
854
879
845
780
711
738
212
0.0
0.0
2.10
352
724
849
851
856
851
854
868
860
847
864
841
757
738
414
4.40
0.0
514
740
171
180
446
325
736
329
705
866
127
728
428
786
763
717
721
839
774
703
805
845
713
747
742
751
715
726
652
690
419
776
172
127
55.6
159
8.60
195
241
596
621
638
669
197
614
667
698
713
669
749
835
833
849
841
843
854
851
721
549
302
682
642
671
740
721
753
732
734
724
713
749
816
862
858
868
854
858
847
755
581
199
713
709
690
898
531
736
749
738
732
751
719
717
719
740
696
149
625
728
740
824
776
736
732
786
200
155
239
642
816
833
839
841
847
759
755
847
858
845
810
736
738
742
728
747
736
833
864
833
573
573
786
468
814
812
417
8.35
566
837
830
858
778
240
730
728
732
726
736
463
9.40
144
0.0
187
763
42.6
34.1
371
644
759
742
810
824
812
843
136
455
277
696
789
816
833
824
428
785
41.9
669
526
673
742
740
738
799
845
866
843
866
839
845
849
854
860
590