656 
694 
707 
721 
803 
730 
789 
715 
738 
791 
751 
780 
688 
577 
784 
732 
617 
654 
717 
761 
810 
709 
728 
747 
715 
784 
635 
606 
761 
623 
719 
742 
715 
728 
778 
749 
786 
765 
724 
644 
719 
707 
759 
734 
677 
700 
717 
726 
713 
717 
719 
719 
719 
807 
740 
694 
713 
713 
724 
705 
814 
749 
747 
715 
703 
776 
717 
734 
719 
812 
845 
839 
732 
713 
734 
728 
763 
782 
791 
736 
801 
734 
749 
824 
730 
793 
730 
749 
734 
719 
810 
724 
711 
768 
719 
719 
812 
810 
780 
732 
711 
784 
841 
715 
726 
801 
721 
726 
744 
749 
717 
717 
724 
715 
732 
757 
472 
721 
711 
749 
715 
820 
719 
631 
638 
732 
724 
646 
703 
747 
786 
818 
736 
761 
774 
740 
744 
810 
707 
721 
724 
499 
631 
747 
728 
744 
719 
726 
707 
786 
818 
828 
721 
734 
709 
703 
709 
780 
778 
694 
719 
724 
717 
726 
740 
707 
713 
728 
717 
711 
719 
698 
770 
839 
778 
694 
728 
780 
751 
740 
717 
726 
726 
782 
705 
294 
707 
707 
713 
724 
732 
761 
812 
807 
763 
749 
709 
692 
778 
713 
736 
770 
730 
768 
763 
715 
715 
703 
761 
728 
659 
734 
709 
730 
807 
744 
753 
761 
711 
713 
717 
799 
747 
797 
780 
715 
742 
805 
715 
770 
734 
518 
700 
765 
742 
833 
732 
776 
835 
772 
730 
705 
661 
730 
782 
759 
761 
736 
780 
610 
652 
717 
728 
726 
724 
747 
719 
755 
799 
724 
713 
740 
709 
728 
721 
734 
715 
793 
713 
721 
824 
833 
736 
711 
713 
721 
713 
734 
734 
686 
724 
759 
818 
734 
711 
734 
795 
740 
690 
340 
747 
784 
703 
736 
749 
730 
740 
713 
728 
726 
726 
726 
728 
730 
744 
726 
732 
707 
736 
724 
333 
631 
774 
814 
784 
753 
711 
768 
757 
747 
711 
428 
744 
711 
726 
721 
724 
703 
715 
717 
667 
719 
721 
744 
841 
837 
805 
736 
835 
732 
740 
805 
770 
719 
797 
703 
696 
826 
786 
749 
728 
719 
736 
711 
768 
751 
698 
589 
593 
734 
711 
770 
795 
757 
778 
715 
717 
774 
742 
726 
715 
778 
726 
726 
715 
740 
717 
814 
724 
713 
770 
753 
797 
698 
801 
786 
763 
717 
577 
753 
812 
719 
744 
845 
789 
703 
768 
757 
803 
776 
489 
633 
755 
753 
724 
738 
734 
713 
728 
786 
791 
719 
719 
736 
721 
721 
757 
721 
724 
728 
789 
719 
736 
789 
705 
728 
717 
784 
814 
835 
828 
742 
719 
732 
717 
476 
694 
717 
793 
719 
730 
713 
717 
705 
726 
726 
820 
765 
747 
734 
757 
721 
755 
738 
161 
692 
786 
728 
738 
791 
728 
654 
713 
740 
730 
820 
793 
753 
717 
744 
736 
755 
742 
554 
698 
730 
721 
705 
717 
778 
768 
757 
719 
724 
719 
705 
791 
805 
721 
709 
732 
711 
604 
700 
724 
734 
715 
740 
726 
749 
711 
732 
728 
715 
719 
721 
810 
736 
728 
724 
703 
768 
818 
700 
734 
719 
711 
742 
732 
755 
713 
757 
782 
738 
728 
778 
711 
791 
747 
789 
732 
719 
724 
774 
738 
736 
732 
744 
751 
747 
807 
537 
742 
724 
709 
812 
835 
747 
717 
730 
663 
711 
730 
721 
711 
768 
717 
721 
520 
591 
780 
742 
778 
744 
713 
799 
768 
711 
724 
730 
719 
468 
780 
751 
755 
709 
747 
742 
751 
820 
772 
736 
709 
740 
757 
734 
730 
724 
740 
726 
719 
703 
426 
721 
780 
761 
736 
776 
705 
755 
820 
757 
715 
602 
759 
717 
715 
719 
721 
719 
738 
734 
726 
711 
401 
713 
776 
843 
730 
711 
768 
751 
753 
721 
761 
671 
742 
770 
698 
721 
728 
736 
742 
793 
717 
728 
782 
749 
728 
776 
747 
738 
770 
711 
726 
656 
564 
759 
730 
730 
734 
726 
730 
768 
740 
734 
738 
820 
759 
713 
761 
747 
713 
709 
715 
709 
770 
728 
707 
709 
719 
749 
763 
742 
724 
793 
707 
778 
703 
715 
770 
765 
763 
736 
854 
747 
711 
717 
755 
732 
765 
742 
713 
736 
734 
709 
719 
719 
757 
709 